80 1 51 10
1 1 0
1 1 1
2 1 2 3
1 1 4
1 1 5
1 1 6
1 1 7
2 1 8 9
2 1 10 11
2 1 12 13
1 1 14
2 1 15 16
1 1 17
4 2 18 19 20 21
2 1 22 23
1 1 24
2 1 25 26
4 2 27 28 29 30
1 1 31
1 1 32
2 1 33 34
1 1 35
1 1 36
2 1 37 38
1 1 39
1 1 40
3 2 41 42 43
1 1 44
1 1 45
1 1 46
1 1 47
1 1 48
2 1 49 50
3 2 51 52 53
2 1 54 55
1 1 56
1 1 57
1 1 58
2 1 59 60
2 1 61 62
3 2 63 64 65
1 1 66
3 2 67 68 69
1 1 70
2 1 71 72
1 1 73
1 1 74
2 1 75 76
1 1 77
1 1 78
1 1 79
0 90 151 107 80 55 85 91 66 130 97 93 94 40 104 97 102 67 96 91 106 185 157 86 143 191 173 128 187 139 108 198 149 87 90 155 211 234 100 178 131 199 148 150 190 155 175 156 216 144 126
90 0 179 121 101 87 82 39 128 155 53 60 65 61 30 45 57 61 25 47 49 116 85 15 76 146 104 58 116 68 37 160 125 51 74 90 140 163 68 107 68 128 77 79 158 90 127 138 147 79 64
151 179 0 86 122 175 138 168 120 38 151 150 160 163 159 171 149 165 171 174 148 203 229 173 180 123 163 187 259 211 180 109 269 184 156 170 220 306 150 239 170 274 195 202 301 170 270 93 188 186 166
107 121 86 0 69 131 96 111 75 64 94 94 103 119 102 115 93 108 114 117 91 168 172 116 123 108 150 130 202 154 123 112 222 128 107 113 192 250 94 182 113 217 139 146 244 113 214 53 176 129 109
80 101 122 69 0 96 31 75 48 102 60 56 53 60 80 76 66 63 95 80 71 149 152 96 108 139 139 110 183 138 104 153 174 83 49 120 177 232 64 167 96 197 119 126 225 120 196 91 180 109 93
55 87 175 131 96 0 88 88 92 154 94 90 87 42 101 94 99 64 93 88 104 182 137 84 141 188 171 126 162 129 105 202 125 83 88 152 209 231 97 176 129 196 146 147 161 152 146 178 212 142 126
85 82 138 96 31 88 0 59 66 118 40 41 34 54 61 52 47 43 76 53 52 133 134 77 89 136 120 91 163 119 88 150 166 72 30 101 158 213 44 148 77 178 100 110 207 101 177 116 161 90 74
91 39 168 111 75 88 59 0 110 145 30 37 32 61 45 16 36 45 43 27 34 129 106 35 85 131 116 78 136 89 58 145 129 42 41 96 153 183 50 127 72 148 95 97 177 96 148 127 156 86 70
66 128 120 75 48 92 66 110 0 99 94 91 85 79 112 110 100 97 129 114 103 183 187 124 140 179 171 142 218 170 139 166 184 115 81 151 209 264 98 198 128 229 151 161 226 151 211 124 211 141 125
130 155 38 64 102 154 118 145 99 0 127 127 136 143 134 148 126 142 148 151 124 170 205 149 161 86 128 163 236 191 157 73 248 161 132 149 184 280 127 215 149 248 158 179 278 149 250 70 150 161 146
97 53 151 94 60 94 40 30 94 127 0 8 13 66 33 29 9 33 41 36 22 109 108 50 65 114 96 67 139 94 60 128 154 50 26 76 133 188 26 123 53 153 76 84 182 76 153 108 136 66 50
93 60 150 94 56 90 41 37 91 127 8 0 20 62 39 37 17 33 49 42 30 111 114 55 67 114 98 69 145 97 66 128 152 53 22 78 135 191 26 125 55 156 78 88 185 78 155 111 138 68 52
94 65 160 103 53 87 34 32 85 136 13 20 0 64 46 28 22 27 53 35 36 119 121 62 76 124 108 78 152 104 73 137 147 46 23 88 145 200 34 135 64 165 87 97 194 88 165 120 150 77 62
40 61 163 119 60 42 54 61 79 143 66 62 64 0 75 67 72 36 66 60 78 154 126 57 115 162 145 99 156 108 77 176 124 56 62 126 182 205 69 149 102 170 120 119 174 126 161 149 185 116 100
104 30 159 102 80 101 61 45 112 134 33 39 46 75 0 48 36 54 26 59 23 93 84 25 54 122 81 36 115 67 36 136 135 66 48 73 119 161 47 92 49 126 56 56 156 73 125 117 124 56 43
97 45 171 115 76 94 52 16 110 148 29 37 28 67 48 0 38 35 49 16 38 133 109 41 88 135 119 83 140 95 64 149 135 30 42 100 157 189 50 133 76 154 99 102 183 100 154 130 160 89 74
102 57 149 93 66 99 47 36 100 126 9 17 22 72 36 38 0 40 47 45 26 108 108 52 64 113 95 66 139 94 60 127 158 58 32 76 133 188 33 123 52 153 75 82 182 76 152 106 136 65 49
67 61 165 108 63 64 43 45 97 142 33 33 27 36 54 35 40 0 68 25 45 126 126 57 82 129 113 83 155 111 80 143 127 22 29 93 150 205 37 140 69 170 92 102 187 93 169 124 153 82 67
96 25 171 114 95 93 76 43 129 148 41 49 53 66 26 49 47 68 0 55 41 109 76 20 69 135 96 51 107 61 28 148 125 57 60 85 134 155 62 99 61 120 71 72 149 85 119 131 137 71 59
91 47 174 117 80 88 53 27 114 151 36 42 35 60 59 16 45 25 55 0 49 135 115 43 91 138 122 85 145 97 66 152 135 19 37 102 159 191 46 135 78 156 101 104 185 102 155 133 162 92 76
106 49 148 91 71 104 52 34 103 124 22 30 36 78 23 38 26 45 41 49 0 98 102 44 53 112 86 55 133 85 53 130 153 58 44 66 122 180 38 112 44 145 68 76 174 66 144 108 129 58 39
185 116 203 168 149 182 133 129 183 170 109 111 119 154 93 133 108 126 109 135 98 0 155 111 57 107 43 65 161 153 119 139 180 146 114 103 53 168 119 107 82 136 50 79 204 103 175 147 79 53 77
157 85 229 172 152 137 134 106 187 205 108 114 121 126 84 109 108 126 76 115 102 155 0 80 127 192 142 109 83 49 69 206 70 114 118 143 179 132 119 85 119 97 118 91 126 143 97 188 182 129 116
86 15 173 116 96 84 77 35 124 149 50 55 62 57 25 41 52 57 20 43 44 111 80 0 71 135 98 51 111 61 29 155 120 50 69 85 135 158 63 102 63 122 71 73 152 85 122 133 142 74 58
143 76 180 123 108 141 89 85 140 161 65 67 76 115 54 88 64 82 69 91 53 57 127 71 0 107 45 25 138 109 78 139 158 101 70 58 84 148 75 82 37 116 25 54 180 58 149 144 88 5 33
191 146 123 108 139 188 136 131 179 86 114 114 124 162 122 135 113 129 135 138 112 107 192 135 107 0 66 113 209 175 144 56 229 148 128 106 124 221 114 153 131 188 97 126 251 106 220 64 92 108 125
173 104 163 150 139 171 120 116 171 128 96 98 108 145 81 119 95 113 96 122 86 43 142 98 45 66 0 52 148 137 106 98 168 133 102 75 65 159 106 94 69 127 37 66 190 75 162 107 56 41 64
128 58 187 130 110 126 91 78 142 163 67 69 78 99 36 83 66 83 51 85 55 65 109 51 25 113 52 0 128 91 60 149 148 92 82 70 88 153 77 72 39 120 27 36 170 70 139 146 96 27 40
187 116 259 202 183 162 163 136 218 236 139 145 152 156 115 140 139 155 107 145 133 161 83 111 138 209 148 128 0 105 100 237 50 145 149 173 186 136 150 92 150 99 124 97 63 173 34 218 189 137 147
139 68 211 154 138 129 119 89 170 191 94 97 104 108 67 95 94 111 61 97 85 153 49 61 109 175 137 91 105 0 54 189 87 100 101 125 174 151 105 94 102 116 111 109 147 125 116 175 177 111 99
108 37 180 123 104 105 88 58 139 157 60 66 73 77 36 64 60 80 28 66 53 119 69 29 78 144 106 60 100 54 0 157 118 68 70 94 143 148 74 92 71 113 80 79 142 94 113 139 146 80 68
198 160 109 112 153 202 150 145 166 73 128 128 137 176 136 149 127 143 148 152 130 139 206 155 139 56 98 149 237 189 157 0 257 162 141 119 156 252 128 185 148 224 133 158 278 119 248 68 124 137 143
149 125 269 222 174 125 166 129 184 248 154 152 147 124 135 135 158 127 125 135 153 180 70 120 158 229 168 148 50 87 118 257 0 127 148 193 206 157 160 112 170 118 144 115 92 193 65 239 209 157 167
87 51 184 128 83 83 72 42 115 161 50 53 46 56 66 30 58 22 57 19 58 146 114 50 101 148 133 92 145 100 68 162 127 0 48 112 170 196 57 136 86 159 108 107 186 112 158 143 172 103 85
90 74 156 107 49 88 30 41 81 132 26 22 23 62 48 42 32 29 60 37 44 114 118 69 70 128 102 82 149 101 70 141 148 48 0 82 138 196 29 129 60 169 91 92 191 82 160 115 145 81 56
155 90 170 113 120 152 101 96 151 149 76 78 88 126 73 100 76 93 85 102 66 103 143 85 58 106 75 70 173 125 94 119 193 112 82 0 130 195 83 127 56 163 72 92 215 0 185 125 130 62 43
211 140 220 192 177 209 158 153 209 184 133 135 145 182 119 157 133 150 134 159 122 53 179 135 84 124 65 88 186 174 143 156 206 170 138 130 0 191 144 130 105 159 73 103 227 130 197 163 55 77 102
234 163 306 250 232 231 213 183 264 280 188 191 200 205 161 189 188 205 155 191 180 168 132 158 148 221 159 153 136 151 148 252 157 196 196 195 191 0 199 110 174 60 136 133 91 195 114 259 203 149 167
100 68 150 94 64 97 44 50 98 127 26 26 34 69 47 50 33 37 62 46 38 119 119 63 75 114 106 77 150 105 74 128 160 57 29 83 144 199 0 133 63 164 86 96 193 83 163 109 146 76 60
178 107 239 182 167 176 148 127 198 215 123 125 135 149 92 133 123 140 99 135 112 107 85 102 82 153 94 72 92 94 92 185 112 136 129 127 130 110 133 0 97 78 69 42 133 127 106 193 138 81 97
131 68 170 113 96 129 77 72 128 149 53 55 64 102 49 76 52 69 61 78 44 82 119 63 37 131 69 39 150 102 71 148 170 86 60 56 105 174 63 97 0 140 50 60 192 56 161 133 113 40 27
199 128 274 217 197 196 178 148 229 248 153 156 165 170 126 154 153 170 120 156 145 136 97 122 116 188 127 120 99 116 113 224 118 159 169 163 159 60 164 78 140 0 104 100 113 163 110 227 171 116 134
148 77 195 139 119 146 100 95 151 158 76 78 87 120 56 99 75 92 71 101 68 50 118 71 25 97 37 27 124 111 80 133 144 108 91 72 73 136 86 69 50 104 0 42 166 72 136 136 81 27 44
150 79 202 146 126 147 110 97 161 179 84 88 97 119 56 102 82 102 72 104 76 79 91 73 54 126 66 36 97 109 79 158 115 107 92 92 103 133 96 42 60 100 42 0 140 92 110 161 106 55 60
190 158 301 244 225 161 207 177 226 278 182 185 194 174 156 183 182 187 149 185 174 204 126 152 180 251 190 170 63 147 142 278 92 186 191 215 227 91 193 133 192 113 166 140 0 215 44 263 230 179 189
155 90 170 113 120 152 101 96 151 149 76 78 88 126 73 100 76 93 85 102 66 103 143 85 58 106 75 70 173 125 94 119 193 112 82 0 130 195 83 127 56 163 72 92 215 0 185 125 130 62 43
175 127 270 214 196 146 177 148 211 250 153 155 165 161 125 154 152 169 119 155 144 175 97 122 149 220 162 139 34 116 113 248 65 158 160 185 197 114 163 106 161 110 136 110 44 185 0 233 206 149 159
156 138 93 53 91 178 116 127 124 70 108 111 120 149 117 130 106 124 131 133 108 147 188 133 144 64 107 146 218 175 139 68 239 143 115 125 163 259 109 193 133 227 136 161 263 125 233 0 128 140 130
216 147 188 176 180 212 161 156 211 150 136 138 150 185 124 160 136 153 137 162 129 79 182 142 88 92 56 96 189 177 146 124 209 172 145 130 55 203 146 138 113 171 81 106 230 130 206 128 0 84 108
144 79 186 129 109 142 90 86 141 161 66 68 77 116 56 89 65 82 71 92 58 53 129 74 5 108 41 27 137 111 80 137 157 103 81 62 77 149 76 81 40 116 27 55 179 62 149 140 84 0 34
126 64 166 109 93 126 74 70 125 146 50 52 62 100 43 74 49 67 59 76 39 77 116 58 33 125 64 40 147 99 68 143 167 85 56 43 102 167 60 97 27 134 44 60 189 43 159 130 108 34 0
1 1 1 1 1 1 1 1 1 1 1 1 1 1 1 1 1 1 1 1 1 1 1 1 1 1 1 1 1 1 1 1 1 1 1 1 1 1 1 1 1 1 1 1 1 1 1 1 1 1 1 1 1 1 1 1 1 1 1 1 1 1 1 1 1 1 1 1 1 1 1 1 1 1 1 1 1 1 1 1
