0,MiaoAlgo,i04,0,3
NrSuccesfullMatchings,5056,NrInfeasibleMatchings,0
Time,Value 
90,4481
60,4485
30,4516
0,4568
Final, 4469,104

Round,H_team,A_team 
0,24,0
0,39,1
0,85,2
0,3,7
0,4,83
0,5,116
0,6,49
0,68,8
0,139,9
0,25,10
0,37,11
0,12,140
0,21,13
0,14,62
0,60,15
0,16,95
0,30,17
0,19,18
0,20,40
0,22,58
0,23,32
0,26,91
0,27,133
0,137,28
0,29,105
0,31,43
0,33,82
0,132,34
0,136,35
0,90,36
0,100,38
0,41,102
0,42,45
0,44,103
0,138,46
0,78,47
0,104,48
0,107,50
0,51,53
0,52,59
0,54,55
0,63,56
0,61,57
0,67,64
0,72,65
0,109,66
0,111,69
0,70,110
0,74,71
0,73,75
0,76,77
0,79,134
0,80,81
0,84,119
0,86,120
0,88,87
0,143,89
0,121,92
0,93,135
0,94,129
0,96,122
0,97,142
0,126,98
0,101,99
0,106,108
0,115,112
0,113,117
0,131,114
0,118,141
0,128,123
0,127,124
0,125,130
1,0,45
1,1,105
1,2,76
1,3,121
1,82,4
1,5,79
1,48,6
1,7,118
1,8,75
1,9,41
1,10,137
1,38,11
1,55,12
1,13,80
1,43,14
1,59,15
1,133,16
1,17,31
1,18,33
1,119,19
1,100,20
1,50,21
1,71,22
1,103,23
1,99,24
1,46,25
1,123,26
1,53,27
1,28,34
1,29,39
1,108,30
1,32,44
1,35,143
1,36,132
1,40,37
1,42,106
1,47,107
1,49,104
1,141,51
1,56,52
1,54,60
1,57,115
1,58,139
1,62,61
1,130,63
1,64,113
1,65,74
1,66,136
1,67,109
1,69,68
1,114,70
1,117,72
1,73,111
1,77,85
1,81,78
1,83,86
1,116,84
1,87,90
1,120,88
1,89,128
1,91,92
1,142,93
1,140,94
1,95,96
1,129,97
1,124,98
1,102,101
1,110,138
1,112,135
1,122,131
1,134,125
1,127,126
2,0,99
2,41,1
2,34,2
2,118,3
2,4,18
2,80,5
2,6,104
2,85,7
2,8,77
2,143,9
2,46,10
2,11,103
2,12,54
2,137,13
2,14,81
2,15,56
2,16,142
2,61,17
2,19,28
2,45,20
2,135,21
2,22,115
2,23,43
2,101,24
2,25,102
2,26,136
2,27,140
2,37,29
2,30,32
2,31,108
2,33,83
2,35,36
2,40,38
2,39,100
2,51,42
2,78,44
2,105,47
2,48,50
2,107,49
2,52,58
2,106,53
2,55,138
2,60,57
2,59,112
2,133,62
2,63,134
2,64,114
2,65,71
2,70,66
2,111,67
2,68,113
2,75,69
2,84,72
2,76,73
2,74,79
2,86,82
2,92,87
2,88,90
2,89,121
2,123,91
2,93,130
2,94,139
2,95,129
2,96,127
2,97,132
2,98,122
2,109,110
2,116,120
2,117,119
2,126,124
2,125,141
2,131,128
3,42,0
3,1,100
3,2,4
3,3,85
3,5,86
3,81,6
3,7,76
3,69,8
3,9,25
3,10,134
3,50,11
3,130,12
3,13,48
3,14,61
3,62,15
3,16,96
3,17,106
3,18,116
3,82,19
3,20,23
3,21,46
3,22,74
3,24,45
3,90,26
3,142,27
3,28,143
3,29,40
3,53,30
3,31,103
3,32,43
3,84,33
3,129,34
3,87,35
3,36,135
3,47,37
3,38,105
3,102,39
3,99,41
3,44,108
3,49,78
3,57,51
3,54,52
3,56,55
3,58,71
3,115,59
3,112,60
3,132,63
3,72,64
3,113,65
3,66,133
3,67,70
3,119,68
3,73,109
3,75,117
3,77,111
3,79,80
3,83,137
3,88,92
3,91,89
3,141,93
3,136,94
3,140,95
3,139,97
3,98,127
3,138,101
3,104,107
3,110,114
3,128,118
3,120,131
3,121,123
3,122,126
3,124,125
4,0,20
4,40,1
4,35,2
4,133,3
4,4,80
4,104,5
4,6,78
4,135,7
4,8,73
4,9,140
4,141,10
4,11,29
4,12,142
4,107,13
4,103,14
4,15,143
4,131,16
4,108,17
4,82,18
4,34,19
4,90,21
4,59,22
4,23,47
4,100,24
4,25,39
4,26,87
4,27,139
4,85,28
4,30,42
4,32,31
4,33,74
4,86,36
4,37,38
4,41,138
4,43,44
4,45,53
4,46,88
4,49,48
4,105,50
4,51,137
4,52,63
4,56,54
4,55,136
4,106,57
4,114,58
4,60,62
4,61,112
4,64,65
4,110,66
4,134,67
4,68,75
4,77,69
4,109,70
4,71,72
4,76,119
4,116,79
4,115,81
4,83,120
4,117,84
4,89,124
4,127,91
4,92,128
4,97,93
4,94,96
4,95,98
4,99,102
4,101,132
4,111,113
4,118,121
4,123,122
4,125,126
4,130,129
5,0,101
5,1,102
5,28,2
5,3,76
5,74,4
5,81,5
5,80,6
5,7,133
5,72,8
5,142,9
5,10,136
5,78,11
5,53,12
5,13,104
5,14,108
5,61,15
5,16,129
5,17,43
5,18,118
5,19,33
5,20,24
5,21,92
5,112,22
5,44,23
5,29,25
5,88,26
5,42,27
5,31,30
5,62,32
5,34,131
5,35,86
5,36,87
5,139,37
5,38,99
5,39,105
5,140,40
5,137,41
5,45,100
5,46,90
5,47,103
5,48,107
5,50,49
5,106,51
5,143,52
5,57,54
5,134,55
5,59,56
5,58,110
5,63,60
5,70,64
5,65,114
5,66,67
5,84,68
5,69,117
5,71,115
5,73,77
5,75,111
5,79,83
5,120,82
5,121,85
5,123,89
5,91,132
5,93,94
5,138,95
5,96,125
5,98,97
5,113,109
5,119,116
5,128,122
5,124,141
5,126,130
5,135,127
6,132,0
6,25,1
6,2,137
6,19,3
6,4,33
6,5,83
6,6,44
6,18,7
6,8,84
6,9,138
6,10,39
6,11,20
6,12,51
6,49,13
6,115,14
6,15,31
6,143,16
6,17,62
6,21,88
6,22,79
6,40,23
6,24,42
6,26,124
6,27,45
6,129,28
6,38,29
6,30,106
6,32,78
6,141,34
6,90,35
6,133,36
6,105,37
6,101,41
6,43,107
6,136,46
6,50,47
6,86,48
6,52,57
6,108,53
6,54,61
6,55,142
6,60,56
6,112,58
6,63,59
6,64,117
6,109,65
6,131,66
6,67,140
6,76,68
6,69,73
6,111,70
6,114,71
6,113,72
6,116,74
6,77,75
6,103,80
6,104,81
6,82,119
6,85,118
6,87,120
6,89,126
6,122,91
6,92,123
6,95,93
6,94,98
6,97,96
6,100,99
6,102,139
6,110,134
6,130,121
6,125,135
6,127,128
7,0,142
7,1,29
7,2,8
7,3,82
7,84,4
7,74,5
7,33,6
7,7,19
7,137,9
7,138,10
7,23,11
7,27,12
7,13,50
7,80,14
7,53,15
7,139,16
7,42,17
7,28,18
7,20,38
7,87,21
7,72,22
7,134,24
7,25,136
7,121,26
7,51,30
7,62,31
7,32,40
7,34,35
7,140,36
7,37,100
7,41,39
7,43,103
7,81,44
7,45,106
7,107,46
7,47,49
7,48,78
7,114,52
7,59,54
7,55,60
7,56,110
7,57,112
7,65,58
7,108,61
7,135,63
7,71,64
7,66,111
7,73,67
7,68,109
7,119,69
7,70,143
7,75,113
7,118,76
7,117,77
7,79,115
7,83,104
7,128,85
7,86,116
7,91,88
7,122,89
7,120,90
7,126,92
7,93,131
7,97,94
7,132,95
7,96,129
7,98,125
7,99,141
7,133,101
7,105,102
7,123,127
7,124,130
8,100,0
8,38,1
8,77,2
8,18,3
8,6,4
8,115,5
8,82,7
8,8,71
8,9,133
8,29,10
8,11,43
8,60,12
8,13,47
8,14,48
8,15,52
8,16,98
8,44,17
8,116,19
8,106,20
8,21,120
8,22,65
8,23,107
8,24,41
8,101,25
8,46,26
8,30,27
8,28,33
8,31,143
8,103,32
8,36,34
8,35,83
8,50,37
8,39,139
8,40,105
8,53,42
8,99,45
8,49,81
8,51,108
8,54,140
8,63,55
8,138,56
8,57,62
8,58,70
8,61,59
8,64,68
8,142,66
8,67,117
8,69,84
8,72,74
8,113,73
8,76,75
8,78,80
8,112,79
8,85,119
8,104,86
8,129,87
8,88,137
8,92,89
8,90,91
8,93,96
8,94,132
8,95,97
8,102,134
8,111,109
8,110,130
8,136,114
8,135,118
8,128,121
8,141,122
8,126,123
8,131,124
8,127,125
9,0,106
9,20,1
9,2,82
9,3,88
9,4,22
9,5,6
9,89,7
9,76,8
9,39,9
9,10,131
9,11,40
9,12,57
9,87,13
9,78,14
9,15,27
9,140,16
9,17,53
9,119,18
9,19,85
9,26,21
9,49,23
9,24,38
9,41,25
9,86,28
9,47,29
9,43,30
9,48,31
9,32,61
9,33,72
9,34,95
9,129,35
9,36,46
9,37,107
9,143,42
9,80,44
9,45,51
9,50,104
9,52,60
9,139,54
9,55,141
9,56,136
9,59,58
9,62,115
9,114,63
9,75,64
9,65,67
9,66,135
9,68,73
9,109,69
9,70,113
9,71,112
9,74,84
9,118,77
9,79,81
9,83,116
9,92,90
9,91,128
9,98,93
9,142,94
9,96,126
9,133,97
9,134,99
9,105,100
9,137,101
9,130,102
9,108,103
9,132,110
9,117,111
9,120,121
9,122,127
9,124,123
9,125,138
10,53,0
10,1,24
10,2,19
10,128,3
10,4,86
10,22,5
10,6,11
10,7,92
10,8,66
10,9,134
10,90,10
10,12,15
10,88,13
10,14,79
10,16,137
10,103,17
10,18,120
10,99,20
10,21,49
10,23,37
10,25,142
10,141,26
10,27,143
10,28,76
10,29,50
10,30,45
10,31,133
10,106,32
10,35,33
10,85,34
10,83,36
10,102,38
10,46,39
10,40,43
10,100,41
10,42,108
10,44,47
10,81,48
10,51,60
10,52,55
10,54,132
10,58,56
10,57,59
10,61,115
10,62,80
10,63,110
10,64,109
10,65,70
10,67,114
10,111,68
10,113,69
10,84,71
10,116,72
10,73,117
10,112,74
10,119,75
10,77,139
10,104,78
10,82,118
10,121,87
10,127,89
10,126,91
10,93,129
10,94,95
10,138,96
10,97,140
10,123,98
10,101,130
10,107,105
10,136,122
10,135,124
10,131,125
11,0,30
11,37,1
11,18,2
11,3,120
11,19,4
11,5,84
11,79,6
11,121,7
11,8,85
11,130,9
11,10,135
11,11,31
11,56,12
11,13,90
11,44,14
11,15,63
11,134,16
11,17,27
11,20,53
11,107,21
11,33,22
11,45,23
11,24,40
11,105,25
11,26,126
11,36,28
11,41,29
11,32,42
11,34,94
11,95,35
11,38,50
11,39,101
11,43,106
11,87,46
11,47,104
11,48,83
11,80,49
11,55,51
11,110,52
11,137,54
11,108,57
11,115,58
11,59,62
11,60,61
11,66,64
11,117,65
11,75,67
11,68,77
11,69,76
11,70,73
11,71,113
11,72,111
11,81,74
11,78,103
11,116,82
11,86,88
11,89,141
11,124,91
11,92,127
11,140,93
11,96,123
11,143,97
11,98,128
11,142,99
11,139,100
11,132,102
11,109,138
11,114,112
11,118,119
11,122,133
11,125,136
11,129,131
12,102,0
12,1,137
12,2,33
12,123,3
12,4,48
12,112,5
12,6,14
12,7,116
12,64,8
12,9,132
12,142,10
12,25,11
12,52,12
12,46,13
12,30,15
12,16,97
12,20,17
12,76,18
12,118,19
12,21,86
12,22,114
12,23,78
12,53,24
12,26,92
12,27,106
12,35,28
12,100,29
12,31,61
12,108,32
12,90,34
12,50,36
12,103,37
12,38,39
12,40,107
12,105,41
12,99,42
12,47,43
12,49,44
12,101,45
12,51,140
12,54,115
12,57,55
12,135,56
12,58,72
12,60,59
12,62,81
12,63,143
12,65,66
12,67,110
12,68,117
12,85,69
12,74,70
12,111,71
12,73,119
12,84,75
12,77,113
12,120,79
12,104,80
12,83,82
12,128,87
12,88,89
12,91,121
12,93,139
12,94,134
12,136,95
12,96,124
12,129,98
12,141,109
12,138,122
12,133,125
12,126,131
12,127,130
13,41,0
13,1,101
13,75,2
13,89,3
13,28,4
13,5,49
13,107,6
13,7,128
13,74,8
13,136,9
13,10,50
13,11,32
13,12,63
13,13,83
13,14,104
13,15,138
13,130,16
13,17,60
13,34,18
13,19,77
13,37,20
13,91,21
13,70,22
13,106,23
13,24,51
13,140,25
13,125,26
13,56,27
13,29,46
13,103,30
13,42,31
13,33,86
13,82,35
13,36,129
13,45,38
13,39,40
13,43,108
13,44,62
13,48,47
13,115,52
13,61,53
13,114,54
13,143,55
13,58,57
13,71,59
13,69,64
13,110,65
13,66,73
13,113,67
13,72,68
13,117,76
13,78,105
13,79,84
13,80,116
13,81,112
13,120,85
13,87,123
13,121,88
13,97,90
13,92,118
13,134,93
13,137,94
13,95,141
13,98,96
13,139,99
13,102,100
13,109,133
13,119,111
13,122,135
13,124,142
13,132,126
13,131,127
