1,MiaoAlgo,i05,0,100
Time,Value 
2790,3237
2760,3237
2730,3237
2700,3237
2670,3237
2640,3237
2610,3237
2580,3237
2550,3237
2520,3237
2490,3237
2460,3237
2430,3238
2400,3238
2370,3238
2340,3238
2310,3238
2280,3238
2250,3238
2220,3238
2190,3238
2160,3238
2130,3238
2100,3238
2070,3238
2040,3238
2010,3238
1980,3238
1950,3238
1920,3238
1890,3238
1860,3238
1830,3238
1800,3238
1770,3238
840,3239
810,3239
780,3243
750,3246
720,3246
690,3246
660,3246
630,3246
600,3246
570,3248
540,3248
510,3248
480,3248
450,3248
420,3248
390,3249
0,3365
30,3268
60,3263
90,3263
120,3251
150,3250
180,3250
210,3250
240,3249
270,3249
300,3249
330,3249
360,3249
870,3239
900,3239
930,3239
960,3239
990,3239
1020,3239
1050,3239
1080,3239
1110,3239
1140,3239
1170,3239
1200,3239
1230,3239
1260,3239
1290,3238
1320,3238
1350,3238
1380,3238
1410,3238
1440,3238
1470,3238
1500,3238
1530,3238
1560,3238
1590,3238
1620,3238
1650,3238
1680,3238
1710,3238
1740,3238
Final, 3237,2863

Round,H_team,A_team 
0,9,0
0,10,1
0,47,2
0,3,35
0,4,22
0,15,5
0,7,6
0,8,16
0,23,11
0,51,12
0,43,13
0,28,14
0,26,17
0,24,18
0,31,19
0,20,21
0,25,41
0,42,27
0,32,29
0,30,49
0,33,52
0,34,48
0,59,36
0,37,54
0,40,38
0,60,39
0,44,62
0,45,63
0,46,61
0,50,53
0,57,55
0,58,56
1,0,23
1,1,26
1,2,16
1,3,53
1,35,4
1,5,63
1,49,6
1,48,7
1,19,8
1,61,9
1,62,10
1,11,25
1,12,50
1,13,40
1,14,17
1,15,37
1,22,18
1,58,20
1,21,45
1,38,24
1,27,28
1,29,30
1,32,31
1,33,34
1,36,60
1,39,56
1,41,44
1,42,43
1,46,47
1,57,51
1,52,54
1,55,59
2,11,0
2,25,1
2,6,2
2,22,3
2,21,4
2,62,5
2,31,7
2,8,47
2,44,9
2,10,58
2,52,12
2,13,27
2,26,14
2,35,15
2,16,48
2,17,61
2,18,38
2,19,32
2,20,60
2,24,23
2,28,42
2,29,49
2,30,46
2,53,33
2,34,37
2,39,36
2,43,40
2,45,41
2,54,50
2,51,55
2,56,59
2,63,57
3,60,0
3,1,17
3,2,18
3,3,52
3,4,24
3,5,39
3,8,6
3,7,29
3,9,25
3,26,10
3,16,11
3,12,61
3,14,13
3,48,15
3,30,19
3,20,45
3,63,21
3,23,22
3,43,27
3,40,28
3,34,31
3,32,46
3,37,33
3,36,35
3,47,38
3,41,42
3,59,44
3,49,62
3,50,51
3,54,53
3,55,56
3,57,58
4,0,20
4,1,43
4,2,40
4,18,3
4,38,4
4,61,5
4,10,6
4,7,8
4,9,41
4,11,28
4,57,12
4,13,23
4,27,14
4,15,34
4,24,16
4,62,17
4,29,19
4,35,21
4,22,36
4,25,44
4,42,26
4,32,30
4,46,31
4,33,54
4,53,37
4,39,55
4,45,59
4,48,47
4,58,49
4,52,50
4,51,63
4,56,60
5,0,25
5,41,1
5,8,2
5,56,3
5,40,4
5,12,5
5,6,29
5,47,7
5,14,9
5,10,42
5,11,13
5,15,33
5,18,16
5,17,27
5,19,46
5,44,20
5,21,22
5,23,38
5,24,35
5,26,62
5,28,43
5,31,30
5,49,32
5,63,34
5,61,36
5,37,48
5,59,39
5,60,45
5,50,57
5,58,51
5,53,52
5,55,54
6,21,0
6,1,14
6,48,2
6,3,15
6,4,23
6,5,59
6,6,19
6,30,7
6,40,8
6,9,62
6,41,10
6,27,11
6,55,12
6,42,13
6,16,38
6,17,28
6,35,18
6,20,63
6,22,24
6,45,25
6,43,26
6,31,29
6,47,32
6,33,50
6,34,46
6,36,58
6,37,52
6,39,57
6,44,61
6,60,49
6,51,53
6,54,56
7,14,0
7,11,1
7,2,24
7,54,3
7,4,16
7,5,36
7,32,6
7,7,33
7,29,8
7,45,9
7,10,27
7,12,37
7,13,41
7,15,22
7,59,17
7,18,23
7,19,34
7,62,20
7,56,21
7,25,42
7,28,26
7,61,30
7,49,31
7,39,35
7,38,43
7,53,40
7,63,44
7,46,48
7,58,47
7,50,55
7,52,51
7,57,60
8,0,13
8,1,44
8,38,2
8,3,4
8,35,5
8,26,6
8,49,7
8,8,32
8,9,42
8,28,10
8,24,11
8,36,12
8,23,14
8,18,15
8,33,16
8,17,19
8,20,59
8,21,52
8,22,37
8,43,25
8,27,40
8,29,46
8,63,30
8,31,47
8,62,34
8,51,39
8,41,60
8,61,45
8,48,54
8,50,56
8,57,53
8,58,55
9,0,24
9,13,1
9,2,43
9,5,3
9,4,18
9,6,28
9,46,7
9,31,8
9,11,9
9,10,49
9,12,15
9,25,14
9,16,23
9,17,63
9,19,61
9,42,20
9,44,21
9,22,39
9,27,26
9,47,29
9,30,59
9,34,32
9,48,33
9,35,38
9,36,62
9,37,50
9,40,41
9,45,58
9,60,51
9,52,56
9,55,53
9,54,57
10,1,0
10,7,2
10,50,3
10,4,42
10,5,58
10,6,31
10,8,18
10,9,20
10,59,10
10,14,11
10,53,12
10,13,25
10,15,60
10,16,37
10,32,17
10,19,48
10,21,36
10,38,22
10,23,35
10,24,28
10,26,40
10,41,27
10,29,34
10,30,47
10,46,33
10,39,52
10,43,44
10,62,45
10,49,61
10,51,54
10,63,55
10,56,57
11,27,0
11,9,1
11,2,11
11,3,36
11,52,4
11,60,5
11,47,6
11,40,7
11,42,8
11,10,32
11,12,39
11,28,13
11,58,14
11,15,24
11,34,16
11,17,29
11,18,46
11,33,19
11,20,25
11,23,21
11,35,22
11,49,26
11,62,30
11,31,48
11,55,37
11,54,38
11,41,43
11,44,45
11,50,63
11,61,51
11,53,56
11,57,59
12,0,58
12,28,1
12,2,4
12,21,3
12,22,5
12,6,17
12,7,32
12,11,8
12,13,9
12,25,10
12,54,12
12,14,24
12,36,15
12,16,35
12,37,18
12,26,19
12,20,41
12,27,23
12,60,29
12,34,30
12,59,31
12,51,33
12,38,53
12,63,39
12,40,47
12,44,42
12,45,43
12,46,49
12,48,50
12,55,52
12,56,62
12,61,57
13,0,28
13,1,45
13,23,2
13,3,55
13,4,44
13,5,21
13,6,46
13,7,50
13,8,49
13,43,9
13,29,10
13,17,11
13,12,62
13,24,13
13,14,20
13,38,15
13,16,22
13,18,34
13,19,60
13,25,27
13,32,26
13,30,58
13,33,31
13,37,35
13,36,63
13,39,61
13,42,40
13,59,41
13,47,54
13,53,48
13,56,51
13,52,57
