0,Heuristic,100000,7230,100,100000,40,20
Time,Value 
7230,567
7200,567
7170,567
7140,567
7110,567
7080,567
7050,567
7020,567
6990,567
6960,567
6930,567
6900,567
6870,567
6840,567
6810,567
6780,567
6750,567
6720,567
6690,567
6660,567
6630,567
6600,567
6570,567
6540,567
6510,567
6480,567
6450,567
6420,567
6390,567
6360,567
6330,567
6300,567
6270,567
6240,567
6210,567
6180,567
6150,567
6120,567
6090,567
6060,567
6030,567
6000,567
5970,567
5940,567
5910,567
5880,567
5850,567
5820,567
5790,567
5760,567
5730,567
5700,567
5670,567
5640,567
5610,567
5580,567
5550,567
5520,567
5490,567
5460,567
5430,567
5400,567
5370,567
5340,567
5310,567
5280,567
5250,567
5220,567
5190,567
5160,567
5130,567
5100,567
5070,567
5040,567
5010,567
4980,567
4950,567
4920,567
4890,567
4860,567
4830,567
4800,567
4770,567
4740,567
4710,567
4680,567
4650,567
4620,567
4590,567
4560,567
4530,567
4500,567
4470,567
4440,567
4410,567
4380,567
4350,567
4320,567
4290,567
4260,567
4230,567
4200,567
4170,567
4140,567
4110,567
4080,567
4050,567
4020,567
3990,567
3960,567
3930,567
3900,567
3870,567
3840,567
3810,567
1740,567
1710,567
1680,567
1650,567
1620,567
1590,567
1560,567
1530,567
1500,567
1470,567
1440,567
1410,567
1380,567
1350,567
1320,567
1290,567
1260,567
1230,567
1200,567
1170,567
1140,567
1110,567
1080,567
1050,567
1020,567
990,570
960,570
930,570
900,570
870,570
360,570
330,570
300,570
270,570
240,570
210,570
180,570
150,570
120,570
90,570
60,570
30,571
0,595
390,570
420,570
450,570
480,570
510,570
540,570
570,570
600,570
630,570
660,570
690,570
720,570
750,570
780,570
810,570
840,570
1770,567
1800,567
1830,567
1860,567
1890,567
1920,567
1950,567
1980,567
2010,567
2040,567
2070,567
2100,567
2130,567
2160,567
2190,567
2220,567
2250,567
2280,567
2310,567
2340,567
2370,567
2400,567
2430,567
2460,567
2490,567
2520,567
2550,567
2580,567
2610,567
2640,567
2670,567
2700,567
2730,567
2760,567
2790,567
2820,567
2850,567
2880,567
2910,567
2940,567
2970,567
3000,567
3030,567
3060,567
3090,567
3120,567
3150,567
3180,567
3210,567
3240,567
3270,567
3300,567
3330,567
3360,567
3390,567
3420,567
3450,567
3480,567
3510,567
3540,567
3570,567
3600,567
3630,567
3660,567
3690,567
3720,567
3750,567
3780,567
Final, 567,7231

NrViolations,0
Round,H_team,A_team 
0,0,20
0,18,1
0,2,28
0,38,3
0,4,30
0,37,5
0,29,6
0,7,39
0,8,35
0,26,9
0,10,16
0,24,11
0,12,27
0,13,36
0,23,14
0,15,25
0,33,17
0,19,34
0,21,32
0,22,31
1,0,9
1,28,1
1,10,2
1,37,3
1,4,39
1,5,32
1,26,6
1,7,35
1,21,8
1,17,11
1,12,36
1,13,14
1,15,24
1,29,16
1,31,18
1,19,30
1,23,20
1,22,38
1,33,25
1,27,34
2,21,0
2,37,1
2,32,2
2,3,26
2,4,33
2,5,13
2,17,6
2,7,8
2,23,9
2,10,38
2,36,11
2,25,12
2,31,14
2,22,15
2,28,16
2,27,18
2,29,19
2,24,20
2,30,39
2,35,34
3,25,0
3,1,21
3,3,2
3,8,4
3,5,7
3,6,38
3,9,29
3,28,10
3,11,18
3,35,12
3,30,13
3,14,33
3,20,15
3,16,36
3,17,22
3,24,19
3,27,23
3,39,26
3,32,31
3,34,37
4,0,13
4,1,32
4,2,31
4,3,29
4,11,4
4,30,5
4,6,33
4,26,7
4,8,37
4,9,28
4,14,10
4,34,12
4,15,27
4,16,17
4,18,35
4,38,19
4,20,36
4,39,21
4,24,22
4,25,23
5,0,35
5,1,31
5,2,29
5,23,3
5,4,36
5,33,5
5,6,32
5,7,24
5,8,10
5,19,9
5,11,25
5,12,14
5,13,27
5,15,28
5,34,16
5,26,17
5,18,21
5,38,20
5,22,30
5,39,37
6,5,0
6,23,1
6,2,25
6,21,3
6,4,24
6,13,6
6,7,34
6,19,8
6,10,9
6,15,11
6,12,22
6,29,14
6,26,16
6,31,17
6,38,18
6,20,27
6,33,28
6,35,30
6,37,32
6,36,39
7,37,0
7,35,1
7,33,2
7,30,3
7,10,4
7,5,16
7,36,6
7,7,18
7,20,8
7,17,9
7,32,11
7,12,26
7,21,13
7,14,38
7,29,15
7,25,19
7,27,22
7,39,23
7,28,24
7,31,34
8,2,0
8,1,6
8,3,33
8,14,4
8,35,5
8,32,7
8,9,8
8,10,11
8,39,12
8,24,13
8,37,15
8,16,27
8,17,20
8,25,18
8,31,19
8,21,34
8,28,22
8,29,23
8,36,26
8,30,38
9,0,27
9,1,29
9,2,4
9,3,10
9,14,5
9,6,37
9,13,7
9,8,38
9,9,15
9,11,19
9,18,12
9,16,23
9,30,17
9,34,20
9,22,21
9,24,33
9,25,28
9,26,31
9,32,36
9,39,35
10,11,0
10,1,26
10,2,35
10,3,5
10,4,20
10,6,9
10,21,7
10,8,16
10,10,12
10,13,28
10,34,14
10,15,31
10,27,17
10,23,18
10,19,32
10,22,37
10,24,25
10,36,29
10,33,30
10,38,39
11,4,0
11,19,1
11,13,2
11,27,3
11,5,29
11,6,14
11,7,25
11,8,28
11,20,9
11,10,35
11,11,37
11,12,30
11,15,17
11,33,16
11,39,18
11,21,31
11,22,32
11,23,34
11,36,24
11,38,26
12,0,6
12,5,1
12,23,2
12,32,3
12,19,4
12,7,27
12,12,8
12,9,11
12,10,30
12,38,13
12,14,21
12,15,33
12,31,16
12,17,25
12,28,18
12,20,22
12,35,24
12,37,26
12,29,39
12,36,34
13,0,10
13,1,12
13,14,2
13,9,3
13,7,4
13,5,23
13,34,6
13,17,8
13,20,11
13,32,13
13,30,15
13,16,22
13,18,33
13,37,19
13,35,21
13,26,24
13,25,38
13,27,29
13,28,36
13,31,39
14,0,36
14,1,20
14,2,38
14,3,8
14,4,15
14,19,5
14,6,22
14,16,7
14,9,33
14,34,10
14,31,11
14,13,12
14,18,14
14,39,17
14,27,21
14,24,23
14,25,26
14,28,35
14,37,29
14,30,32
15,34,0
15,39,1
15,2,17
15,3,31
15,4,5
15,11,6
15,19,7
15,8,26
15,25,9
15,18,10
15,12,15
15,13,20
15,27,14
15,16,37
15,21,28
15,22,29
15,23,35
15,24,30
15,33,32
15,36,38
16,3,0
16,8,1
16,2,37
16,4,27
16,24,5
16,10,6
16,7,31
16,22,9
16,11,30
16,12,28
16,13,25
16,36,14
16,15,18
16,19,16
16,23,17
16,21,20
16,33,26
16,29,35
16,38,32
16,39,34
17,26,0
17,14,1
17,8,2
17,22,3
17,6,4
17,5,21
17,38,7
17,9,27
17,32,10
17,29,11
17,12,23
17,34,13
17,15,39
17,16,25
17,17,19
17,18,36
17,20,33
17,37,24
17,30,28
17,35,31
18,0,7
18,1,10
18,5,2
18,3,15
18,38,4
18,6,19
18,11,8
18,9,21
18,17,12
18,29,13
18,14,30
18,16,39
18,18,37
18,20,25
18,34,22
18,28,23
18,32,24
18,26,27
18,31,36
18,35,33
19,0,39
19,1,3
19,20,2
19,16,4
19,6,5
19,14,7
19,32,8
19,9,24
19,25,10
19,11,12
19,18,13
19,35,15
19,17,38
19,27,19
19,26,21
19,33,22
19,36,23
19,28,34
19,30,29
19,31,37
