588,Heuristic,100000,7230,1000,100000,40,20
Time,Value 
7230,2938
7200,2938
7170,2938
7140,2938
7110,2938
7080,2938
7050,2938
7020,2938
6990,2938
6960,2938
6930,2938
6900,2938
6870,2938
6840,2938
6810,2938
6780,2938
6750,2938
6720,2938
6690,2938
6660,2938
6630,2938
6600,2938
6570,2938
6540,2938
6510,2938
6480,2938
6450,2938
6420,2938
6390,2938
6360,2938
6330,2938
6300,2938
6270,2938
6240,2938
6210,2938
6180,2938
6150,2938
6120,2938
6090,2938
6060,2938
6030,2938
6000,2938
5970,2938
5940,2938
5910,2938
5880,2938
5850,2938
5820,2938
5790,2938
5760,2938
5730,2938
5700,2938
5670,2938
5640,2938
5610,2938
5580,2938
5550,2938
5520,2938
5490,2938
5460,2938
5430,2938
5400,2938
5370,2938
5340,2938
5310,2938
5280,2938
5250,2938
5220,2938
5190,2938
5160,2938
5130,2938
5100,2938
5070,2938
5040,2938
5010,2938
4980,2938
4950,2938
4920,2938
4890,2938
4860,2938
4830,2938
4800,2938
4770,2938
4740,2938
4710,2938
4680,2938
4650,2938
4620,2938
4590,2938
4560,2938
4530,2938
4500,2938
4470,2938
4440,2938
4410,2938
4380,2938
4350,2938
4320,2938
4290,2938
4260,2938
4230,2938
4200,2938
4170,2938
4140,2938
4110,2938
4080,2938
4050,2938
4020,2938
3990,2938
3960,2938
3930,2938
3900,2938
3870,2938
3840,2938
3810,2938
1740,2982
1710,2992
1680,2992
1650,3000
1620,3000
1590,3000
1560,3000
1530,3000
1500,3000
1470,3000
1440,3000
1410,3000
1380,3000
1350,3000
1320,3000
1290,3000
1260,3000
1230,3000
1200,3000
1170,3000
1140,3000
1110,3000
1080,3000
1050,3000
1020,3000
990,3004
960,3006
930,3018
900,3024
870,3026
360,3034
330,3054
300,3076
270,3112
240,3120
210,3120
180,3120
150,3122
120,3164
90,3268
60,3376
30,3376
0,3652
390,3028
420,3026
450,3026
480,3026
510,3026
540,3026
570,3026
600,3026
630,3026
660,3026
690,3026
720,3026
750,3026
780,3026
810,3026
840,3026
1770,2980
1800,2980
1830,2968
1860,2968
1890,2966
1920,2964
1950,2958
1980,2956
2010,2956
2040,2950
2070,2944
2100,2942
2130,2940
2160,2940
2190,2938
2220,2938
2250,2938
2280,2938
2310,2938
2340,2938
2370,2938
2400,2938
2430,2938
2460,2938
2490,2938
2520,2938
2550,2938
2580,2938
2610,2938
2640,2938
2670,2938
2700,2938
2730,2938
2760,2938
2790,2938
2820,2938
2850,2938
2880,2938
2910,2938
2940,2938
2970,2938
3000,2938
3030,2938
3060,2938
3090,2938
3120,2938
3150,2938
3180,2938
3210,2938
3240,2938
3270,2938
3300,2938
3330,2938
3360,2938
3390,2938
3420,2938
3450,2938
3480,2938
3510,2938
3540,2938
3570,2938
3600,2938
3630,2938
3660,2938
3690,2938
3720,2938
3750,2938
3780,2938
Final, 2938,7231

NrViolations,0
Round,H_team,A_team 
0,0,11
0,1,2
0,3,6
0,4,13
0,5,9
0,7,20
0,16,8
0,21,10
0,14,12
0,15,17
0,19,18
0,24,22
0,25,23
0,26,28
0,27,32
0,29,33
0,30,34
0,35,31
0,37,36
0,39,38
1,0,20
1,1,4
1,2,9
1,3,11
1,15,5
1,6,13
1,7,24
1,14,8
1,25,10
1,19,12
1,16,17
1,21,18
1,22,23
1,26,32
1,29,27
1,28,33
1,38,30
1,36,31
1,37,34
1,35,39
2,0,1
2,2,7
2,3,9
2,4,20
2,13,5
2,6,11
2,8,24
2,23,10
2,17,12
2,19,14
2,15,28
2,16,18
2,36,21
2,29,22
2,27,25
2,31,26
2,37,30
2,32,38
2,33,35
2,34,39
3,2,0
3,1,7
3,13,3
3,4,8
3,11,5
3,6,16
3,9,24
3,10,15
3,12,28
3,18,14
3,20,17
3,23,19
3,39,21
3,32,22
3,25,37
3,26,29
3,27,34
3,36,30
3,31,33
3,35,38
4,0,6
4,1,8
4,11,2
4,12,3
4,4,7
4,5,16
4,9,10
4,13,15
4,14,28
4,24,17
4,20,18
4,25,19
4,38,21
4,30,22
4,23,35
4,33,26
4,39,27
4,29,37
4,32,31
4,34,36
5,0,8
5,1,6
5,12,2
5,3,4
5,18,5
5,7,16
5,9,20
5,10,14
5,11,15
5,17,13
5,21,19
5,22,35
5,31,23
5,24,30
5,29,25
5,34,26
5,38,27
5,28,37
5,36,32
5,33,39
6,0,4
6,18,1
6,10,2
6,16,3
6,17,5
6,6,20
6,7,14
6,8,11
6,15,9
6,13,12
6,19,22
6,28,21
6,33,23
6,26,24
6,31,25
6,37,27
6,35,29
6,30,39
6,34,32
6,38,36
7,12,0
7,19,1
7,2,15
7,17,3
7,4,6
7,14,5
7,9,7
7,8,20
7,10,16
7,13,11
7,18,22
7,29,21
7,39,23
7,24,38
7,25,34
7,37,26
7,27,31
7,30,28
7,32,33
7,36,35
8,9,0
8,14,1
8,2,13
8,20,3
8,4,10
8,5,7
8,6,15
8,12,8
8,11,16
8,19,17
8,27,18
8,24,21
8,22,34
8,23,38
8,33,25
8,35,26
8,31,28
8,29,30
8,32,37
8,39,36
9,3,0
9,1,13
9,4,2
9,5,10
9,7,6
9,8,15
9,9,16
9,11,12
9,17,14
9,29,18
9,20,19
9,21,27
9,22,38
9,23,34
9,35,24
9,30,25
9,39,26
9,32,28
9,31,37
9,36,33
10,0,13
10,1,3
10,16,2
10,17,4
10,5,39
10,6,8
10,10,7
10,12,9
10,31,11
10,15,14
10,30,18
10,19,27
10,22,20
10,21,32
10,26,23
10,37,24
10,28,25
10,36,29
10,38,33
10,34,35
11,0,39
11,12,1
11,17,2
11,3,19
11,18,4
11,6,5
11,8,7
11,14,9
11,13,10
11,30,11
11,16,15
11,20,32
11,21,31
11,26,22
11,23,27
11,34,24
11,25,36
11,28,35
11,38,29
11,33,37
12,7,0
12,15,1
12,2,39
12,3,26
12,14,4
12,5,19
12,25,6
12,8,21
12,13,9
12,12,10
12,28,11
12,22,16
12,18,17
12,20,31
12,23,32
12,24,36
12,27,35
12,34,29
12,33,30
12,37,38
13,17,0
13,9,1
13,2,26
13,5,3
13,4,19
13,33,6
13,7,21
13,10,8
13,11,14
13,15,12
13,18,13
13,20,16
13,22,31
13,23,36
13,24,27
13,32,25
13,29,28
13,35,30
13,38,34
13,39,37
14,14,0
14,1,26
14,5,2
14,7,3
14,4,21
14,36,6
14,9,8
14,10,11
14,16,12
14,22,13
14,19,15
14,38,17
14,37,18
14,27,20
14,24,23
14,35,25
14,28,39
14,31,29
14,30,32
14,34,33
15,0,5
15,1,10
15,6,2
15,8,3
15,9,4
15,11,7
15,12,35
15,19,13
15,14,16
15,21,15
15,37,17
15,38,18
15,30,20
15,36,22
15,28,23
15,33,24
15,25,39
15,26,27
15,32,29
15,34,31
16,0,34
16,1,5
16,8,2
16,3,10
16,12,4
16,6,14
16,15,7
16,11,9
16,13,16
16,36,17
16,32,18
16,19,35
16,21,20
16,37,22
16,30,23
16,31,24
16,25,26
16,33,27
16,28,38
16,29,39
17,16,0
17,11,1
17,2,34
17,3,14
17,15,4
17,8,5
17,6,12
17,13,7
17,17,9
17,10,19
17,18,33
17,20,35
17,21,37
17,39,22
17,23,29
17,32,24
17,25,38
17,26,36
17,27,28
17,31,30
18,15,0
18,17,1
18,2,14
18,3,34
18,4,11
18,5,12
18,10,6
18,7,19
18,13,8
18,18,9
18,16,33
18,20,29
18,22,21
18,23,37
18,24,25
18,26,38
18,27,30
18,28,36
18,39,31
18,35,32
19,10,0
19,16,1
19,2,3
19,5,4
19,9,6
19,7,12
19,8,19
19,11,17
19,14,13
19,18,15
19,20,33
19,21,23
19,22,25
19,24,29
19,26,30
19,27,36
19,34,28
19,38,31
19,39,32
19,35,37
