5003,Heuristic,i02,2,3,1
Time,Value 
Final, 6101,7231

Round,H_team,A_team 
0,0,105
0,1,169
0,181,2
0,3,50
0,4,53
0,63,5
0,30,6
0,45,7
0,48,8
0,9,15
0,57,10
0,11,66
0,12,13
0,165,14
0,129,16
0,19,17
0,18,23
0,86,20
0,43,21
0,93,22
0,77,24
0,25,32
0,178,26
0,104,27
0,36,28
0,29,103
0,34,31
0,37,33
0,111,35
0,38,179
0,173,39
0,40,90
0,41,142
0,42,164
0,51,44
0,46,112
0,137,47
0,64,49
0,52,108
0,113,54
0,55,115
0,56,109
0,116,58
0,59,174
0,171,60
0,110,61
0,120,62
0,75,65
0,67,119
0,68,130
0,69,70
0,139,71
0,72,82
0,73,78
0,146,74
0,140,76
0,79,141
0,85,80
0,81,83
0,84,159
0,152,87
0,151,88
0,89,166
0,94,91
0,92,102
0,95,180
0,167,96
0,170,97
0,149,98
0,100,99
0,150,101
0,183,106
0,107,131
0,114,132
0,124,117
0,118,176
0,163,121
0,122,135
0,123,128
0,125,126
0,143,127
0,175,133
0,138,134
0,162,136
0,144,145
0,155,147
0,148,182
0,161,153
0,154,177
0,156,157
0,168,158
0,172,160
1,103,0
1,112,1
1,2,29
1,6,3
1,50,4
1,53,5
1,7,34
1,8,36
1,166,9
1,10,11
1,15,12
1,13,68
1,14,67
1,16,171
1,17,93
1,22,18
1,20,19
1,21,41
1,23,100
1,78,24
1,31,25
1,26,107
1,27,37
1,28,104
1,182,30
1,32,172
1,33,170
1,35,40
1,39,38
1,109,42
1,132,43
1,135,44
1,91,45
1,47,46
1,90,48
1,49,55
1,61,51
1,131,52
1,54,175
1,114,56
1,174,57
1,58,163
1,125,59
1,60,120
1,62,64
1,63,122
1,65,123
1,66,165
1,130,69
1,70,181
1,71,85
1,73,72
1,74,144
1,128,75
1,76,79
1,82,77
1,80,81
1,83,84
1,87,86
1,88,89
1,153,92
1,106,94
1,160,95
1,96,150
1,97,178
1,98,151
1,99,152
1,101,156
1,102,149
1,105,183
1,108,110
1,164,111
1,115,113
1,176,116
1,117,129
1,119,118
1,126,121
1,179,124
1,127,168
1,133,146
1,134,137
1,136,138
1,141,139
1,145,140
1,142,143
1,147,173
1,177,148
1,180,154
1,158,155
1,157,167
1,159,161
1,169,162
2,0,26
2,1,176
2,30,2
2,3,31
2,4,8
2,5,62
2,113,6
2,48,7
2,9,68
2,165,10
2,11,70
2,12,16
2,65,13
2,129,14
2,15,130
2,181,17
2,18,92
2,19,174
2,85,20
2,57,21
2,22,99
2,173,23
2,24,76
2,25,112
2,46,27
2,34,28
2,29,105
2,178,32
2,107,33
2,94,35
2,36,108
2,37,131
2,38,180
2,183,39
2,40,164
2,41,90
2,42,135
2,43,47
2,44,136
2,45,87
2,56,49
2,52,50
2,51,114
2,64,53
2,55,54
2,120,58
2,59,119
2,163,60
2,122,61
2,118,63
2,69,66
2,67,125
2,81,71
2,72,128
2,75,73
2,143,74
2,77,78
2,79,80
2,86,82
2,140,83
2,84,145
2,149,88
2,89,91
2,93,157
2,95,159
2,175,96
2,151,97
2,156,98
2,100,102
2,168,101
2,170,103
2,104,106
2,111,109
2,110,132
2,167,115
2,116,177
2,121,117
2,124,123
2,171,126
2,172,127
2,138,133
2,144,134
2,137,182
2,139,169
2,146,141
2,162,142
2,150,147
2,148,166
2,152,153
2,154,179
2,155,160
2,161,158
3,0,25
3,180,1
3,176,2
3,28,3
3,49,4
3,5,120
3,6,51
3,7,40
3,8,54
3,123,9
3,10,41
3,16,11
3,12,69
3,13,72
3,14,15
3,17,178
3,99,18
3,21,19
3,20,22
3,23,172
3,128,24
3,26,37
3,27,175
3,177,29
3,103,30
3,31,107
3,32,113
3,33,45
3,35,34
3,131,36
3,38,94
3,39,167
3,108,42
3,142,43
3,44,57
3,132,46
3,47,138
3,91,48
3,50,55
3,164,52
3,53,56
3,58,59
3,60,122
3,61,64
3,62,63
3,78,65
3,66,118
3,70,67
3,68,124
3,83,71
3,73,74
3,127,75
3,76,81
3,80,77
3,79,85
3,82,148
3,92,84
3,88,86
3,87,104
3,169,89
3,90,149
3,147,93
3,179,95
3,96,183
3,97,155
3,98,161
3,101,100
3,102,156
3,105,168
3,106,182
3,109,114
3,112,110
3,135,111
3,115,173
3,181,116
3,117,163
3,119,121
3,125,129
3,126,170
3,130,144
3,133,171
3,134,162
3,136,146
3,143,137
3,145,139
3,141,140
3,157,150
3,153,151
3,159,152
3,158,154
3,160,174
3,166,165
4,30,0
4,1,177
4,2,179
4,3,32
4,4,61
4,64,5
4,182,6
4,19,7
4,42,8
4,9,12
4,173,10
4,11,125
4,24,13
4,69,14
4,15,181
4,74,16
4,168,17
4,18,20
4,165,21
4,22,92
4,23,97
4,25,26
4,107,27
4,170,28
4,29,39
4,174,31
4,40,33
4,34,38
4,104,35
4,36,87
4,37,105
4,41,132
4,43,164
4,110,44
4,45,47
4,46,109
4,48,108
4,51,49
4,54,50
4,52,112
4,63,53
4,55,62
4,56,133
4,57,70
4,118,58
4,59,60
4,65,130
4,129,66
4,67,68
4,71,145
4,72,76
4,144,73
4,75,123
4,77,79
4,81,78
4,140,80
4,139,82
4,85,83
4,84,153
4,86,142
4,162,88
4,89,102
4,137,90
4,149,91
4,93,106
4,94,176
4,95,158
4,178,96
4,152,98
4,154,99
4,100,159
4,155,101
4,167,103
4,111,131
4,113,180
4,114,136
4,183,115
4,116,117
4,122,119
4,120,169
4,121,127
4,124,128
4,163,126
4,171,134
4,138,135
4,148,141
4,146,143
4,161,147
4,156,150
4,151,166
4,172,157
4,175,160
5,0,107
5,32,1
5,39,2
5,176,3
5,108,4
5,5,59
5,6,25
5,7,86
5,8,43
5,14,9
5,10,69
5,117,11
5,130,12
5,13,75
5,182,15
5,16,57
5,17,173
5,80,18
5,88,19
5,20,84
5,21,42
5,82,22
5,98,23
5,123,24
5,26,29
5,27,36
5,28,175
5,105,30
5,31,167
5,33,34
5,35,46
5,106,37
5,103,38
5,91,40
5,47,41
5,44,56
5,131,45
5,164,48
5,49,54
5,50,64
5,53,51
5,109,52
5,180,55
5,58,63
5,60,118
5,61,165
5,62,122
5,128,65
5,66,67
5,68,129
5,70,74
5,141,71
5,143,72
5,73,77
5,76,144
5,78,85
5,79,140
5,145,81
5,83,139
5,87,89
5,90,104
5,92,149
5,153,93
5,174,94
5,147,95
5,96,100
5,97,172
5,99,155
5,101,161
5,102,152
5,136,110
5,112,111
5,177,113
5,135,114
5,115,168
5,119,116
5,166,120
5,179,121
5,127,124
5,125,163
5,126,183
5,132,162
5,133,137
5,134,146
5,142,138
5,169,148
5,150,151
5,159,154
5,181,156
5,157,178
5,158,170
5,160,171
6,168,0
6,1,28
6,2,182
6,3,8
6,4,58
6,56,5
6,167,6
6,43,7
6,9,13
6,67,10
6,11,14
6,12,68
6,15,65
6,24,16
6,86,17
6,18,82
6,19,91
6,139,20
6,48,21
6,22,83
6,23,96
6,25,174
6,30,26
6,111,27
6,29,32
6,172,31
6,36,33
6,34,131
6,45,35
6,37,39
6,38,87
6,40,47
6,41,134
6,42,44
6,46,164
6,122,49
6,110,50
6,51,109
6,52,115
6,55,53
6,54,62
6,57,61
6,59,117
6,63,60
6,64,169
6,163,66
6,69,128
6,144,70
6,71,73
6,72,127
6,74,142
6,75,76
6,85,77
6,145,78
6,81,79
6,175,80
6,84,141
6,94,88
6,89,153
6,148,90
6,152,92
6,93,150
6,95,99
6,100,97
6,155,98
6,171,101
6,161,102
6,107,103
6,104,108
6,178,105
6,149,106
6,113,112
6,114,133
6,116,166
6,118,125
6,129,119
6,120,181
6,121,180
6,123,130
6,124,177
6,173,126
6,138,132
6,146,135
6,137,136
6,140,159
6,162,143
6,151,147
6,154,157
6,156,176
6,183,158
6,170,160
6,165,179
7,39,0
7,166,1
7,2,25
7,33,3
7,54,4
7,5,116
7,6,55
7,7,36
7,8,52
7,128,9
7,10,129
7,119,11
7,125,12
7,13,15
7,14,183
7,16,69
7,17,94
7,98,18
7,182,19
7,20,92
7,21,74
7,22,89
7,23,171
7,65,24
7,26,168
7,27,45
7,28,37
7,179,29
7,32,30
7,31,40
7,106,34
7,35,164
7,105,38
7,46,41
7,42,57
7,134,43
7,44,165
7,47,111
7,109,48
7,49,63
7,50,113
7,108,51
7,53,110
7,135,56
7,58,64
7,62,59
7,60,178
7,61,114
7,66,121
7,169,67
7,68,123
7,70,146
7,76,71
7,142,72
7,73,81
7,143,75
7,77,145
7,78,140
7,79,84
7,80,139
7,82,137
7,83,161
7,141,85
7,90,86
7,87,149
7,88,152
7,91,148
7,96,93
7,157,95
7,97,181
7,99,151
7,147,100
7,101,173
7,102,154
7,103,175
7,131,104
7,112,107
7,115,172
7,117,118
7,176,120
7,133,122
7,126,124
7,127,144
7,130,170
7,136,132
7,180,138
7,158,150
7,153,156
7,159,155
7,160,167
7,174,162
7,177,163
8,0,174
8,1,31
8,183,2
8,3,26
8,4,62
8,5,119
8,170,6
8,94,7
8,113,8
8,9,182
8,56,10
8,69,11
8,12,65
8,123,13
8,66,14
8,15,68
8,165,16
8,89,17
8,18,83
8,19,180
8,140,20
8,45,21
8,85,22
8,175,23
8,24,73
8,25,50
8,48,27
8,110,28
8,29,33
8,30,169
8,107,32
8,34,112
8,36,35
8,37,103
8,38,106
8,181,39
8,40,131
8,41,135
8,43,42
8,114,44
8,138,46
8,52,47
8,49,115
8,51,54
8,57,53
8,55,64
8,122,58
8,59,61
8,167,60
8,163,63
8,67,117
8,121,70
8,71,80
8,72,78
8,74,134
8,75,79
8,145,76
8,81,77
8,146,82
8,84,88
8,86,143
8,148,87
8,162,90
8,104,91
8,92,141
8,93,99
8,95,101
8,161,96
8,156,97
8,150,98
8,100,158
8,151,102
8,172,105
8,164,108
8,132,109
8,111,136
8,116,125
8,118,126
8,120,177
8,124,166
8,173,127
8,144,128
8,129,130
8,168,133
8,137,142
8,139,159
8,154,147
8,149,176
8,152,179
8,155,153
8,171,157
8,178,160
9,32,0
9,33,1
9,2,170
9,166,3
9,64,4
9,60,5
9,6,171
9,7,52
9,8,41
9,117,9
9,10,19
9,11,165
9,128,12
9,13,74
9,14,68
9,15,67
9,16,66
9,17,38
9,88,18
9,20,71
9,21,178
9,22,139
9,23,89
9,24,75
9,179,25
9,26,167
9,27,94
9,28,40
9,169,29
9,180,30
9,31,113
9,47,34
9,35,48
9,106,36
9,112,37
9,39,172
9,131,42
9,135,43
9,44,122
9,109,45
9,136,46
9,62,49
9,50,56
9,115,51
9,53,59
9,54,110
9,58,55
9,119,57
9,61,118
9,63,120
9,65,72
9,125,69
9,70,129
9,76,73
9,77,140
9,78,84
9,79,145
9,80,183
9,82,81
9,83,86
9,159,85
9,87,151
9,90,146
9,91,137
9,99,92
9,102,93
9,153,95
9,96,156
9,97,150
9,98,100
9,101,175
9,103,173
9,164,104
9,105,107
9,108,114
9,132,111
9,126,116
9,130,121
9,127,123
9,174,124
9,133,162
9,134,168
9,177,138
9,141,144
9,142,181
9,143,148
9,147,149
9,158,152
9,182,154
9,157,155
9,160,161
9,176,163
10,2,0
10,1,26
10,3,177
10,4,44
10,5,58
10,183,6
10,41,7
10,40,8
10,9,78
10,86,10
10,57,11
10,12,70
10,67,13
10,123,14
10,69,15
10,173,16
10,84,17
10,18,169
10,19,176
10,89,20
10,172,21
10,140,22
10,93,23
10,81,24
10,25,103
10,34,27
10,107,28
10,29,174
10,30,179
10,104,31
10,181,32
10,38,33
10,37,35
10,36,91
10,178,39
10,42,47
10,43,90
10,45,136
10,46,131
10,48,132
10,49,53
10,51,50
10,52,54
10,113,55
10,56,61
10,59,63
10,116,60
10,118,62
10,120,64
10,74,65
10,66,133
10,68,126
10,71,159
10,72,134
10,73,128
10,75,130
10,139,76
10,77,141
10,146,79
10,168,80
10,144,82
10,92,83
10,85,145
10,94,87
10,137,88
10,95,98
10,155,96
10,175,97
10,161,99
10,100,157
10,170,101
10,150,102
10,167,105
10,151,106
10,111,108
10,110,109
10,171,112
10,114,164
10,122,115
10,166,117
10,119,163
10,121,125
10,124,180
10,129,127
10,162,135
10,138,143
10,148,142
10,152,147
10,149,153
10,154,160
10,156,158
10,165,182
11,0,166
11,179,1
11,26,2
11,27,3
11,63,4
11,61,5
11,6,175
11,7,37
11,8,46
11,130,9
11,10,74
11,11,129
11,117,12
11,13,73
11,14,59
11,15,171
11,16,67
11,17,92
11,102,18
11,87,19
11,20,81
11,21,69
11,22,71
11,99,23
11,24,72
11,54,25
11,28,52
11,180,29
11,174,30
11,31,36
11,32,170
11,33,104
11,105,34
11,35,38
11,39,94
11,112,40
11,109,41
11,132,42
11,136,43
11,44,111
11,90,45
11,47,162
11,131,48
11,60,49
11,50,114
11,64,51
11,53,165
11,55,120
11,58,56
11,176,57
11,62,116
11,65,68
11,70,66
11,142,75
11,76,123
11,143,77
11,78,144
11,79,139
11,80,84
11,82,85
11,83,148
11,141,86
11,88,93
11,98,89
11,91,152
11,96,95
11,97,161
11,150,100
11,101,154
11,103,183
11,106,156
11,108,107
11,164,110
11,182,113
11,115,178
11,163,118
11,126,119
11,134,121
11,169,122
11,125,124
11,127,167
11,128,146
11,133,173
11,135,137
11,145,138
11,153,140
11,147,181
11,159,149
11,157,151
11,177,155
11,158,172
11,160,168
12,1,0
12,2,32
12,3,35
12,4,6
12,5,50
12,42,7
12,110,8
12,9,65
12,66,10
12,67,11
12,12,14
12,69,13
12,123,15
12,59,16
12,172,17
12,18,79
12,19,90
12,170,20
12,72,21
12,84,22
12,23,102
12,71,24
12,25,182
12,175,26
12,38,27
12,46,28
12,29,181
12,30,39
12,37,31
12,111,33
12,34,103
12,36,164
12,40,108
12,41,136
12,43,44
12,45,135
12,48,47
12,49,61
12,51,62
12,52,132
12,113,53
12,54,64
12,55,63
12,56,115
12,57,179
12,119,58
12,183,60
12,68,127
12,138,70
12,73,145
12,74,128
12,75,78
12,77,76
12,154,80
12,81,141
12,140,82
12,152,83
12,85,134
12,86,91
12,162,87
12,148,88
12,89,106
12,92,159
12,93,98
12,94,131
12,95,169
12,151,96
12,167,97
12,156,99
12,100,160
12,178,101
12,104,112
12,173,105
12,107,166
12,137,109
12,114,177
12,116,163
12,122,117
12,118,174
12,120,180
12,121,133
12,124,130
12,165,125
12,129,126
12,139,153
12,146,142
12,144,143
12,171,147
12,149,158
12,161,150
12,155,176
12,168,157
13,0,29
13,174,1
13,177,2
13,180,3
13,31,4
13,44,5
13,6,54
13,7,46
13,8,51
13,16,9
13,10,12
13,11,59
13,13,77
13,14,57
13,128,15
13,17,18
13,83,19
13,20,183
13,21,86
13,98,22
13,101,23
13,24,140
13,115,25
13,26,171
13,27,40
13,28,114
13,181,30
13,32,167
13,33,52
13,39,34
13,35,107
13,112,36
13,164,37
13,176,38
13,133,41
13,136,42
13,108,43
13,132,45
13,47,94
13,135,48
13,58,49
13,50,111
13,53,120
13,179,55
13,64,56
13,60,119
13,61,113
13,62,168
13,63,116
13,65,73
13,126,66
13,130,67
13,68,69
13,70,165
13,71,79
13,74,72
13,145,75
13,76,85
13,78,123
13,80,148
13,159,81
13,82,84
13,87,137
13,88,104
13,90,89
13,91,162
13,92,139
13,97,93
13,166,95
13,96,154
13,99,149
13,153,100
13,102,155
13,103,178
13,105,175
13,106,172
13,109,138
13,131,110
13,117,125
13,182,118
13,121,129
13,163,122
13,169,124
13,127,146
13,134,143
13,141,161
13,142,144
13,147,156
13,150,152
13,158,151
13,157,170
13,160,173
