0,Heuristic,i03,2,100,1
Time,Value 
Final, 3930,7231

Round,H_team,A_team 
0,0,134
0,1,205
0,2,157
0,3,147
0,4,23
0,5,211
0,120,6
0,184,7
0,15,8
0,9,189
0,152,10
0,194,11
0,185,12
0,63,13
0,173,14
0,187,16
0,144,17
0,18,145
0,19,82
0,171,20
0,21,207
0,22,114
0,24,49
0,25,208
0,118,26
0,37,27
0,28,38
0,29,177
0,30,46
0,75,31
0,165,32
0,167,33
0,34,176
0,204,35
0,36,182
0,43,39
0,40,186
0,41,53
0,123,42
0,195,44
0,45,210
0,202,47
0,48,131
0,214,50
0,51,117
0,52,56
0,54,133
0,55,138
0,57,140
0,58,127
0,59,60
0,142,61
0,62,201
0,64,65
0,66,206
0,149,67
0,148,68
0,69,70
0,71,169
0,72,209
0,73,215
0,86,74
0,150,76
0,77,191
0,78,183
0,80,79
0,81,200
0,83,88
0,84,172
0,85,98
0,87,197
0,89,196
0,104,90
0,174,91
0,103,92
0,129,93
0,159,94
0,178,95
0,192,96
0,99,97
0,213,100
0,199,101
0,102,198
0,164,105
0,109,106
0,107,108
0,163,110
0,111,158
0,113,112
0,180,115
0,116,119
0,121,125
0,122,126
0,124,181
0,175,128
0,212,130
0,132,139
0,156,135
0,193,136
0,188,137
0,203,141
0,143,170
0,146,166
0,151,179
0,153,154
0,155,190
0,162,160
0,161,168
1,0,73
1,82,1
1,74,2
1,172,3
1,60,4
1,117,5
1,126,6
1,7,15
1,8,63
1,10,9
1,11,184
1,12,37
1,13,174
1,14,177
1,16,193
1,139,17
1,207,18
1,79,19
1,20,188
1,120,21
1,22,194
1,23,30
1,205,24
1,206,25
1,26,175
1,27,124
1,181,28
1,103,29
1,70,31
1,32,163
1,33,204
1,93,34
1,35,195
1,42,36
1,38,167
1,39,125
1,201,40
1,127,41
1,121,43
1,44,214
1,182,45
1,46,202
1,47,178
1,130,48
1,49,57
1,50,171
1,51,116
1,136,52
1,53,183
1,55,54
1,56,132
1,133,58
1,141,59
1,61,199
1,62,213
1,140,64
1,65,185
1,197,66
1,67,72
1,68,75
1,80,69
1,170,71
1,76,148
1,135,77
1,209,78
1,196,81
1,190,83
1,186,84
1,154,85
1,176,86
1,198,87
1,88,153
1,191,89
1,90,152
1,91,173
1,101,92
1,102,94
1,95,180
1,96,129
1,97,159
1,98,211
1,100,99
1,157,104
1,105,212
1,106,111
1,110,107
1,108,162
1,169,109
1,112,114
1,115,113
1,187,118
1,119,122
1,179,123
1,128,200
1,131,203
1,134,156
1,137,138
1,210,142
1,144,143
1,166,145
1,189,146
1,147,150
1,208,149
1,168,151
1,192,155
1,158,165
1,160,164
1,215,161
2,77,0
2,1,79
2,2,16
2,3,212
2,4,47
2,5,113
2,6,39
2,142,7
2,59,8
2,9,190
2,25,10
2,180,11
2,195,12
2,175,13
2,185,14
2,15,169
2,17,191
2,146,18
2,19,80
2,138,20
2,21,119
2,167,22
2,171,23
2,24,46
2,177,26
2,123,27
2,28,197
2,29,172
2,30,140
2,31,147
2,111,32
2,193,33
2,34,96
2,48,35
2,36,196
2,37,124
2,174,38
2,40,42
2,41,121
2,43,127
2,202,44
2,45,120
2,64,49
2,116,50
2,178,51
2,52,65
2,206,53
2,54,137
2,156,55
2,188,56
2,57,131
2,58,130
2,63,60
2,61,141
2,211,62
2,66,201
2,71,67
2,73,68
2,69,215
2,150,70
2,72,189
2,200,74
2,75,76
2,78,144
2,81,182
2,84,82
2,153,83
2,85,187
2,86,192
2,87,205
2,88,154
2,89,186
2,90,157
2,129,91
2,92,104
2,184,93
2,94,98
2,95,101
2,161,97
2,99,102
2,214,100
2,152,103
2,105,108
2,207,106
2,107,164
2,109,176
2,165,110
2,183,112
2,114,208
2,204,115
2,199,117
2,118,181
2,122,128
2,125,126
2,132,134
2,203,133
2,210,135
2,173,136
2,143,139
2,145,198
2,148,179
2,149,194
2,151,209
2,155,168
2,162,158
2,159,160
2,163,170
2,213,166
3,0,75
3,83,1
3,76,2
3,74,3
3,46,4
3,114,5
3,130,6
3,7,61
3,8,184
3,172,9
3,10,129
3,11,204
3,12,203
3,13,185
3,14,175
3,60,15
3,16,86
3,17,143
3,18,166
3,70,19
3,20,34
3,42,21
3,112,22
3,23,193
3,24,64
3,194,25
3,26,167
3,27,187
3,168,28
3,101,29
3,117,30
3,31,148
3,32,107
3,33,200
3,35,57
3,209,36
3,38,37
3,39,121
3,205,40
3,126,41
3,125,43
3,44,192
3,119,45
3,47,188
3,133,48
3,49,140
3,50,213
3,51,173
3,134,52
3,53,207
3,127,54
3,137,55
3,56,202
3,131,58
3,65,59
3,62,63
3,145,66
3,67,177
3,68,77
3,147,69
3,201,71
3,186,72
3,176,73
3,139,78
3,79,84
3,191,80
3,215,81
3,82,150
3,190,85
3,182,87
3,98,88
3,197,89
3,96,90
3,91,210
3,211,92
3,93,206
3,94,111
3,103,95
3,97,102
3,189,99
3,100,171
3,104,152
3,198,105
3,106,214
3,108,165
3,170,109
3,110,162
3,113,174
3,115,178
3,128,116
3,208,118
3,120,122
3,212,123
3,124,199
3,136,132
3,138,135
3,141,142
3,196,144
3,146,180
3,169,149
3,160,151
3,157,153
3,154,155
3,156,183
3,158,163
3,181,159
3,179,161
3,164,195
4,148,0
4,1,206
4,2,96
4,3,150
4,4,209
4,5,112
4,6,131
4,59,7
4,61,8
4,9,91
4,92,10
4,37,11
4,202,12
4,178,13
4,192,14
4,15,62
4,199,16
4,78,17
4,142,18
4,19,147
4,55,20
4,21,126
4,22,205
4,213,23
4,57,24
4,25,93
4,184,26
4,173,27
4,28,176
4,29,97
4,30,47
4,66,31
4,162,32
4,183,33
4,34,53
4,58,35
4,36,39
4,188,38
4,40,120
4,41,125
4,45,42
4,43,44
4,204,46
4,48,49
4,215,50
4,187,51
4,52,138
4,54,56
4,195,60
4,63,141
4,64,136
4,132,65
4,207,67
4,200,68
4,69,79
4,80,70
4,71,196
4,72,212
4,73,190
4,193,74
4,75,182
4,86,76
4,77,156
4,81,201
4,89,82
4,155,83
4,84,179
4,85,169
4,87,172
4,88,157
4,90,103
4,99,94
4,95,100
4,102,98
4,152,101
4,177,104
4,105,211
4,210,106
4,107,158
4,168,108
4,109,110
4,111,165
4,113,114
4,185,115
4,122,116
4,203,117
4,118,170
4,123,119
4,121,127
4,180,124
4,167,128
4,129,197
4,174,130
4,140,133
4,135,134
4,214,137
4,144,139
4,143,198
4,191,145
4,175,146
4,149,189
4,151,154
4,153,181
4,159,164
4,171,160
4,161,186
4,163,194
4,166,208
5,0,52
5,198,1
5,82,2
5,68,3
5,190,4
5,115,5
5,119,6
5,7,63
5,8,187
5,93,9
5,10,95
5,11,202
5,12,213
5,13,203
5,14,171
5,61,15
5,16,34
5,197,17
5,18,168
5,150,19
5,20,54
5,128,21
5,22,199
5,23,184
5,60,24
5,125,25
5,26,40
5,27,210
5,169,28
5,104,29
5,131,30
5,31,149
5,32,109
5,33,192
5,35,178
5,186,36
5,112,37
5,38,214
5,39,41
5,42,215
5,120,43
5,44,121
5,126,45
5,46,51
5,47,174
5,127,48
5,49,183
5,50,122
5,53,58
5,134,55
5,56,175
5,130,57
5,140,59
5,141,62
5,133,64
5,65,139
5,166,66
5,67,204
5,170,69
5,70,148
5,182,71
5,211,72
5,144,73
5,74,173
5,196,75
5,76,77
5,172,78
5,79,89
5,147,80
5,181,81
5,154,83
5,194,84
5,177,85
5,157,86
5,176,87
5,88,155
5,91,90
5,92,152
5,94,151
5,96,153
5,97,212
5,98,185
5,201,99
5,100,191
5,101,103
5,189,102
5,158,105
5,106,167
5,165,107
5,108,207
5,110,111
5,200,113
5,116,114
5,117,193
5,206,118
5,124,123
5,137,129
5,135,132
5,136,180
5,138,156
5,179,142
5,205,143
5,145,146
5,209,159
5,160,195
5,188,161
5,164,162
5,208,163
6,78,0
6,1,154
6,2,197
6,3,79
6,4,194
6,5,116
6,6,53
6,62,7
6,13,8
6,9,20
6,103,10
6,215,11
6,174,12
6,178,14
6,15,206
6,171,16
6,17,166
6,18,209
6,19,76
6,21,50
6,180,22
6,63,23
6,24,65
6,25,176
6,191,26
6,168,27
6,28,182
6,29,90
6,30,130
6,69,31
6,159,32
6,175,33
6,34,91
6,207,35
6,36,181
6,37,119
6,204,38
6,40,39
6,41,43
6,121,42
6,118,44
6,45,128
6,199,46
6,212,47
6,48,140
6,59,49
6,51,210
6,52,135
6,54,138
6,55,136
6,64,56
6,57,133
6,58,126
6,202,60
6,139,61
6,66,67
6,213,68
6,75,70
6,71,200
6,72,205
6,73,147
6,129,74
6,148,77
6,80,82
6,81,179
6,83,98
6,84,169
6,85,88
6,86,150
6,87,211
6,89,188
6,95,92
6,173,93
6,94,97
6,104,96
6,99,198
6,192,100
6,167,101
6,111,102
6,107,105
6,163,106
6,164,108
6,109,158
6,183,110
6,185,112
6,113,170
6,114,117
6,214,115
6,123,120
6,122,131
6,196,124
6,125,127
6,132,144
6,195,134
6,156,137
6,184,141
6,142,172
6,143,203
6,145,189
6,146,208
6,149,190
6,151,187
6,152,157
6,153,186
6,155,177
6,193,160
6,161,201
6,162,165
7,56,0
7,191,1
7,150,2
7,70,3
7,188,4
7,182,5
7,6,21
7,7,185
7,8,62
7,137,9
7,10,196
7,11,199
7,12,167
7,141,13
7,14,194
7,65,15
7,16,135
7,183,17
7,186,18
7,168,19
7,20,129
7,117,22
7,23,202
7,35,24
7,43,25
7,26,178
7,27,193
7,172,28
7,92,29
7,127,30
7,68,31
7,32,94
7,33,37
7,181,34
7,198,36
7,38,211
7,39,45
7,209,40
7,50,41
7,42,122
7,44,125
7,46,116
7,47,204
7,57,48
7,131,49
7,114,51
7,140,52
7,53,55
7,136,54
7,128,58
7,169,59
7,60,206
7,144,61
7,190,63
7,130,64
7,146,66
7,67,69
7,192,71
7,80,72
7,76,73
7,74,175
7,77,75
7,177,78
7,79,180
7,197,81
7,82,155
7,157,83
7,88,84
7,90,85
7,96,86
7,154,87
7,210,89
7,91,104
7,93,207
7,95,152
7,97,111
7,98,214
7,170,99
7,100,103
7,101,215
7,102,107
7,105,162
7,106,174
7,108,195
7,189,109
7,110,159
7,112,123
7,113,173
7,115,171
7,124,118
7,119,120
7,126,121
7,156,132
7,133,184
7,134,143
7,138,213
7,201,139
7,205,142
7,200,145
7,147,148
7,179,149
7,212,151
7,208,153
7,158,164
7,160,165
7,187,161
7,176,163
7,203,166
8,0,144
8,1,157
8,2,70
8,3,76
8,4,117
8,5,209
8,45,6
8,171,7
8,174,8
8,9,125
8,121,10
8,185,11
8,204,12
8,62,13
8,37,14
8,15,192
8,206,16
8,17,134
8,143,18
8,19,68
8,41,20
8,21,39
8,22,115
8,195,23
8,59,24
8,25,91
8,211,26
8,194,27
8,28,44
8,29,95
8,30,50
8,31,80
8,180,32
8,214,33
8,34,186
8,49,35
8,36,179
8,178,38
8,40,119
8,43,42
8,48,46
8,51,47
8,52,156
8,129,53
8,54,131
8,132,55
8,138,56
8,64,57
8,58,137
8,210,60
8,61,197
8,63,177
8,140,65
8,66,189
8,215,67
8,69,200
8,71,181
8,72,198
8,73,77
8,135,74
8,75,147
8,78,176
8,155,79
8,81,172
8,86,82
8,85,83
8,84,154
8,87,98
8,88,205
8,89,170
8,92,90
8,175,93
8,94,160
8,152,96
8,151,97
8,99,187
8,109,100
8,184,101
8,162,102
8,104,103
8,165,105
8,213,106
8,107,212
8,203,108
8,164,110
8,111,191
8,116,112
8,199,113
8,167,114
8,118,168
8,120,126
8,122,130
8,123,208
8,202,124
8,196,127
8,173,128
8,207,133
8,139,136
8,193,141
8,142,146
8,145,188
8,148,150
8,149,183
8,153,201
8,159,158
8,161,190
8,163,182
8,166,169
9,135,0
9,70,1
9,147,2
9,82,3
9,8,4
9,179,5
9,128,6
9,7,213
9,103,9
9,10,29
9,11,178
9,12,196
9,13,61
9,14,22
9,207,15
9,16,52
9,17,73
9,18,144
9,181,19
9,20,167
9,125,21
9,23,59
9,24,48
9,39,25
9,26,187
9,27,184
9,177,28
9,57,30
9,77,31
9,32,175
9,33,188
9,55,34
9,35,64
9,38,36
9,115,37
9,127,40
9,137,41
9,42,124
9,126,43
9,44,204
9,50,45
9,46,140
9,47,193
9,130,49
9,119,51
9,53,54
9,56,58
9,60,203
9,191,62
9,186,63
9,65,78
9,190,66
9,67,210
9,68,173
9,76,69
9,145,71
9,201,72
9,74,156
9,212,75
9,79,87
9,150,80
9,176,81
9,83,84
9,102,85
9,91,86
9,96,88
9,154,89
9,90,153
9,100,92
9,93,152
9,158,94
9,95,104
9,97,195
9,98,162
9,183,99
9,101,171
9,110,105
9,106,185
9,172,107
9,108,214
9,192,109
9,198,111
9,112,202
9,209,113
9,114,168
9,120,116
9,117,215
9,205,118
9,131,121
9,133,122
9,170,123
9,157,129
9,200,132
9,134,138
9,136,174
9,139,142
9,141,199
9,146,143
9,189,148
9,211,149
9,169,151
9,208,155
9,206,159
9,160,194
9,197,161
9,165,163
9,164,180
9,182,166
10,0,17
10,1,88
10,2,91
10,3,16
10,4,141
10,5,51
10,6,127
10,174,7
10,142,8
10,9,90
10,43,10
10,167,11
10,177,12
10,59,13
10,213,14
10,15,189
10,18,170
10,19,172
10,156,20
10,21,35
10,22,181
10,196,23
10,195,24
10,25,137
10,193,26
10,214,27
10,28,211
10,29,154
10,30,128
10,31,79
10,105,32
10,203,33
10,34,39
10,36,53
10,37,42
10,40,38
10,41,93
10,171,44
10,45,131
10,64,46
10,168,47
10,48,50
10,49,133
10,52,139
10,54,130
10,129,55
10,199,56
10,58,57
10,140,60
10,61,208
10,62,205
10,63,191
10,144,65
10,66,183
10,175,67
10,69,68
10,149,70
10,71,210
10,72,182
10,73,212
10,75,74
10,80,76
10,132,77
10,78,146
10,81,207
10,153,82
10,83,96
10,84,150
10,85,206
10,86,147
10,87,169
10,89,179
10,92,97
10,94,164
10,202,95
10,107,98
10,99,103
10,180,100
10,104,101
10,109,102
10,194,106
10,215,108
10,178,110
10,111,160
10,204,112
10,113,201
10,123,114
10,173,115
10,116,126
10,185,117
10,118,198
10,188,119
10,125,120
10,122,121
10,124,190
10,148,134
10,187,135
10,138,136
10,143,145
10,151,176
10,152,186
10,155,157
10,184,158
10,159,165
10,161,200
10,162,192
10,163,209
10,166,197
11,16,0
11,209,1
11,79,2
11,96,3
11,7,4
11,172,5
11,6,122
11,8,199
11,39,9
11,10,34
11,11,195
11,12,194
11,13,142
11,14,184
11,181,15
11,17,132
11,61,18
11,176,19
11,20,25
11,116,21
11,22,202
11,23,214
11,24,52
11,26,152
11,27,171
11,42,28
11,215,29
11,51,30
11,31,73
11,32,177
11,33,180
11,35,54
11,210,36
11,201,37
11,38,203
11,53,40
11,128,41
11,131,43
11,44,206
11,121,45
11,46,49
11,47,173
11,126,48
11,50,58
11,135,55
11,56,77
11,57,59
11,60,62
11,170,63
11,139,64
11,65,143
11,205,66
11,67,174
11,68,150
11,82,69
11,70,86
11,189,71
11,147,72
11,74,155
11,134,75
11,76,89
11,145,78
11,208,80
11,190,81
11,90,83
11,157,84
11,197,85
11,88,87
11,91,153
11,92,159
11,93,156
11,94,162
11,95,175
11,97,103
11,98,99
11,100,111
11,101,168
11,158,102
11,154,104
11,169,105
11,106,188
11,179,107
11,108,192
11,165,109
11,110,167
11,112,212
11,113,185
11,119,114
11,115,193
11,117,191
11,200,118
11,127,120
11,186,123
11,198,124
11,130,125
11,138,129
11,133,204
11,136,140
11,137,213
11,141,178
11,146,144
11,183,148
11,182,149
11,164,151
11,160,187
11,207,161
11,196,163
11,211,166
12,0,136
12,1,98
12,2,156
12,3,154
12,4,203
12,5,181
12,123,6
12,13,7
12,139,8
12,9,121
12,41,10
12,206,11
12,178,12
12,193,14
12,15,24
12,132,16
12,17,146
12,66,18
12,19,189
12,58,20
12,21,130
12,173,22
12,177,23
12,25,138
12,199,26
12,27,112
12,28,205
12,29,208
12,30,133
12,72,31
12,102,32
12,187,33
12,34,188
12,43,35
12,36,197
12,122,37
12,185,38
12,120,39
12,40,50
12,125,42
12,152,44
12,45,116
12,59,46
12,63,47
12,48,128
12,49,65
12,192,51
12,52,137
12,195,53
12,54,57
12,55,93
12,135,56
12,171,60
12,143,61
12,214,62
12,64,131
12,200,67
12,80,68
12,69,211
12,73,70
12,71,190
12,150,74
12,75,186
12,167,76
12,77,147
12,78,134
12,86,79
12,81,183
12,87,82
12,83,91
12,84,168
12,85,157
12,89,88
12,90,95
12,99,92
12,107,94
12,103,96
12,109,97
12,210,100
12,194,101
12,153,104
12,105,172
12,204,106
12,202,108
12,191,110
12,111,179
12,175,113
12,114,115
12,140,117
12,118,176
12,212,119
12,124,182
12,184,126
12,129,127
12,213,141
12,142,145
12,148,144
12,149,207
12,151,196
12,155,215
12,180,158
12,159,198
12,174,160
12,161,209
12,162,201
12,163,169
12,165,164
12,166,170
13,156,0
13,150,1
13,93,2
13,157,3
13,201,4
13,46,5
13,6,41
13,7,193
13,8,64
13,16,9
13,10,125
13,11,207
13,12,215
13,60,13
13,14,202
13,212,15
13,65,17
13,18,78
13,31,19
13,20,48
13,133,21
13,51,22
13,23,174
13,24,63
13,121,25
13,26,95
13,119,27
13,206,28
13,168,29
13,49,30
13,32,164
13,33,173
13,211,34
13,35,45
13,50,36
13,37,123
13,38,199
13,39,122
13,126,40
13,42,118
13,130,43
13,44,196
13,47,214
13,55,52
13,53,138
13,134,54
13,56,139
13,127,57
13,136,58
13,183,59
13,62,61
13,68,66
13,67,80
13,205,69
13,70,72
13,194,71
13,170,73
13,74,148
13,209,75
13,76,175
13,77,143
13,79,153
13,187,81
13,82,88
13,83,87
13,147,84
13,104,85
13,154,86
13,98,89
13,101,90
13,91,152
13,96,92
13,105,94
13,97,171
13,172,99
13,100,185
13,102,165
13,103,129
13,106,180
13,186,107
13,108,191
13,188,109
13,110,213
13,176,111
13,112,210
13,203,113
13,114,200
13,115,192
13,116,195
13,117,204
13,128,120
13,124,184
13,131,140
13,182,132
13,137,135
13,141,177
13,166,142
13,144,145
13,181,146
13,197,149
13,189,151
13,169,155
13,158,167
13,190,159
13,160,178
13,198,161
13,208,162
13,179,163
