154,Heuristic,i03,2,3,1
Time,Value 
Final, 4120,7231

Round,H_team,A_team 
0,0,134
0,1,189
0,2,16
0,3,150
0,4,23
0,5,170
0,120,6
0,171,7
0,15,8
0,9,201
0,152,10
0,188,11
0,185,12
0,13,141
0,210,14
0,17,172
0,202,18
0,19,82
0,184,20
0,21,206
0,114,22
0,24,49
0,25,198
0,118,26
0,27,37
0,28,38
0,29,197
0,30,46
0,75,31
0,162,32
0,215,33
0,34,211
0,187,35
0,36,182
0,121,39
0,40,183
0,41,53
0,123,42
0,43,125
0,180,44
0,45,203
0,178,47
0,48,131
0,193,50
0,51,117
0,52,56
0,54,133
0,138,55
0,57,140
0,58,127
0,59,177
0,63,60
0,142,61
0,62,196
0,64,65
0,66,145
0,149,67
0,148,68
0,69,70
0,71,179
0,72,181
0,73,191
0,86,74
0,167,76
0,77,205
0,78,144
0,80,79
0,81,207
0,88,83
0,84,186
0,85,98
0,87,194
0,89,169
0,90,104
0,168,91
0,92,103
0,129,93
0,159,94
0,95,101
0,214,96
0,99,97
0,173,100
0,102,176
0,105,164
0,109,106
0,107,158
0,212,108
0,163,110
0,111,165
0,113,112
0,195,115
0,116,119
0,122,126
0,124,190
0,175,128
0,199,130
0,132,139
0,156,135
0,192,136
0,174,137
0,143,200
0,146,166
0,213,147
0,151,160
0,153,154
0,155,208
0,204,157
0,161,209
1,135,0
1,190,1
1,74,2
1,206,3
1,60,4
1,114,5
1,6,21
1,7,15
1,8,13
1,10,9
1,11,178
1,12,37
1,14,180
1,16,199
1,139,17
1,18,195
1,79,19
1,20,185
1,112,22
1,23,192
1,46,24
1,191,25
1,26,167
1,27,124
1,198,28
1,189,29
1,117,30
1,31,148
1,32,163
1,33,193
1,93,34
1,35,213
1,42,36
1,38,187
1,39,125
1,208,40
1,127,41
1,121,43
1,44,215
1,181,45
1,47,212
1,130,48
1,57,49
1,50,173
1,186,51
1,136,52
1,53,210
1,55,54
1,56,132
1,133,58
1,141,59
1,61,184
1,200,62
1,207,63
1,140,64
1,65,202
1,177,66
1,67,72
1,68,75
1,147,69
1,70,80
1,201,71
1,172,73
1,76,77
1,205,78
1,176,81
1,82,84
1,203,83
1,154,85
1,150,86
1,179,87
1,88,153
1,209,89
1,90,152
1,91,188
1,101,92
1,94,102
1,103,95
1,96,129
1,97,159
1,98,214
1,100,99
1,157,104
1,105,204
1,106,168
1,110,107
1,108,174
1,197,109
1,158,111
1,115,113
1,128,116
1,169,118
1,119,122
1,126,120
1,211,123
1,131,171
1,134,156
1,137,138
1,196,142
1,144,143
1,145,166
1,146,175
1,170,149
1,182,151
1,194,155
1,160,164
1,183,161
1,165,162
2,0,56
2,1,82
2,2,150
2,3,147
2,4,47
2,5,117
2,6,126
2,13,7
2,63,8
2,9,181
2,25,10
2,180,11
2,167,12
2,202,14
2,15,61
2,175,16
2,78,17
2,166,18
2,19,70
2,55,20
2,21,119
2,22,196
2,171,23
2,24,183
2,168,26
2,123,27
2,28,201
2,29,103
2,30,140
2,178,31
2,111,32
2,212,33
2,34,53
2,49,35
2,36,189
2,37,38
2,43,39
2,40,42
2,41,172
2,184,44
2,45,120
2,174,46
2,48,57
2,199,50
2,51,169
2,52,65
2,54,137
2,58,130
2,59,60
2,62,141
2,64,136
2,66,170
2,71,67
2,73,68
2,69,190
2,72,207
2,193,74
2,75,186
2,148,76
2,77,156
2,89,79
2,80,198
2,81,177
2,83,154
2,84,187
2,85,211
2,86,179
2,87,191
2,155,88
2,92,90
2,129,91
2,192,93
2,151,94
2,95,197
2,104,96
2,161,97
2,185,98
2,99,205
2,195,100
2,152,101
2,102,200
2,213,105
2,204,106
2,107,165
2,164,108
2,109,203
2,162,110
2,215,112
2,113,208
2,116,114
2,214,115
2,118,209
2,125,121
2,122,128
2,124,176
2,173,127
2,210,131
2,132,134
2,188,133
2,135,138
2,144,139
2,142,206
2,143,182
2,145,146
2,149,194
2,153,157
2,163,158
2,159,160
3,0,73
3,79,1
3,157,2
3,74,3
3,46,4
3,112,5
3,130,6
3,7,61
3,8,59
3,90,9
3,10,129
3,11,37
3,12,184
3,209,13
3,14,213
3,60,15
3,16,135
3,17,171
3,18,145
3,150,19
3,20,34
3,120,21
3,190,22
3,23,30
3,24,64
3,121,25
3,26,175
3,27,173
3,211,28
3,101,29
3,31,66
3,32,107
3,33,168
3,35,57
3,176,36
3,38,180
3,39,41
3,194,40
3,42,45
3,44,43
3,47,174
3,133,48
3,49,140
3,50,122
3,177,51
3,138,52
3,53,183
3,56,54
3,134,55
3,131,58
3,182,62
3,141,63
3,65,204
3,67,167
3,68,77
3,189,69
3,70,148
3,205,71
3,197,72
3,76,75
3,196,78
3,147,80
3,170,81
3,82,89
3,98,83
3,203,84
3,88,85
3,96,86
3,212,87
3,91,104
3,172,92
3,93,199
3,94,99
3,100,95
3,97,102
3,103,152
3,105,214
3,106,111
3,108,202
3,110,109
3,114,113
3,115,188
3,201,116
3,117,193
3,207,118
3,119,123
3,191,124
3,126,125
3,127,210
3,128,215
3,136,132
3,137,195
3,139,143
3,187,142
3,186,144
3,146,192
3,206,149
3,181,151
3,169,153
3,154,155
3,156,185
3,158,162
3,198,159
3,160,178
3,179,161
3,165,163
3,200,164
3,208,166
4,77,0
4,1,207
4,2,96
4,3,82
4,4,191
4,5,113
4,6,131
4,62,7
4,61,8
4,9,121
4,95,10
4,204,11
4,195,12
4,13,212
4,184,14
4,15,181
4,86,16
4,73,17
4,188,18
4,19,147
4,167,20
4,21,42
4,22,117
4,63,23
4,59,24
4,25,93
4,213,26
4,180,27
4,28,208
4,29,97
4,30,47
4,149,31
4,109,32
4,210,33
4,34,91
4,58,35
4,36,209
4,37,112
4,183,38
4,40,39
4,41,126
4,43,127
4,125,44
4,45,119
4,51,46
4,48,49
4,116,50
4,52,134
4,199,53
4,54,136
4,55,156
4,185,56
4,57,130
4,171,60
4,64,176
4,132,65
4,66,146
4,168,67
4,193,68
4,69,79
4,75,70
4,71,187
4,72,170
4,175,74
4,174,76
4,78,197
4,80,150
4,81,179
4,83,157
4,84,88
4,85,94
4,87,177
4,89,196
4,153,90
4,152,92
4,102,98
4,99,190
4,206,100
4,103,101
4,104,211
4,173,105
4,192,106
4,107,108
4,111,110
4,215,114
4,202,115
4,118,198
4,122,120
4,123,172
4,124,182
4,178,128
4,129,138
4,140,133
4,135,137
4,214,139
4,142,141
4,143,203
4,144,194
4,145,201
4,148,200
4,151,154
4,155,169
4,164,158
4,159,165
4,162,160
4,161,189
4,163,186
4,166,205
5,0,148
5,88,1
5,76,2
5,70,3
5,198,4
5,201,5
5,119,6
5,7,63
5,8,62
5,93,9
5,10,103
5,11,185
5,12,175
5,60,13
5,14,178
5,200,15
5,16,171
5,17,145
5,18,142
5,68,19
5,20,54
5,128,21
5,176,22
5,23,180
5,24,57
5,91,25
5,26,40
5,27,184
5,181,28
5,90,29
5,131,30
5,31,69
5,32,159
5,33,37
5,43,34
5,35,212
5,39,36
5,38,193
5,138,41
5,42,122
5,44,118
5,169,45
5,46,140
5,47,167
5,127,48
5,49,64
5,50,202
5,211,51
5,139,52
5,53,58
5,136,55
5,56,206
5,65,59
5,61,188
5,67,66
5,197,71
5,172,72
5,147,73
5,74,135
5,182,75
5,134,77
5,191,78
5,79,84
5,82,80
5,205,81
5,207,83
5,177,85
5,157,86
5,154,87
5,150,89
5,92,95
5,94,111
5,96,153
5,97,151
5,98,204
5,170,99
5,100,174
5,101,104
5,165,102
5,105,107
5,106,214
5,108,162
5,158,109
5,110,164
5,112,173
5,113,195
5,114,168
5,115,199
5,120,116
5,117,192
5,126,121
5,209,123
5,196,124
5,130,125
5,137,129
5,156,132
5,133,183
5,141,210
5,190,143
5,179,144
5,146,215
5,189,149
5,187,152
5,186,155
5,160,213
5,208,161
5,194,163
5,203,166
6,78,0
6,1,150
6,2,70
6,3,79
6,4,117
6,5,181
6,45,6
6,59,7
6,178,8
6,9,91
6,104,10
6,174,11
6,214,12
6,13,61
6,167,14
6,15,65
6,210,16
6,17,18
6,19,76
6,135,20
6,21,126
6,22,115
6,187,23
6,48,24
6,25,39
6,202,26
6,195,27
6,28,44
6,29,92
6,30,49
6,73,31
6,102,32
6,185,33
6,34,96
6,64,35
6,36,172
6,37,200
6,215,38
6,40,43
6,41,50
6,125,42
6,116,46
6,183,47
6,51,114
6,52,156
6,55,53
6,54,127
6,199,56
6,57,133
6,58,128
6,140,60
6,62,211
6,63,177
6,66,189
6,69,67
6,168,68
6,71,145
6,72,186
6,129,74
6,75,134
6,77,138
6,80,207
6,81,190
6,86,82
6,83,182
6,84,154
6,85,196
6,87,208
6,89,88
6,103,90
6,188,93
6,107,94
6,95,198
6,111,97
6,173,98
6,99,169
6,109,100
6,193,101
6,162,105
6,163,106
6,204,108
6,180,110
6,212,112
6,113,209
6,118,205
6,120,119
6,121,131
6,122,130
6,123,206
6,124,194
6,132,144
6,175,136
6,184,137
6,142,139
6,171,141
6,143,176
6,213,146
6,148,147
6,149,179
6,151,170
6,152,157
6,153,197
6,155,191
6,159,158
6,192,160
6,161,203
6,164,165
6,166,201
7,139,0
7,154,1
7,91,2
7,68,3
7,8,4
7,200,5
7,6,122
7,7,193
7,137,9
7,10,29
7,11,167
7,12,180
7,23,13
7,14,168
7,172,15
7,16,34
7,144,17
7,18,66
7,181,19
7,20,25
7,39,21
7,197,22
7,136,24
7,26,214
7,27,171
7,182,28
7,130,30
7,31,72
7,32,164
7,33,174
7,35,54
7,53,36
7,119,37
7,38,185
7,128,40
7,43,41
7,42,121
7,44,192
7,50,45
7,46,48
7,47,51
7,49,58
7,196,52
7,93,55
7,56,135
7,65,57
7,140,59
7,60,173
7,61,143
7,170,62
7,209,63
7,133,64
7,67,213
7,201,69
7,70,149
7,194,71
7,179,73
7,74,77
7,147,75
7,76,86
7,134,78
7,79,155
7,206,80
7,198,81
7,82,153
7,169,83
7,190,84
7,189,85
7,88,87
7,183,89
7,90,95
7,92,104
7,94,162
7,96,152
7,97,210
7,98,107
7,191,99
7,100,103
7,101,212
7,158,102
7,105,187
7,106,202
7,108,184
7,165,109
7,110,159
7,176,111
7,112,123
7,211,113
7,114,175
7,115,204
7,126,116
7,117,178
7,177,118
7,131,120
7,205,124
7,127,125
7,157,129
7,138,132
7,141,199
7,146,142
7,145,188
7,150,148
7,203,151
7,156,195
7,160,215
7,186,161
7,208,163
7,207,166
8,0,156
8,1,157
8,2,82
8,3,88
8,4,141
8,5,189
8,123,6
8,204,7
8,142,8
8,9,39
8,121,10
8,195,11
8,213,12
8,13,201
8,185,14
8,15,177
8,178,16
8,143,17
8,144,18
8,19,31
8,129,20
8,21,50
8,22,200
8,184,23
8,24,65
8,25,138
8,95,26
8,188,27
8,28,205
8,29,194
8,30,128
8,165,32
8,173,33
8,34,136
8,180,35
8,36,38
8,37,115
8,40,119
8,41,133
8,124,42
8,122,43
8,187,44
8,45,126
8,57,46
8,193,47
8,48,140
8,59,49
8,51,191
8,52,181
8,54,53
8,55,127
8,64,56
8,58,137
8,62,60
8,166,61
8,63,197
8,66,208
8,175,67
8,80,68
8,69,76
8,86,70
8,71,190
8,72,203
8,73,169
8,155,74
8,75,198
8,77,147
8,78,146
8,87,79
8,81,209
8,83,96
8,84,150
8,85,90
8,89,179
8,153,91
8,99,92
8,135,93
8,164,94
8,103,97
8,162,98
8,199,100
8,210,101
8,102,105
8,104,154
8,174,106
8,107,172
8,167,108
8,109,170
8,214,110
8,111,160
8,116,112
8,113,196
8,212,114
8,202,117
8,118,183
8,120,130
8,125,131
8,132,206
8,148,134
8,215,139
8,192,145
8,149,168
8,151,186
8,152,176
8,171,158
8,159,211
8,161,207
8,163,182
9,138,0
9,147,1
9,79,2
9,16,3
9,7,4
9,115,5
9,6,116
9,8,210
9,43,9
9,10,125
9,11,215
9,12,202
9,206,13
9,14,22
9,183,15
9,17,132
9,18,212
9,196,19
9,20,41
9,27,21
9,23,59
9,60,24
9,92,25
9,26,204
9,194,28
9,154,29
9,50,30
9,31,77
9,32,213
9,33,199
9,35,34
9,177,36
9,209,37
9,38,40
9,39,120
9,42,118
9,44,188
9,128,45
9,46,64
9,47,48
9,49,174
9,119,51
9,140,52
9,53,129
9,131,54
9,56,55
9,127,57
9,126,58
9,61,62
9,169,63
9,65,143
9,168,66
9,67,214
9,68,69
9,70,73
9,176,71
9,145,72
9,74,153
9,150,75
9,76,80
9,139,78
9,203,81
9,82,155
9,83,84
9,157,85
9,91,86
9,186,87
9,90,88
9,190,89
9,93,152
9,94,105
9,191,95
9,96,103
9,97,175
9,98,104
9,101,99
9,100,180
9,172,102
9,106,178
9,208,107
9,108,185
9,201,109
9,110,192
9,207,111
9,112,167
9,182,113
9,114,123
9,117,195
9,130,121
9,133,122
9,211,124
9,134,171
9,136,135
9,137,187
9,141,173
9,170,142
9,146,144
9,156,148
9,198,149
9,205,151
9,158,165
9,189,159
9,160,193
9,200,161
9,197,162
9,179,163
9,164,184
9,181,166
10,75,0
10,1,70
10,2,147
10,3,96
10,4,172
10,5,46
10,6,53
10,185,7
10,180,8
10,9,20
10,92,10
10,175,11
10,174,12
10,13,179
10,193,14
10,15,209
10,55,16
10,166,17
10,78,18
10,19,211
10,21,35
10,22,169
10,51,23
10,52,24
10,25,90
10,152,26
10,122,27
10,28,196
10,29,94
10,30,133
10,80,31
10,105,32
10,202,33
10,34,39
10,36,194
10,37,42
10,192,38
10,40,126
10,41,137
10,45,43
10,213,44
10,63,47
10,48,50
10,199,49
10,54,130
10,77,56
10,57,131
10,58,138
10,59,61
10,64,60
10,62,176
10,140,65
10,66,68
10,178,67
10,69,150
10,71,186
10,72,198
10,73,76
10,88,74
10,153,79
10,81,197
10,87,82
10,155,83
10,84,157
10,85,170
10,86,156
10,89,154
10,135,91
10,204,93
10,95,201
10,109,97
10,99,98
10,214,100
10,167,101
10,102,164
10,104,103
10,187,106
10,107,189
10,165,108
10,215,110
10,111,205
10,171,112
10,113,119
10,195,114
10,210,115
10,116,182
10,173,117
10,118,206
10,123,120
10,121,127
10,124,177
10,125,128
10,129,134
10,132,208
10,212,136
10,148,139
10,183,141
10,142,203
10,143,146
10,144,145
10,149,191
10,151,168
10,188,158
10,159,181
10,184,160
10,161,190
10,162,200
10,163,207
11,0,52
11,68,1
11,156,2
11,76,3
11,24,4
11,211,5
11,39,6
11,7,192
11,8,184
11,138,9
11,10,34
11,11,202
11,12,199
11,13,63
11,14,114
11,179,15
11,16,77
11,17,75
11,18,143
11,182,19
11,20,58
11,130,21
11,22,212
11,23,175
11,96,25
11,26,185
11,119,27
11,197,28
11,104,29
11,127,30
11,31,71
11,32,210
11,33,188
11,35,45
11,43,36
11,37,122
11,38,204
11,120,40
11,93,41
11,42,178
11,44,121
11,46,59
11,47,187
11,126,48
11,49,54
11,50,125
11,128,51
11,53,57
11,137,55
11,56,195
11,60,215
11,61,144
11,172,62
11,131,64
11,65,78
11,190,66
11,67,80
11,82,69
11,70,72
11,139,73
11,74,148
11,79,86
11,206,81
11,83,85
11,147,84
11,98,87
11,157,88
11,198,89
11,154,90
11,91,152
11,100,92
11,94,214
11,169,95
11,97,107
11,103,99
11,101,174
11,201,102
11,158,105
11,106,171
11,108,203
11,176,109
11,110,165
11,209,111
11,112,213
11,117,113
11,115,180
11,205,116
11,186,118
11,194,123
11,189,124
11,208,129
11,168,132
11,133,173
11,134,135
11,136,140
11,141,193
11,166,142
11,145,167
11,177,146
11,181,149
11,150,155
11,200,151
11,196,153
11,164,159
11,160,183
11,191,161
11,207,162
11,170,163
12,143,0
12,1,83
12,2,93
12,3,91
12,4,181
12,5,119
12,6,42
12,167,7
12,195,8
12,9,126
12,41,10
12,214,11
12,212,12
12,62,13
12,183,14
12,15,24
12,52,16
12,146,17
12,173,18
12,19,197
12,156,20
12,21,205
12,199,22
12,213,23
12,25,43
12,192,26
12,27,112
12,28,200
12,29,198
12,30,60
12,187,31
12,161,32
12,180,33
12,34,186
12,36,35
12,123,37
12,174,38
12,122,39
12,40,127
12,152,44
12,45,131
12,188,46
12,140,47
12,48,53
12,185,49
12,57,50
12,51,116
12,54,138
12,55,135
12,58,56
12,59,133
12,63,61
12,64,130
12,73,65
12,66,201
12,204,67
12,184,68
12,69,172
12,84,70
12,71,206
12,72,196
12,75,74
12,193,76
12,77,136
12,78,166
12,210,79
12,80,169
12,81,182
12,148,82
12,85,209
12,86,147
12,87,211
12,88,154
12,89,98
12,90,157
12,129,92
12,103,94
12,95,104
12,155,96
12,162,97
12,99,179
12,111,100
12,175,101
12,102,108
12,105,165
12,215,106
12,107,164
12,109,194
12,171,110
12,113,207
12,114,117
12,168,115
12,118,176
12,125,120
12,121,128
12,124,170
12,132,137
12,144,134
12,178,139
12,191,141
12,142,145
12,149,208
12,153,150
12,151,189
12,202,158
12,159,177
12,203,160
12,163,190
13,0,144
13,196,1
13,68,2
13,154,3
13,200,4
13,177,5
13,127,6
13,7,142
13,8,64
13,92,9
13,10,118
13,11,168
13,12,173
13,189,13
13,14,204
13,205,15
13,16,132
13,17,52
13,18,146
13,176,19
13,20,214
13,131,21
13,22,51
13,23,174
13,24,63
13,125,25
13,26,210
13,115,27
13,42,28
13,186,29
13,65,30
13,31,193
13,32,99
13,33,184
13,74,34
13,35,48
13,50,36
13,37,124
13,38,213
13,39,45
13,53,40
13,128,41
13,126,43
13,44,199
13,46,178
13,47,202
13,49,215
13,134,54
13,133,55
13,56,187
13,117,57
13,136,58
13,139,59
13,60,185
13,61,78
13,208,62
13,166,66
13,67,188
13,197,69
13,70,89
13,211,71
13,147,72
13,150,73
13,170,75
13,76,191
13,135,77
13,79,171
13,201,80
13,82,81
13,83,153
13,207,84
13,97,85
13,93,86
13,209,87
13,98,88
13,96,90
13,91,103
13,94,109
13,179,95
13,100,102
13,101,183
13,104,152
13,108,105
13,106,180
13,198,107
13,110,195
13,182,111
13,112,114
13,206,113
13,116,122
13,119,167
13,120,121
13,203,123
13,172,129
13,130,140
13,137,192
13,138,156
13,141,175
13,145,143
13,194,148
13,190,149
13,165,151
13,157,155
13,158,161
13,169,159
13,160,212
13,164,162
13,181,163
