11,Heuristic,i03,0,100,1
Time,Value 
Final, 3216,7231

Round,H_team,A_team 
0,77,0
0,175,1
0,2,86
0,3,202
0,60,4
0,172,5
0,120,6
0,7,215
0,8,214
0,25,9
0,10,103
0,33,11
0,170,12
0,13,63
0,14,115
0,15,193
0,16,199
0,17,78
0,18,211
0,80,19
0,20,137
0,45,21
0,191,22
0,23,47
0,174,24
0,26,44
0,27,37
0,200,28
0,29,92
0,177,30
0,31,167
0,108,32
0,41,34
0,35,48
0,36,40
0,190,38
0,126,39
0,201,42
0,43,203
0,176,46
0,49,57
0,50,128
0,213,51
0,56,52
0,53,195
0,133,54
0,55,138
0,127,58
0,59,212
0,61,142
0,183,62
0,64,65
0,66,173
0,149,67
0,73,68
0,69,184
0,147,70
0,71,197
0,72,209
0,74,187
0,75,148
0,150,76
0,181,79
0,87,81
0,188,82
0,83,88
0,89,84
0,180,85
0,152,90
0,96,91
0,129,93
0,94,102
0,171,95
0,97,99
0,205,98
0,101,100
0,157,104
0,105,164
0,106,210
0,107,162
0,109,111
0,110,165
0,112,113
0,194,114
0,206,116
0,198,117
0,118,196
0,122,119
0,121,178
0,189,123
0,168,124
0,125,182
0,131,130
0,132,139
0,134,179
0,135,156
0,136,192
0,169,140
0,141,186
0,143,144
0,145,204
0,166,146
0,159,151
0,155,153
0,207,154
0,163,158
0,160,185
0,161,208
1,0,73
1,84,1
1,2,3
1,4,23
1,5,174
1,6,45
1,141,7
1,15,8
1,9,194
1,10,25
1,191,11
1,37,12
1,169,13
1,190,14
1,16,74
1,143,17
1,146,18
1,19,170
1,55,20
1,21,122
1,22,213
1,24,64
1,196,26
1,27,168
1,28,211
1,29,208
1,30,167
1,70,31
1,165,32
1,193,33
1,34,205
1,210,35
1,36,214
1,38,200
1,39,53
1,42,40
1,41,121
1,43,125
1,44,182
1,46,47
1,48,131
1,130,49
1,186,50
1,51,116
1,52,198
1,54,127
1,136,56
1,57,140
1,58,133
1,60,59
1,203,61
1,62,197
1,199,63
1,65,201
1,66,171
1,67,71
1,68,148
1,80,69
1,72,149
1,75,77
1,76,177
1,144,78
1,82,79
1,81,89
1,83,155
1,154,85
1,184,86
1,181,87
1,153,88
1,90,157
1,91,93
1,92,103
1,204,94
1,95,172
1,129,96
1,161,97
1,98,183
1,192,99
1,100,175
1,212,101
1,102,180
1,104,152
1,105,108
1,215,106
1,111,107
1,173,109
1,163,110
1,112,185
1,113,115
1,114,209
1,117,206
1,178,118
1,123,119
1,126,120
1,124,195
1,128,207
1,132,176
1,156,134
1,179,135
1,137,138
1,139,189
1,142,187
1,145,166
1,147,150
1,151,188
1,162,158
1,202,159
1,160,164
2,0,156
2,1,83
2,74,2
2,3,150
2,4,179
2,5,169
2,6,126
2,7,8
2,9,129
2,152,10
2,11,178
2,12,33
2,213,13
2,14,194
2,63,15
2,135,16
2,144,17
2,18,166
2,19,82
2,138,20
2,21,120
2,22,184
2,23,177
2,24,57
2,25,41
2,118,26
2,124,27
2,182,28
2,103,29
2,48,30
2,195,31
2,32,111
2,93,34
2,131,35
2,211,36
2,37,38
2,39,43
2,40,175
2,123,42
2,44,201
2,122,45
2,117,46
2,47,189
2,49,193
2,50,176
2,51,210
2,212,52
2,53,127
2,58,54
2,137,55
2,56,132
2,59,196
2,172,60
2,192,61
2,62,206
2,140,64
2,65,139
2,215,66
2,185,67
2,77,68
2,69,70
2,149,71
2,197,72
2,148,73
2,203,75
2,76,147
2,78,143
2,79,80
2,81,191
2,155,84
2,85,151
2,86,200
2,87,180
2,88,154
2,89,153
2,104,90
2,157,91
2,168,92
2,159,94
2,95,101
2,96,181
2,97,186
2,98,198
2,99,100
2,102,173
2,214,105
2,208,106
2,107,110
2,108,162
2,187,109
2,114,112
2,113,183
2,115,174
2,116,199
2,119,207
2,125,121
2,204,128
2,130,133
2,134,136
2,202,141
2,171,142
2,167,145
2,205,146
2,158,165
2,170,160
2,209,161
2,188,163
2,164,190
3,143,0
3,1,89
3,82,2
3,86,3
3,47,4
3,180,5
3,122,6
3,15,7
3,8,141
3,10,9
3,11,14
3,12,205
3,13,62
3,93,16
3,17,209
3,18,197
3,79,19
3,20,53
3,42,21
3,193,22
3,183,23
3,186,24
3,152,25
3,26,204
3,27,123
3,38,28
3,184,29
3,46,30
3,31,215
3,32,102
3,33,178
3,34,170
3,35,58
3,36,210
3,195,37
3,121,39
3,45,40
3,41,125
3,43,168
3,179,44
3,57,48
3,131,49
3,50,116
3,200,51
3,136,52
3,54,137
3,135,55
3,133,56
3,64,59
3,60,63
3,61,208
3,196,65
3,145,66
3,67,72
3,68,147
3,206,69
3,150,70
3,71,173
3,73,75
3,74,156
3,191,76
3,148,77
3,207,78
3,198,80
3,189,81
3,154,83
3,153,84
3,88,85
3,87,155
3,91,90
3,92,95
3,94,172
3,96,157
3,159,97
3,194,98
3,99,167
3,100,213
3,101,103
3,201,104
3,162,105
3,106,212
3,165,107
3,164,108
3,109,192
3,110,190
3,111,188
3,115,112
3,211,113
3,174,114
3,171,117
3,118,202
3,120,119
3,176,124
3,126,128
3,127,130
3,129,199
3,177,132
3,138,134
3,139,144
3,175,140
3,142,203
3,146,185
3,182,149
3,151,160
3,158,169
3,214,161
3,163,181
3,166,187
4,0,148
4,155,1
4,2,157
4,83,3
4,46,4
4,113,5
4,6,21
4,7,142
4,8,63
4,121,9
4,44,10
4,37,11
4,187,12
4,13,182
4,112,14
4,59,15
4,16,214
4,178,17
4,181,18
4,19,211
4,54,20
4,114,22
4,23,60
4,215,24
4,25,180
4,167,26
4,209,27
4,28,201
4,29,159
4,30,140
4,147,31
4,110,32
4,33,115
4,34,175
4,57,35
4,36,42
4,168,38
4,39,125
4,205,40
4,43,41
4,45,120
4,210,47
4,130,48
4,213,49
4,204,50
4,51,196
4,52,139
4,53,126
4,55,93
4,134,56
4,58,131
4,141,61
4,62,203
4,197,64
4,65,171
4,66,185
4,173,67
4,75,68
4,69,195
4,70,76
4,72,71
4,77,73
4,190,74
4,78,189
4,208,79
4,80,206
4,81,207
4,82,150
4,84,88
4,85,98
4,174,86
4,89,87
4,90,176
4,129,91
4,101,92
4,151,94
4,95,184
4,104,96
4,97,100
4,102,99
4,103,152
4,105,170
4,199,106
4,107,158
4,108,186
4,172,109
4,111,165
4,116,119
4,117,191
4,169,118
4,128,122
4,123,177
4,124,183
4,127,133
4,132,136
4,137,135
4,156,138
4,192,143
4,144,179
4,193,145
4,212,146
4,149,200
4,154,153
4,160,162
4,161,194
4,202,163
4,188,164
4,166,198
5,0,144
5,1,87
5,150,2
5,3,89
5,4,215
5,5,51
5,6,131
5,61,7
5,60,8
5,9,34
5,10,129
5,11,202
5,12,169
5,141,13
5,14,33
5,198,15
5,16,174
5,17,211
5,142,18
5,70,19
5,20,134
5,21,36
5,22,214
5,199,23
5,24,59
5,208,25
5,26,182
5,188,27
5,28,171
5,29,154
5,30,117
5,31,181
5,32,158
5,35,39
5,124,37
5,201,38
5,40,118
5,209,41
5,42,120
5,190,43
5,184,44
5,119,45
5,140,46
5,47,213
5,48,127
5,49,133
5,205,50
5,132,52
5,53,137
5,56,54
5,156,55
5,64,57
5,177,58
5,62,193
5,63,168
5,185,65
5,194,66
5,206,67
5,68,183
5,196,69
5,71,179
5,178,72
5,73,78
5,74,135
5,76,75
5,203,77
5,176,79
5,80,82
5,81,84
5,153,83
5,85,191
5,86,207
5,88,155
5,90,103
5,91,104
5,92,152
5,93,96
5,94,97
5,100,95
5,98,102
5,99,200
5,187,101
5,173,105
5,106,111
5,163,107
5,165,108
5,109,175
5,162,110
5,112,192
5,114,113
5,115,197
5,116,122
5,189,121
5,195,123
5,125,126
5,128,130
5,138,136
5,143,139
5,146,145
5,148,147
5,180,149
5,186,151
5,157,204
5,172,159
5,210,160
5,161,212
5,167,164
5,170,166
6,78,0
6,154,1
6,2,174
6,183,3
6,4,169
6,117,5
6,39,6
6,7,59
6,8,13
6,125,9
6,95,10
6,11,190
6,12,14
6,15,61
6,91,16
6,139,17
6,18,199
6,19,188
6,93,20
6,182,21
6,179,22
6,46,23
6,24,49
6,25,129
6,26,172
6,27,178
6,36,28
6,193,29
6,47,30
6,75,31
6,32,107
6,33,206
6,34,43
6,54,35
6,37,123
6,38,170
6,197,40
6,41,53
6,42,119
6,44,121
6,45,205
6,133,48
6,50,198
6,51,176
6,52,204
6,55,56
6,57,194
6,130,58
6,168,60
6,63,62
6,136,64
6,65,140
6,66,72
6,67,177
6,191,68
6,69,149
6,79,70
6,214,71
6,73,143
6,202,74
6,77,76
6,147,80
6,155,81
6,84,82
6,83,85
6,150,86
6,87,153
6,89,88
6,96,90
6,104,92
6,98,94
6,102,97
6,180,99
6,211,100
6,152,101
6,103,167
6,195,105
6,106,209
6,207,108
6,109,110
6,158,111
6,203,112
6,113,210
6,192,114
6,115,186
6,120,116
6,118,181
6,122,213
6,185,124
6,126,127
6,131,128
6,134,132
6,135,138
6,137,156
6,142,141
6,144,208
6,145,201
6,146,215
6,212,148
6,151,189
6,171,157
6,159,184
6,160,196
6,175,161
6,162,165
6,163,187
6,164,173
6,200,166
7,132,0
7,1,81
7,76,2
7,3,167
7,194,4
7,5,114
7,119,6
7,13,7
7,59,8
7,43,9
7,10,197
7,183,11
7,178,12
7,14,198
7,181,15
7,16,55
7,17,73
7,174,18
7,199,19
7,127,20
7,40,21
7,22,195
7,23,117
7,48,24
7,121,25
7,208,26
7,112,27
7,28,192
7,97,29
7,30,131
7,31,211
7,94,32
7,189,33
7,34,91
7,49,35
7,179,36
7,172,37
7,38,193
7,41,39
7,45,42
7,44,125
7,212,46
7,176,47
7,50,126
7,201,51
7,52,65
7,58,53
7,64,54
7,56,156
7,130,57
7,140,60
7,187,61
7,62,141
7,213,63
7,149,66
7,196,67
7,68,150
7,69,147
7,80,70
7,168,71
7,72,180
7,86,74
7,170,75
7,135,77
7,78,191
7,79,84
7,82,171
7,157,83
7,85,153
7,88,87
7,155,89
7,92,90
7,138,93
7,103,95
7,186,96
7,175,98
7,99,190
7,100,188
7,101,182
7,107,102
7,104,154
7,105,165
7,204,106
7,108,202
7,210,109
7,110,158
7,111,163
7,184,113
7,173,115
7,116,128
7,209,118
7,120,122
7,123,203
7,177,124
7,129,152
7,133,136
7,137,134
7,139,142
7,214,143
7,206,144
7,215,145
7,207,146
7,148,200
7,169,151
7,160,159
7,161,185
7,164,162
7,166,205
8,0,56
8,153,1
8,96,2
8,88,3
8,193,4
8,5,112
8,6,125
8,62,7
8,8,186
8,9,41
8,26,10
8,11,12
8,184,13
8,167,14
8,60,15
8,86,16
8,17,177
8,18,185
8,19,147
8,20,136
8,21,119
8,206,22
8,23,215
8,24,196
8,90,25
8,27,212
8,40,28
8,29,104
8,30,130
8,31,68
8,163,32
8,33,201
8,188,34
8,35,50
8,202,36
8,37,187
8,181,38
8,39,127
8,182,42
8,43,121
8,118,44
8,116,45
8,48,46
8,209,47
8,140,49
8,51,117
8,77,52
8,53,55
8,138,54
8,57,133
8,128,58
8,141,59
8,61,139
8,63,210
8,195,64
8,65,132
8,146,66
8,194,67
8,208,69
8,70,82
8,71,175
8,174,72
8,203,73
8,74,173
8,190,75
8,148,76
8,205,78
8,150,79
8,80,171
8,81,200
8,84,83
8,85,155
8,87,214
8,213,89
8,156,91
8,169,92
8,93,137
8,94,99
8,152,95
8,97,98
8,100,103
8,170,101
8,158,102
8,107,105
8,106,191
8,108,204
8,109,179
8,110,178
8,111,162
8,197,113
8,114,176
8,115,183
8,131,120
8,122,126
8,124,123
8,129,211
8,134,135
8,172,142
8,143,199
8,198,144
8,145,168
8,149,207
8,151,154
8,157,192
8,159,164
8,165,160
8,189,161
8,180,166
9,52,0
9,1,88
9,2,16
9,155,3
9,4,30
9,182,5
9,123,6
9,7,63
9,211,8
9,152,9
9,10,93
9,175,11
9,12,115
9,13,60
9,14,180
9,15,194
9,200,17
9,196,18
9,19,150
9,20,135
9,21,128
9,173,22
9,212,23
9,65,24
9,25,43
9,205,26
9,27,170
9,186,28
9,29,85
9,66,31
9,32,109
9,33,37
9,96,34
9,35,213
9,36,45
9,210,38
9,120,39
9,125,40
9,41,129
9,42,199
9,193,44
9,46,116
9,47,169
9,49,48
9,50,172
9,51,202
9,133,53
9,54,130
9,55,134
9,64,56
9,58,57
9,59,140
9,191,61
9,168,62
9,67,178
9,68,76
9,72,69
9,75,70
9,71,145
9,73,189
9,91,74
9,156,77
9,78,208
9,79,188
9,192,80
9,153,81
9,147,82
9,83,86
9,84,87
9,89,195
9,90,177
9,92,100
9,160,94
9,95,104
9,151,97
9,98,167
9,204,99
9,101,206
9,102,111
9,179,103
9,105,110
9,198,106
9,164,107
9,158,108
9,119,112
9,113,209
9,117,114
9,118,203
9,121,214
9,122,197
9,171,124
9,126,131
9,127,138
9,132,143
9,136,137
9,139,174
9,176,141
9,142,201
9,144,190
9,146,184
9,185,148
9,215,149
9,154,157
9,183,159
9,187,161
9,162,163
9,207,165
9,166,181
10,0,134
10,82,1
10,70,2
10,3,153
10,203,4
10,5,184
10,130,6
10,7,194
10,61,8
10,9,90
10,121,10
10,11,193
10,175,12
10,181,13
10,37,14
10,15,65
10,16,96
10,176,17
10,145,18
10,69,19
10,34,20
10,126,21
10,22,183
10,23,207
10,60,24
10,25,125
10,40,26
10,119,27
10,28,208
10,95,29
10,30,51
10,148,31
10,162,32
10,197,33
10,53,35
10,169,36
10,38,173
10,42,39
10,120,41
10,44,43
10,45,198
10,128,46
10,47,171
10,48,54
10,49,64
10,58,50
10,138,52
10,136,55
10,56,77
10,131,57
10,63,59
10,188,62
10,67,66
10,68,170
10,178,71
10,167,72
10,144,73
10,76,74
10,147,75
10,202,78
10,79,213
10,150,80
10,201,81
10,89,83
10,85,84
10,86,157
10,87,172
10,88,151
10,196,91
10,185,92
10,135,93
10,164,94
10,174,97
10,192,98
10,99,206
10,100,215
10,104,101
10,102,105
10,103,189
10,106,109
10,108,107
10,110,111
10,112,209
10,113,205
10,114,116
10,115,190
10,117,182
10,195,118
10,123,122
10,124,187
10,137,127
10,200,129
10,210,132
10,140,133
10,204,139
10,141,180
10,142,212
10,143,179
10,186,146
10,211,149
10,199,152
10,154,155
10,214,156
10,159,158
10,191,160
10,161,168
10,165,163
10,177,166
11,75,0
11,1,79
11,155,2
11,3,84
11,4,63
11,116,5
11,6,42
11,172,7
11,8,195
11,9,176
11,101,10
11,11,115
11,207,12
11,13,173
11,14,210
11,62,15
11,20,16
11,17,148
11,18,200
11,198,19
11,39,21
11,22,112
11,30,23
11,24,46
11,91,25
11,26,175
11,215,27
11,28,44
11,29,90
11,31,73
11,32,160
11,33,214
11,55,34
11,35,179
11,36,201
11,180,37
11,184,38
11,170,40
11,127,41
11,43,126
11,45,123
11,177,47
11,48,58
11,206,49
11,50,122
11,182,51
11,52,193
11,53,138
11,54,136
11,135,56
11,57,204
11,65,59
11,60,141
11,61,171
11,64,139
11,166,66
11,208,67
11,70,68
11,71,69
11,72,212
11,74,150
11,96,76
11,77,147
11,78,145
11,80,203
11,81,185
11,86,82
11,83,87
11,85,102
11,98,88
11,190,89
11,178,92
11,93,156
11,94,162
11,188,95
11,97,192
11,99,191
11,197,100
11,104,103
11,213,105
11,106,186
11,107,196
11,194,108
11,109,169
11,189,110
11,111,161
11,187,113
11,167,114
11,209,117
11,168,118
11,183,119
11,125,120
11,131,121
11,181,124
11,133,128
11,129,137
11,140,130
11,132,144
11,134,202
11,146,142
11,205,143
11,149,174
11,153,151
11,157,152
11,199,154
11,158,164
11,159,165
11,163,211
12,0,17
12,19,1
12,2,153
12,147,3
12,4,8
12,115,5
12,116,6
12,214,7
12,212,9
12,10,104
12,112,11
12,12,199
12,13,61
12,14,168
12,15,64
12,16,77
12,201,18
12,20,129
12,21,123
12,198,22
12,23,209
12,206,24
12,175,25
12,195,26
12,27,177
12,196,28
12,152,29
12,57,30
12,31,72
12,32,159
12,171,33
12,34,53
12,46,35
12,39,36
12,119,37
12,38,207
12,40,121
12,41,133
12,122,42
12,120,43
12,185,44
12,125,45
12,117,47
12,128,48
12,59,49
12,130,50
12,51,191
12,52,134
12,54,55
12,56,137
12,58,126
12,190,60
12,211,62
12,63,187
12,136,65
12,66,192
12,67,189
12,82,68
12,69,150
12,148,70
12,71,176
12,73,132
12,138,74
12,210,75
12,76,86
12,78,184
12,89,79
12,173,80
12,88,81
12,98,83
12,84,154
12,87,85
12,90,101
12,91,135
12,92,182
12,157,93
12,107,94
12,95,194
12,156,96
12,97,111
12,202,99
12,100,181
12,102,162
12,103,197
12,105,158
12,193,106
12,108,110
12,109,163
12,200,113
12,114,203
12,118,172
12,124,188
12,127,131
12,139,183
12,186,140
12,141,178
12,142,205
12,170,143
12,144,174
12,145,169
12,179,146
12,208,149
12,151,155
12,160,167
12,161,213
12,164,180
12,165,204
12,215,166
13,68,0
13,1,85
13,2,88
13,3,16
13,177,4
13,5,168
13,6,41
13,7,60
13,8,62
13,9,91
13,92,10
13,192,11
13,12,198
13,59,13
13,182,14
13,173,15
13,17,132
13,18,210
13,76,19
13,156,20
13,21,50
13,22,117
13,214,23
13,24,136
13,25,104
13,26,190
13,189,27
13,28,175
13,101,29
13,49,30
13,77,31
13,105,32
13,203,33
13,167,34
13,35,43
13,38,36
13,37,112
13,40,39
13,42,125
13,44,205
13,128,45
13,46,51
13,47,170
13,140,48
13,64,52
13,134,53
13,93,54
13,55,127
13,56,138
13,187,57
13,137,58
13,61,172
13,63,141
13,178,65
13,66,71
13,67,202
13,79,69
13,70,206
13,72,80
13,73,147
13,74,96
13,75,181
13,139,78
13,81,193
13,82,89
13,83,151
13,84,86
13,154,87
13,90,95
13,94,188
13,200,97
13,199,98
13,99,186
13,185,100
13,165,102
13,103,215
13,207,106
13,204,107
13,169,108
13,158,109
13,110,164
13,111,159
13,113,212
13,119,114
13,191,115
13,171,116
13,184,118
13,123,120
13,121,122
13,211,124
13,126,130
13,201,129
13,133,131
13,194,135
13,176,142
13,143,146
13,213,144
13,179,145
13,150,148
13,149,195
13,209,152
13,153,157
13,183,155
13,197,160
13,180,161
13,162,208
13,174,163
13,166,196
