0,Heuristic,i03,1,3,1
Time,Value 
Final, 3247,7231

Round,H_team,A_team 
0,52,0
0,1,84
0,2,150
0,86,3
0,23,4
0,5,179
0,120,6
0,7,141
0,8,60
0,9,199
0,152,10
0,11,115
0,12,194
0,13,63
0,33,14
0,15,61
0,74,16
0,143,17
0,183,18
0,196,19
0,20,137
0,21,42
0,22,180
0,24,57
0,25,209
0,26,118
0,27,123
0,215,28
0,197,29
0,46,30
0,185,31
0,162,32
0,41,34
0,48,35
0,45,36
0,37,38
0,126,39
0,201,40
0,43,173
0,44,203
0,47,168
0,49,140
0,50,128
0,117,51
0,53,172
0,136,54
0,156,55
0,56,134
0,58,133
0,186,59
0,214,62
0,64,65
0,66,145
0,71,67
0,167,68
0,80,69
0,147,70
0,193,72
0,73,148
0,177,75
0,182,76
0,189,77
0,144,78
0,82,79
0,81,198
0,87,83
0,154,85
0,192,88
0,89,171
0,104,90
0,91,195
0,103,92
0,129,93
0,102,94
0,187,95
0,96,204
0,161,97
0,212,98
0,170,99
0,207,100
0,213,101
0,105,164
0,106,109
0,107,158
0,108,176
0,110,165
0,174,111
0,112,206
0,113,202
0,114,191
0,116,190
0,119,122
0,121,205
0,124,169
0,125,210
0,127,208
0,131,130
0,132,184
0,135,138
0,139,175
0,200,142
0,166,146
0,211,149
0,151,159
0,155,153
0,157,178
0,188,160
0,163,181
1,0,56
1,89,1
1,3,2
1,4,200
1,191,5
1,6,193
1,209,7
1,141,8
1,9,25
1,10,129
1,11,33
1,179,12
1,201,13
1,115,14
1,195,15
1,16,167
1,17,215
1,18,213
1,19,82
1,138,20
1,45,21
1,204,22
1,47,23
1,172,24
1,174,26
1,124,27
1,38,28
1,29,185
1,30,117
1,148,31
1,32,158
1,34,43
1,35,131
1,40,36
1,123,37
1,39,125
1,41,121
1,173,42
1,175,44
1,171,46
1,130,48
1,57,49
1,184,50
1,51,194
1,211,52
1,137,53
1,54,58
1,55,136
1,59,205
1,60,63
1,142,61
1,62,196
1,140,64
1,65,139
1,66,169
1,149,67
1,68,147
1,69,183
1,70,80
1,72,71
1,77,73
1,199,74
1,75,192
1,150,76
1,78,177
1,190,79
1,208,81
1,88,83
1,84,155
1,98,85
1,186,86
1,189,87
1,90,187
1,93,91
1,92,152
1,94,170
1,95,212
1,157,96
1,97,99
1,100,202
1,101,103
1,198,102
1,178,104
1,105,108
1,111,106
1,176,107
1,109,197
1,180,110
1,203,112
1,206,113
1,181,114
1,119,116
1,168,118
1,126,120
1,122,128
1,133,127
1,134,132
1,135,156
1,144,143
1,145,166
1,146,207
1,214,151
1,153,154
1,159,188
1,164,160
1,161,182
1,165,162
1,210,163
2,73,0
2,1,82
2,2,16
2,155,3
2,4,60
2,114,5
2,130,6
2,7,195
2,8,59
2,129,9
2,177,10
2,14,11
2,12,210
2,13,141
2,15,174
2,194,17
2,18,145
2,19,70
2,20,54
2,21,122
2,22,209
2,23,30
2,24,64
2,205,25
2,26,200
2,27,197
2,28,172
2,188,29
2,31,75
2,165,32
2,33,184
2,215,34
2,58,35
2,36,179
2,37,124
2,213,38
2,127,39
2,170,40
2,43,41
2,42,123
2,44,208
2,120,45
2,117,46
2,202,47
2,48,49
2,50,204
2,190,51
2,52,65
2,53,133
2,55,134
2,136,56
2,140,57
2,61,178
2,169,62
2,63,168
2,181,66
2,67,72
2,76,68
2,69,147
2,71,149
2,74,135
2,156,77
2,143,78
2,79,199
2,80,193
2,81,186
2,83,154
2,84,89
2,85,206
2,86,150
2,87,203
2,88,153
2,152,90
2,91,157
2,104,92
2,96,93
2,107,94
2,103,95
2,97,159
2,187,98
2,99,100
2,192,101
2,102,191
2,162,105
2,106,198
2,108,211
2,185,109
2,110,163
2,158,111
2,112,113
2,115,183
2,167,116
2,118,180
2,207,119
2,121,125
2,131,126
2,128,212
2,132,171
2,138,137
2,139,144
2,182,142
2,196,146
2,173,148
2,151,201
2,160,214
2,175,161
2,164,176
2,166,189
3,0,143
3,3,1
3,167,2
3,47,4
3,5,112
3,6,21
3,60,7
3,174,8
3,34,9
3,25,10
3,11,194
3,33,12
3,168,13
3,191,14
3,59,15
3,16,91
3,17,181
3,215,18
3,150,19
3,135,20
3,22,114
3,46,23
3,49,24
3,199,26
3,212,27
3,28,187
3,29,103
3,30,140
3,68,31
3,32,110
3,35,57
3,186,36
3,197,37
3,38,182
3,39,121
3,208,40
3,41,53
3,45,42
3,125,43
3,210,44
3,48,131
3,122,50
3,51,188
3,56,52
3,54,138
3,137,55
3,127,58
3,141,61
3,211,62
3,206,63
3,64,136
3,65,171
3,66,185
3,201,67
3,70,69
3,193,71
3,72,170
3,75,73
3,93,74
3,147,76
3,77,207
3,78,205
3,79,80
3,209,81
3,82,84
3,153,83
3,151,85
3,195,86
3,180,87
3,154,88
3,89,155
3,92,90
3,94,158
3,101,95
3,200,96
3,100,97
3,98,196
3,99,213
3,192,102
3,157,104
3,105,107
3,214,106
3,172,108
3,109,111
3,113,115
3,116,204
3,117,173
3,118,190
3,119,120
3,123,178
3,124,177
3,126,128
3,176,129
3,133,130
3,132,139
3,134,156
3,189,142
3,144,175
3,145,146
3,148,202
3,149,169
3,203,152
3,159,160
3,198,161
3,183,162
3,163,165
3,184,164
3,179,166
4,0,77
4,1,189
4,2,82
4,83,3
4,4,30
4,113,5
4,131,6
4,7,180
4,8,13
4,9,125
4,10,192
4,12,11
4,14,112
4,15,183
4,86,16
4,213,17
4,18,203
4,19,79
4,55,20
4,21,119
4,196,22
4,23,60
4,24,65
4,152,25
4,26,211
4,37,27
4,36,28
4,92,29
4,31,147
4,111,32
4,115,33
4,202,34
4,205,35
4,207,38
4,39,43
4,40,45
4,129,41
4,42,174
4,44,121
4,140,46
4,170,47
4,57,48
4,130,49
4,212,50
4,185,51
4,52,132
4,53,127
4,54,133
4,173,56
4,58,126
4,59,64
4,61,208
4,62,197
4,63,172
4,194,66
4,67,209
4,73,68
4,69,215
4,76,70
4,71,181
4,72,149
4,74,156
4,178,75
4,200,78
4,80,150
4,81,87
4,84,153
4,85,182
4,88,89
4,90,157
4,96,91
4,191,93
4,94,159
4,95,199
4,102,97
4,190,98
4,204,99
4,101,100
4,103,201
4,104,175
4,206,105
4,106,179
4,107,108
4,163,109
4,158,110
4,114,116
4,171,117
4,188,118
4,120,122
4,187,123
4,198,124
4,128,167
4,138,134
4,193,135
4,136,137
4,139,143
4,141,184
4,142,186
4,169,144
4,145,210
4,146,214
4,168,148
4,160,151
4,155,154
4,161,195
4,162,164
4,165,177
4,166,176
5,144,0
5,79,1
5,157,2
5,3,88
5,46,4
5,117,5
5,45,6
5,13,7
5,192,8
5,121,9
5,10,92
5,11,37
5,14,12
5,65,15
5,16,168
5,17,139
5,182,18
5,19,80
5,20,53
5,167,21
5,22,185
5,215,23
5,24,169
5,25,207
5,195,26
5,27,170
5,28,206
5,29,154
5,30,188
5,70,31
5,109,32
5,199,33
5,34,193
5,35,39
5,42,36
5,38,187
5,118,40
5,125,41
5,43,44
5,47,186
5,48,127
5,49,198
5,50,120
5,116,51
5,52,54
5,135,55
5,56,132
5,57,130
5,131,58
5,60,59
5,203,61
5,62,63
5,64,202
5,174,66
5,67,190
5,68,213
5,149,69
5,210,71
5,179,72
5,147,73
5,150,74
5,148,75
5,77,76
5,78,171
5,81,84
5,82,86
5,89,83
5,153,85
5,87,155
5,90,103
5,91,129
5,93,196
5,97,94
5,197,95
5,96,104
5,98,189
5,99,102
5,177,100
5,184,101
5,105,191
5,208,106
5,162,107
5,108,214
5,110,200
5,159,111
5,112,114
5,209,113
5,201,115
5,123,119
5,122,126
5,180,124
5,175,128
5,133,140
5,134,137
5,136,173
5,156,138
5,142,141
5,143,178
5,181,145
5,172,146
5,211,151
5,176,152
5,165,158
5,160,205
5,183,161
5,204,163
5,164,212
5,194,166
6,132,0
6,83,1
6,2,96
6,3,153
6,4,175
6,5,197
6,6,122
6,61,7
6,15,8
6,9,10
6,189,11
6,12,215
6,13,62
6,186,14
6,205,16
6,17,144
6,18,142
6,31,19
6,20,156
6,21,120
6,206,22
6,23,117
6,59,24
6,25,129
6,44,26
6,178,27
6,196,28
6,85,29
6,213,30
6,32,160
6,33,203
6,34,91
6,35,192
6,36,174
6,37,172
6,198,38
6,39,53
6,40,42
6,41,201
6,127,43
6,119,45
6,51,46
6,171,47
6,140,48
6,49,131
6,126,50
6,182,52
6,54,56
6,138,55
6,64,57
6,130,58
6,141,60
6,63,204
6,173,65
6,66,149
6,169,67
6,75,68
6,69,79
6,188,70
6,200,71
6,72,194
6,73,143
6,76,74
6,77,148
6,139,78
6,80,82
6,214,81
6,84,87
6,86,157
6,88,155
6,180,89
6,154,90
6,101,92
6,137,93
6,94,183
6,95,104
6,202,97
6,98,209
6,99,177
6,100,184
6,102,211
6,103,152
6,190,105
6,193,106
6,107,110
6,108,164
6,191,109
6,111,165
6,115,112
6,113,195
6,114,199
6,128,116
6,212,118
6,187,121
6,168,123
6,124,185
6,125,170
6,133,136
6,134,135
6,145,176
6,146,210
6,147,150
6,151,179
6,158,162
6,159,181
6,161,208
6,163,167
6,166,207
7,0,134
7,1,88
7,74,2
7,150,3
7,170,4
7,5,51
7,128,6
7,7,15
7,8,63
7,43,9
7,10,44
7,11,180
7,176,12
7,60,13
7,14,200
7,16,20
7,78,17
7,208,18
7,19,147
7,123,21
7,112,22
7,23,172
7,24,173
7,121,25
7,26,189
7,27,193
7,28,40
7,97,29
7,30,49
7,31,66
7,164,32
7,207,33
7,93,34
7,50,35
7,202,36
7,181,37
7,38,191
7,39,41
7,42,119
7,45,122
7,46,169
7,47,214
7,48,133
7,139,52
7,53,138
7,55,54
7,56,212
7,57,190
7,58,136
7,59,140
7,211,61
7,62,141
7,210,64
7,65,132
7,67,196
7,68,77
7,71,69
7,70,82
7,215,72
7,144,73
7,183,75
7,148,76
7,79,84
7,195,80
7,89,81
7,155,83
7,213,85
7,96,86
7,153,87
7,90,186
7,91,179
7,92,95
7,160,94
7,102,98
7,192,99
7,167,100
7,152,101
7,103,168
7,104,154
7,105,178
7,106,187
7,165,107
7,162,108
7,109,158
7,110,111
7,185,113
7,175,114
7,199,115
7,116,126
7,117,205
7,118,182
7,120,130
7,188,124
7,184,125
7,131,127
7,129,157
7,135,198
7,156,137
7,142,209
7,143,206
7,204,145
7,201,146
7,149,197
7,194,151
7,174,159
7,171,161
7,203,163
7,177,166
8,0,189
8,154,1
8,83,2
8,3,74
8,4,201
8,115,5
8,6,126
8,62,7
8,191,8
8,41,9
8,26,10
8,112,11
8,37,12
8,13,59
8,206,14
8,63,15
8,93,16
8,17,175
8,18,207
8,182,19
8,127,20
8,36,21
8,22,117
8,212,23
8,204,24
8,25,211
8,27,194
8,44,28
8,29,101
8,214,30
8,77,31
8,32,107
8,33,167
8,34,170
8,49,35
8,197,38
8,40,39
8,210,42
8,121,43
8,123,45
8,64,46
8,173,47
8,200,48
8,198,50
8,51,180
8,52,134
8,55,53
8,54,130
8,56,65
8,57,131
8,138,58
8,177,60
8,61,139
8,66,71
8,67,208
8,148,68
8,72,69
8,70,150
8,73,183
8,75,147
8,76,86
8,78,176
8,169,79
8,196,80
8,81,155
8,82,195
8,88,84
8,85,90
8,87,89
8,91,104
8,100,92
8,94,192
8,95,152
8,129,96
8,151,97
8,98,188
8,99,171
8,111,102
8,185,103
8,158,105
8,106,184
8,108,165
8,205,109
8,110,162
8,113,114
8,122,116
8,118,174
8,119,168
8,125,120
8,179,124
8,133,128
8,136,132
8,137,135
8,193,140
8,172,141
8,199,142
8,143,215
8,178,144
8,145,202
8,146,181
8,209,149
8,157,153
8,156,190
8,159,164
8,203,160
8,186,161
8,163,187
8,166,213
9,135,0
9,1,87
9,2,76
9,89,3
9,4,204
9,5,200
9,116,6
9,7,8
9,9,209
9,10,95
9,11,179
9,12,115
9,171,13
9,14,176
9,15,62
9,16,55
9,190,17
9,184,18
9,19,173
9,20,93
9,21,40
9,213,22
9,23,205
9,48,24
9,43,25
9,167,26
9,181,27
9,28,191
9,90,29
9,30,57
9,31,149
9,32,163
9,170,33
9,34,53
9,35,54
9,187,36
9,175,37
9,38,186
9,120,39
9,50,41
9,42,122
9,168,44
9,45,125
9,46,49
9,47,199
9,51,192
9,178,52
9,133,56
9,58,137
9,59,198
9,60,193
9,188,61
9,141,63
9,139,64
9,140,65
9,146,66
9,69,67
9,68,70
9,71,182
9,80,72
9,73,78
9,74,91
9,75,77
9,79,214
9,153,81
9,150,82
9,84,83
9,85,88
9,86,212
9,92,177
9,105,94
9,96,156
9,97,98
9,189,99
9,183,100
9,101,206
9,207,102
9,104,103
9,202,106
9,107,111
9,215,108
9,109,110
9,195,112
9,180,113
9,114,203
9,117,185
9,194,118
9,208,119
9,126,121
9,124,123
9,130,127
9,128,197
9,211,129
9,131,138
9,132,144
9,134,136
9,142,201
9,169,143
9,174,145
9,147,148
9,154,151
9,152,157
9,155,210
9,164,158
9,159,165
9,160,162
9,161,172
9,196,166
10,0,148
10,1,155
10,88,2
10,177,3
10,8,4
10,208,5
10,6,42
10,7,142
10,212,9
10,103,10
10,191,11
10,214,12
10,13,193
10,14,175
10,176,15
10,201,16
10,17,73
10,18,166
10,69,19
10,134,20
10,121,21
10,22,194
10,63,23
10,24,46
10,25,125
10,26,207
10,27,184
10,28,171
10,29,161
10,130,30
10,31,72
10,108,32
10,37,33
10,55,34
10,53,35
10,36,198
10,173,38
10,39,45
10,40,215
10,41,58
10,122,43
10,44,206
10,203,47
10,172,48
10,64,49
10,116,50
10,186,51
10,136,52
10,137,54
10,56,138
10,57,133
10,141,59
10,65,60
10,61,187
10,62,168
10,67,66
10,200,68
10,70,79
10,145,71
10,129,74
10,76,75
10,77,135
10,78,132
10,199,80
10,202,81
10,82,147
10,83,85
10,181,84
10,179,86
10,87,154
10,192,89
10,90,96
10,156,91
10,204,92
10,157,93
10,162,94
10,95,213
10,111,97
10,99,98
10,100,174
10,205,101
10,102,169
10,104,152
10,110,105
10,106,189
10,164,107
10,210,109
10,112,178
10,113,183
10,114,117
10,115,167
10,118,211
10,119,190
10,120,131
10,123,195
10,197,124
10,127,126
10,180,128
10,170,139
10,209,140
10,182,143
10,144,146
10,149,188
10,185,150
10,151,153
10,158,159
10,165,160
10,163,196
11,78,0
11,81,1
11,2,86
11,3,87
11,4,182
11,5,116
11,125,6
11,59,7
11,8,61
11,9,39
11,10,41
11,193,11
11,12,177
11,184,13
11,169,14
11,15,60
11,16,135
11,75,17
11,146,18
11,84,19
11,20,56
11,50,21
11,211,22
11,23,187
11,35,24
11,183,25
11,203,26
11,195,27
11,174,28
11,29,104
11,48,30
11,73,31
11,32,102
11,33,200
11,96,34
11,43,36
11,37,119
11,194,38
11,207,40
11,42,120
11,44,118
11,128,45
11,46,47
11,49,199
11,51,167
11,52,64
11,58,53
11,54,127
11,93,55
11,65,57
11,171,62
11,63,186
11,66,214
11,206,67
11,68,170
11,150,69
11,70,210
11,71,192
11,72,197
11,74,134
11,80,76
11,147,77
11,79,89
11,82,153
11,196,83
11,85,155
11,98,88
11,91,90
11,92,176
11,94,151
11,95,100
11,97,212
11,215,99
11,101,201
11,178,103
11,105,165
11,190,106
11,107,163
11,158,108
11,179,109
11,159,110
11,111,162
11,209,112
11,188,113
11,198,114
11,115,180
11,117,181
11,131,121
11,123,122
11,124,205
11,126,130
11,152,129
11,132,156
11,133,137
11,138,136
11,142,139
11,140,202
11,168,141
11,143,185
11,189,144
11,175,145
11,148,204
11,149,208
11,154,157
11,160,172
11,161,173
11,213,164
11,166,191
12,0,156
12,1,150
12,153,2
12,3,148
12,195,4
12,186,5
12,6,43
12,7,63
12,62,8
12,152,9
12,121,10
12,11,183
12,181,12
12,61,13
12,14,198
12,64,15
12,16,96
12,17,132
12,18,78
12,19,68
12,34,20
12,21,116
12,190,22
12,182,23
12,24,168
12,25,104
12,40,26
12,27,191
12,28,189
12,151,29
12,30,51
12,31,193
12,32,105
12,197,33
12,172,35
12,36,184
12,112,37
12,38,175
12,39,42
12,41,133
12,201,44
12,45,126
12,46,48
12,47,117
12,214,49
12,130,50
12,55,52
12,53,54
12,56,58
12,57,59
12,60,140
12,136,65
12,72,66
12,67,179
12,69,211
12,75,70
12,71,178
12,76,73
12,86,74
12,134,77
12,79,196
12,80,147
12,88,81
12,89,82
12,83,98
12,84,154
12,87,85
12,90,95
12,135,91
12,157,92
12,138,93
12,94,111
12,180,97
12,99,207
12,100,215
12,202,101
12,102,107
12,103,174
12,206,106
12,199,108
12,109,188
12,164,110
12,113,177
12,114,200
12,176,115
12,118,169
12,119,173
12,120,123
12,122,209
12,187,124
12,127,125
12,128,131
12,137,129
12,139,213
12,141,203
12,185,142
12,194,143
12,208,144
12,145,212
12,204,146
12,210,149
12,155,192
12,163,158
12,162,159
12,170,160
12,205,161
12,165,171
12,167,166
13,68,0
13,153,1
13,2,84
13,82,3
13,63,4
13,5,170
13,6,119
13,171,7
13,8,23
13,9,90
13,10,185
13,209,11
13,12,180
13,13,167
13,22,14
13,15,215
13,77,16
13,169,17
13,144,18
13,76,19
13,20,136
13,21,128
13,60,24
13,91,25
13,26,208
13,175,27
13,197,28
13,29,152
13,30,47
13,187,31
13,106,32
13,33,182
13,168,34
13,35,64
13,36,39
13,178,37
13,38,210
13,40,120
13,126,41
13,42,206
13,43,45
13,125,44
13,116,46
13,58,48
13,49,133
13,50,131
13,51,214
13,52,138
13,53,134
13,54,57
13,129,55
13,156,56
13,65,59
13,61,190
13,193,62
13,66,69
13,189,67
13,148,70
13,176,71
13,183,72
13,132,73
13,74,96
13,150,75
13,146,78
13,147,79
13,149,80
13,81,195
13,83,157
13,85,159
13,86,213
13,87,88
13,154,89
13,92,99
13,93,135
13,98,94
13,95,201
13,97,188
13,100,103
13,101,203
13,158,102
13,104,181
13,184,105
13,107,199
13,108,202
13,109,165
13,110,186
13,111,163
13,177,112
13,207,113
13,173,114
13,172,115
13,212,117
13,192,118
13,122,121
13,191,123
13,124,174
13,137,127
13,140,130
13,205,139
13,198,141
13,142,196
13,143,145
13,155,151
13,160,211
13,161,194
13,179,162
13,200,164
13,166,204
