0,IP,32,8
Time,Value 
3060,115763
3030,115763
3000,115901
2970,116047
2940,116756
2910,116896
2880,117148
2850,117205
2820,118096
2790,118204
2760,118764
2730,118866
2700,120443
2670,120455
2640,123251
2610,123285
2580,123626
2550,123660
2520,125277
2490,126760
2460,127175
2430,127667
2400,128520
2370,129270
2340,130723
2310,130863
2280,130933
2250,131190
2220,131235
2190,131261
2160,132648
2130,132749
2100,134566
2070,135858
2040,136056
2010,136268
1980,136401
1950,136913
1920,137814
1890,138541
1860,138739
1830,139187
1800,139516
1770,141329
840,190130
810,190349
780,191544
750,192027
720,192279
690,192415
660,193553
630,194265
600,194365
570,194765
540,194931
510,195954
480,196761
450,197981
420,199069
390,199077
0,33160640
30,212616
60,211982
90,211936
120,210721
150,209404
180,207394
210,206555
240,205979
270,205363
300,204335
330,200155
360,199509
870,189438
900,188974
930,187589
960,187056
990,186724
1020,186640
1050,185558
1080,184673
1110,184557
1140,184108
1170,184039
1200,184035
1230,182498
1260,181633
1290,181414
1320,181272
1350,180967
1380,179943
1410,178687
1440,178575
1470,177801
1500,177381
1530,147200
1560,147163
1590,144885
1620,144815
1650,143301
1680,143207
1710,142259
1740,141658
Final, 115763,18757

Round,H_team,A_team 
0,2,0
0,24,1
0,3,19
0,20,4
0,5,6
0,22,7
0,23,8
0,9,25
0,21,10
0,11,29
0,14,12
0,13,15
0,18,16
0,31,17
0,27,26
0,28,30
1,0,19
1,26,1
1,2,3
1,8,4
1,5,18
1,6,16
1,20,7
1,9,27
1,23,10
1,11,28
1,21,12
1,31,13
1,25,14
1,15,30
1,17,29
1,22,24
2,16,0
2,1,25
2,27,2
2,5,3
2,4,24
2,13,6
2,7,23
2,29,8
2,9,14
2,10,26
2,30,11
2,12,22
2,15,21
2,17,28
2,19,18
2,20,31
3,0,3
3,1,14
3,11,2
3,4,23
3,19,5
3,30,6
3,18,7
3,8,10
3,24,9
3,12,13
3,15,31
3,26,16
3,25,17
3,21,20
3,28,22
3,27,29
4,0,20
4,1,27
4,17,2
4,3,8
4,29,4
4,16,5
4,10,6
4,7,21
4,9,15
4,19,11
4,12,28
4,14,13
4,24,18
4,23,22
4,25,26
4,31,30
5,0,8
5,3,1
5,2,5
5,4,15
5,6,19
5,7,29
5,10,9
5,18,11
5,30,12
5,13,17
5,14,23
5,16,20
5,22,21
5,26,24
5,25,27
5,31,28
6,6,0
6,19,1
6,2,7
6,3,16
6,10,4
6,5,22
6,8,21
6,26,9
6,24,11
6,20,12
6,28,13
6,14,31
6,15,25
6,30,17
6,27,18
6,29,23
7,18,0
7,1,9
7,22,2
7,6,3
7,4,26
7,7,5
7,8,24
7,29,10
7,11,25
7,12,31
7,13,30
7,21,14
7,28,15
7,16,19
7,17,27
7,23,20
Travel cost = 115763
TTP violations cost = 0
