2486,Heuristic,i05,1
Time,Value 
Final, 222047,7231

Round,H_team,A_team 
0,1,0
0,2,4
0,3,11
0,5,9
0,10,6
0,19,7
0,20,8
0,13,12
0,14,21
0,18,15
0,16,22
0,23,17
0,53,24
0,25,79
0,80,26
0,47,27
0,59,28
0,50,29
0,30,31
0,33,32
0,34,45
0,35,37
0,36,85
0,39,38
0,40,86
0,41,42
0,60,43
0,44,57
0,46,62
0,48,51
0,49,55
0,52,58
0,56,54
0,61,90
0,63,93
0,65,64
0,67,66
0,68,69
0,83,70
0,71,81
0,72,77
0,84,73
0,95,74
0,75,94
0,76,82
0,92,78
0,88,87
0,89,91
0,96,129
0,105,97
0,98,99
0,181,100
0,101,178
0,102,109
0,103,119
0,113,104
0,106,114
0,115,107
0,108,116
0,110,160
0,111,153
0,112,128
0,179,117
0,118,134
0,120,152
0,175,121
0,122,125
0,123,127
0,124,150
0,151,126
0,130,131
0,137,132
0,146,133
0,135,163
0,169,136
0,155,138
0,167,139
0,165,140
0,172,141
0,162,142
0,143,144
0,180,145
0,147,164
0,148,174
0,149,168
0,154,177
0,156,166
0,161,157
0,158,159
0,170,171
0,173,176
0,182,186
0,183,191
0,190,184
0,189,185
0,187,192
0,193,188
0,194,213
0,230,195
0,208,196
0,197,233
0,202,198
0,199,200
0,211,201
0,214,203
0,204,205
0,212,206
0,207,209
0,221,210
0,215,219
0,237,216
0,218,217
0,220,224
0,222,236
0,225,223
0,235,226
0,238,227
0,228,234
0,229,239
0,232,231
0,288,240
0,242,241
0,243,250
0,249,244
0,245,246
0,247,258
0,260,248
0,252,251
0,253,259
0,255,254
0,283,256
0,272,257
0,271,261
0,262,269
0,263,268
0,264,290
0,270,265
0,266,279
0,267,274
0,273,276
0,292,275
0,277,280
0,291,278
0,287,281
0,289,282
0,284,295
0,286,285
0,293,294
0,296,307
0,323,297
0,306,298
0,302,299
0,300,304
0,301,308
0,322,303
0,316,305
0,309,324
0,310,311
0,312,321
0,313,315
0,320,314
0,326,317
0,319,318
0,325,327
0,366,328
0,334,329
0,367,330
0,343,331
0,332,333
0,335,340
0,402,336
0,351,337
0,338,356
0,341,339
0,348,342
0,368,344
0,357,345
0,346,349
0,359,347
0,350,360
0,352,353
0,361,354
0,355,371
0,358,373
0,375,362
0,408,363
0,370,364
0,407,365
0,406,369
0,378,372
0,374,376
0,377,391
0,392,379
0,417,380
0,381,400
0,394,382
0,383,418
0,395,384
0,385,412
0,415,386
0,397,387
0,398,388
0,403,389
0,390,409
0,410,393
0,421,396
0,399,419
0,405,401
0,416,404
0,411,420
0,414,413
0,442,422
0,475,423
0,498,424
0,425,427
0,433,426
0,432,428
0,429,439
0,430,454
0,455,431
0,435,434
0,476,436
0,448,437
0,447,438
0,440,451
0,441,449
0,443,452
0,444,456
0,445,501
0,459,446
0,481,450
0,453,460
0,499,457
0,468,458
0,486,461
0,465,462
0,463,464
0,492,466
0,467,483
0,485,469
0,497,470
0,471,496
0,493,472
0,474,473
0,477,482
0,478,500
0,479,491
0,484,480
0,487,495
0,488,494
0,490,489
0,502,515
0,503,525
0,504,514
0,505,507
0,521,506
0,522,508
0,509,510
0,511,526
0,512,513
0,516,517
0,518,524
0,519,523
0,520,527
0,528,564
0,529,547
0,575,530
0,570,531
0,532,539
0,569,533
0,534,540
0,535,536
0,537,551
0,545,538
0,541,549
0,542,571
0,543,548
0,554,544
0,546,552
0,550,553
0,573,555
0,566,556
0,574,557
0,558,561
0,580,559
0,560,579
0,562,578
0,563,576
0,568,565
0,567,577
0,583,572
0,582,581
0,584,595
0,585,594
0,598,586
0,587,607
0,588,601
0,597,589
0,590,627
0,609,591
0,612,592
0,600,593
0,596,603
0,599,604
0,626,602
0,619,605
0,606,623
0,613,608
0,610,622
0,611,624
0,614,621
0,616,615
0,618,617
0,625,620
0,628,638
0,629,649
0,630,636
0,637,631
0,632,634
0,633,646
0,635,647
0,645,639
0,640,641
0,648,642
0,644,643
0,650,678
0,673,651
0,652,655
0,659,653
0,654,666
0,676,656
0,658,657
0,660,664
0,677,661
0,694,662
0,663,671
0,667,665
0,668,669
0,670,690
0,674,672
0,675,686
0,679,695
0,680,692
0,681,685
0,682,689
0,688,683
0,693,684
0,691,687
0,697,696
0,698,703
0,699,701
0,700,702
0,707,704
0,718,705
0,713,706
0,708,709
0,710,714
0,715,711
0,730,712
0,716,729
0,717,739
0,731,719
0,720,736
0,724,721
0,722,735
0,737,723
0,725,734
0,728,726
0,727,732
0,733,738
0,750,740
0,748,741
0,742,752
0,744,743
0,746,745
0,747,753
0,749,755
0,754,751
0,756,758
0,757,761
0,759,760
0,770,762
0,768,763
0,769,764
0,765,779
0,766,767
0,771,785
0,780,772
0,773,777
0,774,783
0,786,775
0,787,776
0,781,778
0,784,782
0,800,788
0,789,802
0,791,790
0,808,792
0,798,793
0,795,794
0,812,796
0,816,797
0,799,814
0,801,805
0,804,803
0,806,810
0,811,807
0,817,809
0,815,813
1,0,20
1,1,9
1,3,2
1,4,8
1,6,5
1,7,10
1,11,13
1,14,12
1,21,15
1,17,16
1,19,18
1,22,23
1,24,57
1,25,26
1,27,58
1,28,44
1,32,29
1,30,33
1,31,79
1,34,46
1,35,39
1,37,36
1,42,38
1,40,41
1,43,53
1,45,47
1,86,48
1,85,49
1,55,50
1,51,56
1,52,59
1,54,60
1,87,61
1,88,62
1,63,75
1,66,64
1,94,65
1,67,92
1,68,95
1,90,69
1,70,89
1,78,71
1,73,72
1,74,91
1,76,81
1,77,84
1,93,80
1,82,83
1,96,128
1,103,97
1,109,98
1,99,102
1,100,107
1,177,101
1,104,110
1,119,105
1,127,106
1,108,122
1,112,111
1,113,120
1,125,114
1,116,115
1,117,165
1,133,118
1,172,121
1,151,123
1,126,124
1,129,134
1,141,130
1,131,146
1,132,169
1,155,135
1,136,170
1,137,167
1,138,147
1,139,149
1,140,143
1,142,176
1,144,180
1,145,162
1,179,148
1,150,152
1,153,159
1,164,154
1,181,156
1,158,157
1,160,161
1,163,166
1,171,168
1,175,173
1,178,174
1,188,182
1,193,183
1,184,189
1,185,187
1,186,192
1,191,190
1,194,212
1,195,208
1,196,206
1,197,230
1,209,198
1,213,199
1,200,202
1,201,203
1,211,204
1,205,232
1,214,207
1,216,210
1,227,215
1,217,220
1,237,218
1,219,238
1,228,221
1,222,234
1,223,226
1,224,235
1,239,225
1,236,229
1,233,231
1,244,240
1,241,243
1,246,242
1,273,245
1,247,271
1,272,248
1,249,292
1,255,250
1,251,253
1,259,252
1,254,260
1,261,256
1,258,257
1,262,275
1,267,263
1,264,291
1,289,265
1,282,266
1,294,268
1,295,269
1,290,270
1,274,293
1,276,277
1,278,288
1,279,281
1,280,283
1,286,284
1,285,287
1,304,296
1,297,325
1,298,323
1,303,299
1,322,300
1,307,301
1,308,302
1,315,305
1,324,306
1,311,309
1,326,310
1,327,312
1,318,313
1,321,314
1,320,316
1,317,319
1,367,328
1,329,366
1,330,334
1,339,331
1,349,332
1,333,368
1,335,405
1,336,341
1,337,359
1,373,338
1,342,340
1,348,343
1,344,357
1,345,358
1,346,347
1,352,350
1,360,351
1,353,361
1,354,362
1,356,355
1,363,365
1,371,364
1,401,369
1,408,370
1,391,372
1,374,407
1,376,375
1,377,392
1,409,378
1,393,379
1,380,383
1,381,418
1,382,395
1,400,384
1,414,385
1,386,390
1,387,398
1,388,397
1,389,416
1,394,410
1,396,415
1,399,420
1,406,402
1,404,403
1,413,411
1,419,412
1,417,421
1,422,443
1,453,423
1,425,424
1,470,426
1,427,429
1,428,441
1,473,430
1,431,459
1,432,440
1,442,433
1,434,497
1,498,435
1,436,439
1,437,477
1,438,476
1,460,444
1,469,445
1,446,475
1,448,447
1,449,450
1,452,451
1,454,474
1,501,455
1,456,495
1,465,457
1,480,458
1,461,487
1,462,499
1,500,463
1,491,464
1,466,486
1,494,467
1,468,483
1,472,471
1,485,478
1,479,490
1,482,481
1,484,496
1,488,493
1,492,489
1,502,521
1,507,503
1,523,504
1,525,505
1,506,522
1,508,524
1,511,509
1,517,510
1,526,512
1,513,516
1,520,514
1,515,527
1,519,518
1,528,529
1,530,552
1,531,535
1,533,532
1,547,534
1,569,536
1,545,537
1,538,554
1,539,570
1,540,541
1,544,542
1,543,553
1,551,546
1,549,548
1,571,550
1,555,582
1,556,583
1,561,557
1,573,558
1,559,581
1,560,568
1,562,563
1,564,567
1,565,577
1,572,566
1,575,574
1,576,578
1,579,580
1,584,623
1,592,585
1,595,586
1,590,587
1,602,588
1,594,589
1,603,591
1,593,609
1,596,626
1,597,598
1,599,610
1,600,601
1,604,620
1,622,605
1,616,606
1,607,612
1,608,611
1,613,614
1,615,618
1,617,619
1,621,625
1,627,624
1,628,633
1,629,648
1,639,630
1,638,631
1,636,632
1,634,646
1,644,635
1,647,637
1,645,640
1,649,641
1,643,642
1,690,650
1,651,675
1,654,652
1,653,663
1,665,655
1,656,667
1,657,666
1,695,658
1,662,659
1,670,660
1,668,661
1,664,669
1,671,674
1,686,672
1,673,681
1,676,678
1,691,677
1,694,679
1,685,680
1,687,682
1,693,683
1,689,684
1,692,688
1,696,699
1,725,697
1,698,704
1,701,700
1,702,708
1,703,706
1,705,717
1,707,716
1,709,737
1,729,710
1,711,720
1,712,728
1,713,714
1,736,715
1,718,722
1,719,721
1,723,724
1,730,726
1,727,733
1,732,731
1,734,735
1,738,739
1,740,744
1,741,742
1,743,750
1,755,745
1,753,746
1,752,747
1,751,748
1,754,749
1,775,756
1,768,757
1,763,758
1,779,759
1,760,767
1,764,761
1,762,765
1,766,770
1,786,769
1,771,780
1,772,781
1,773,778
1,776,774
1,777,784
1,785,782
1,787,783
1,788,795
1,807,789
1,790,792
1,791,812
1,793,799
1,794,811
1,796,817
1,813,797
1,804,798
1,800,801
1,802,815
1,805,803
1,806,816
1,810,808
1,814,809
2,0,7
2,12,1
2,22,2
2,4,3
2,5,10
2,8,6
2,9,13
2,11,23
2,15,14
2,18,16
2,17,21
2,20,19
2,60,24
2,80,25
2,26,31
2,44,27
2,28,43
2,29,30
2,32,85
2,33,51
2,38,34
2,47,35
2,36,41
2,37,40
2,45,39
2,56,42
2,61,46
2,48,49
2,86,50
2,90,52
2,57,53
2,59,54
2,58,55
2,62,87
2,92,63
2,64,68
2,95,65
2,66,74
2,91,67
2,69,94
2,72,70
2,71,73
2,93,75
2,84,76
2,77,82
2,78,89
2,79,88
2,81,83
2,97,96
2,98,116
2,99,175
2,100,178
2,101,181
2,102,108
2,105,103
2,111,104
2,107,106
2,177,109
2,110,161
2,120,112
2,159,113
2,114,115
2,133,117
2,131,118
2,152,119
2,121,141
2,150,122
2,126,123
2,124,127
2,125,151
2,128,129
2,130,144
2,132,155
2,134,142
2,135,143
2,166,136
2,139,137
2,169,138
2,146,140
2,176,145
2,149,147
2,148,171
2,153,158
2,154,167
2,162,156
2,157,160
2,180,163
2,165,164
2,168,170
2,173,172
2,174,179
2,192,182
2,183,187
2,188,184
2,185,193
2,186,190
2,191,189
2,199,194
2,195,197
2,233,196
2,198,207
2,203,200
2,232,201
2,202,205
2,210,204
2,206,230
2,208,213
2,209,211
2,212,214
2,215,216
2,217,219
2,218,220
2,221,225
2,239,222
2,238,223
2,227,224
2,226,236
2,229,228
2,231,237
2,234,235
2,240,255
2,245,241
2,242,244
2,243,280
2,254,246
2,257,247
2,248,271
2,250,249
2,279,251
2,276,252
2,253,273
2,256,260
2,259,258
2,261,272
2,268,262
2,292,263
2,282,264
2,265,291
2,266,290
2,294,267
2,269,285
2,270,278
2,281,274
2,275,284
2,277,293
2,295,283
2,287,286
2,288,289
2,296,298
2,306,297
2,299,301
2,302,300
2,323,303
2,304,307
2,305,320
2,308,322
2,309,312
2,317,310
2,318,311
2,313,319
2,314,326
2,315,316
2,321,327
2,324,325
2,328,345
2,329,377
2,330,411
2,331,335
2,366,332
2,333,349
2,379,334
2,336,417
2,358,337
2,338,355
2,339,401
2,340,343
2,402,341
2,365,342
2,347,344
2,357,346
2,364,348
2,356,350
2,351,352
2,353,354
2,359,373
2,360,406
2,361,408
2,362,374
2,363,370
2,368,367
2,369,405
2,407,371
2,372,414
2,412,375
2,420,376
2,393,378
2,384,380
2,395,381
2,410,382
2,383,394
2,385,413
2,386,396
2,387,388
2,397,389
2,390,404
2,391,392
2,398,409
2,400,399
2,416,403
2,421,415
2,418,419
2,422,432
2,423,428
2,424,462
2,497,425
2,426,434
2,477,427
2,429,482
2,430,453
2,431,460
2,435,433
2,438,436
2,476,437
2,439,448
2,449,440
2,441,442
2,451,443
2,444,469
2,445,456
2,474,446
2,481,447
2,450,452
2,459,454
2,455,485
2,457,491
2,458,472
2,495,461
2,463,499
2,464,479
2,489,465
2,500,466
2,467,484
2,471,468
2,470,498
2,475,473
2,478,486
2,493,480
2,483,494
2,487,501
2,496,488
2,490,492
2,504,502
2,503,520
2,524,505
2,523,506
2,521,507
2,514,508
2,509,516
2,510,519
2,512,511
2,513,515
2,525,517
2,526,518
2,527,522
2,563,528
2,529,551
2,530,573
2,532,531
2,536,533
2,548,534
2,570,535
2,537,538
2,539,550
2,555,540
2,541,543
2,542,549
2,553,544
2,554,545
2,546,547
2,552,575
2,559,556
2,557,566
2,558,579
2,565,560
2,561,574
2,577,562
2,583,564
2,578,567
2,581,568
2,571,569
2,572,576
2,582,580
2,606,584
2,585,587
2,586,597
2,588,599
2,589,609
2,625,590
2,591,612
2,592,603
2,601,593
2,594,598
2,595,600
2,621,596
2,610,602
2,604,616
2,605,617
2,622,607
2,623,608
2,611,627
2,615,613
2,624,614
2,619,618
2,620,626
2,649,628
2,631,629
2,635,630
2,633,632
2,639,634
2,640,636
2,637,638
2,641,643
2,642,645
2,648,644
2,646,647
2,667,650
2,657,651
2,695,652
2,653,664
2,672,654
2,655,671
2,681,656
2,658,687
2,669,659
2,665,660
2,661,663
2,662,670
2,666,673
2,675,668
2,674,686
2,677,676
2,678,693
2,688,679
2,684,680
2,682,694
2,683,689
2,692,685
2,690,691
2,708,696
2,697,702
2,706,698
2,737,699
2,700,724
2,701,709
2,703,725
2,704,716
2,705,712
2,735,707
2,710,711
2,726,713
2,714,730
2,715,722
2,731,717
2,736,718
2,733,719
2,720,732
2,721,734
2,723,738
2,739,727
2,729,728
2,743,740
2,741,746
2,742,754
2,744,752
2,745,751
2,749,747
2,748,750
2,753,755
2,767,756
2,770,757
2,758,764
2,759,762
2,760,766
2,761,768
2,763,765
2,769,771
2,772,776
2,782,773
2,774,777
2,784,775
2,778,779
2,780,786
2,781,787
2,783,785
2,803,788
2,789,814
2,790,794
2,792,791
2,805,793
2,795,796
2,797,798
2,799,801
2,807,800
2,816,802
2,809,804
2,813,806
2,808,811
2,810,812
2,817,815
3,19,0
3,1,5
3,2,11
3,6,3
3,9,4
3,7,8
3,10,12
3,13,17
3,14,22
3,16,15
3,21,18
3,23,20
3,24,52
3,88,25
3,26,32
3,27,61
3,42,28
3,29,79
3,80,30
3,31,33
3,39,34
3,35,36
3,87,37
3,38,40
3,41,44
3,57,43
3,46,45
3,62,47
3,54,48
3,49,51
3,50,56
3,53,90
3,55,60
3,58,59
3,91,63
3,69,64
3,65,67
3,68,66
3,70,73
3,89,71
3,72,82
3,74,93
3,75,92
3,76,77
3,81,78
3,83,84
3,85,86
3,94,95
3,117,96
3,134,97
3,114,98
3,173,99
3,161,100
3,106,101
3,115,102
3,103,146
3,104,120
3,105,151
3,109,107
3,121,108
3,159,110
3,158,111
3,160,112
3,113,153
3,116,126
3,118,165
3,119,150
3,122,127
3,123,124
3,152,125
3,128,133
3,129,131
3,140,130
3,167,132
3,135,168
3,171,136
3,155,137
3,138,139
3,141,180
3,143,142
3,144,162
3,163,145
3,147,179
3,148,154
3,170,149
3,156,172
3,174,157
3,164,169
3,166,181
3,175,176
3,178,177
3,182,191
3,192,183
3,184,186
3,190,185
3,187,193
3,189,188
3,202,194
3,206,195
3,196,209
3,208,197
3,198,233
3,204,199
3,200,214
3,201,205
3,212,203
3,207,211
3,210,222
3,230,213
3,231,215
3,216,232
3,237,217
3,224,218
3,219,227
3,220,223
3,235,221
3,225,236
3,226,229
3,228,239
3,234,238
3,240,261
3,241,276
3,245,242
3,293,243
3,244,254
3,246,250
3,247,251
3,255,248
3,249,273
3,252,253
3,277,256
3,260,257
3,258,272
3,271,259
3,262,267
3,263,269
3,288,264
3,278,265
3,266,289
3,268,295
3,291,270
3,280,274
3,286,275
3,283,279
3,285,281
3,290,282
3,284,287
3,292,294
3,305,296
3,297,304
3,327,298
3,312,299
3,300,324
3,301,322
3,307,302
3,303,308
3,325,306
3,323,309
3,310,315
3,311,313
3,314,317
3,316,321
3,320,318
3,319,326
3,328,329
3,372,330
3,369,331
3,332,416
3,379,333
3,334,385
3,402,335
3,348,336
3,337,357
3,350,338
3,405,339
3,341,340
3,406,342
3,343,365
3,344,359
3,345,368
3,358,346
3,373,347
3,349,364
3,362,351
3,352,361
3,355,353
3,354,408
3,370,356
3,375,360
3,371,363
3,366,367
3,381,374
3,376,407
3,378,377
3,380,421
3,382,419
3,384,383
3,388,386
3,415,387
3,389,404
3,403,390
3,398,391
3,392,410
3,409,393
3,399,394
3,395,418
3,396,397
3,420,400
3,401,417
3,411,414
3,413,412
3,472,422
3,423,459
3,435,424
3,425,470
3,498,426
3,433,427
3,428,471
3,443,429
3,446,430
3,475,431
3,434,432
3,436,481
3,447,437
3,439,438
3,440,441
3,451,442
3,501,444
3,453,445
3,448,455
3,473,449
3,450,474
3,452,477
3,454,460
3,456,478
3,457,500
3,496,458
3,461,485
3,462,497
3,479,463
3,464,490
3,499,465
3,466,487
3,488,467
3,469,468
3,482,476
3,480,483
3,484,492
3,486,495
3,491,489
3,494,493
3,502,523
3,527,503
3,505,504
3,506,508
3,507,524
3,509,512
3,510,513
3,520,511
3,522,514
3,515,521
3,516,519
3,517,526
3,518,525
3,562,528
3,538,529
3,551,530
3,531,539
3,575,532
3,533,583
3,534,546
3,535,542
3,544,536
3,552,537
3,545,540
3,541,548
3,543,571
3,553,547
3,549,573
3,550,554
3,574,555
3,556,565
3,579,557
3,580,558
3,566,559
3,581,560
3,576,561
3,564,563
3,567,572
3,568,582
3,569,570
3,577,578
3,584,589
3,585,593
3,586,623
3,587,595
3,591,588
3,602,590
3,598,592
3,597,594
3,596,599
3,609,600
3,612,601
3,603,607
3,614,604
3,605,616
3,606,615
3,608,624
3,617,610
3,613,611
3,618,621
3,626,619
3,620,622
3,627,625
3,628,648
3,644,629
3,630,645
3,631,649
3,632,637
3,634,633
3,635,640
3,647,636
3,646,638
3,643,639
3,641,642
3,650,691
3,651,692
3,652,657
3,660,653
3,654,671
3,686,655
3,656,675
3,682,658
3,659,665
3,661,670
3,663,662
3,664,668
3,672,666
3,667,676
3,669,674
3,680,673
3,687,677
3,678,684
3,679,689
3,681,690
3,685,683
3,693,688
3,694,695
3,696,701
3,698,697
3,699,700
3,702,730
3,708,703
3,718,704
3,728,705
3,706,735
3,707,714
3,709,733
3,712,710
3,732,711
3,716,713
3,725,715
3,717,720
3,719,734
3,721,731
3,722,736
3,739,723
3,724,737
3,726,729
3,738,727
3,740,741
3,750,742
3,747,743
3,745,744
3,746,754
3,755,748
3,752,749
3,751,753
3,756,770
3,757,786
3,758,768
3,764,759
3,765,760
3,766,761
3,767,762
3,778,763
3,783,769
3,771,775
3,782,772
3,774,773
3,784,776
3,781,777
3,779,787
3,785,780
3,788,799
3,789,805
3,814,790
3,817,791
3,792,806
3,793,807
3,794,808
3,800,795
3,796,810
3,811,797
3,798,813
3,801,803
3,802,804
3,815,809
3,812,816
4,0,6
4,13,1
4,2,9
4,3,5
4,4,7
4,8,10
4,12,11
4,18,14
4,20,15
4,23,16
4,17,19
4,22,21
4,78,24
4,25,31
4,30,26
4,53,27
4,52,28
4,33,29
4,51,32
4,34,35
4,36,45
4,37,39
4,86,38
4,40,42
4,85,41
4,43,58
4,44,60
4,46,47
4,56,48
4,50,49
4,55,54
4,59,57
4,61,88
4,90,62
4,63,69
4,64,95
4,66,65
4,67,68
4,70,77
4,84,71
4,89,72
4,73,83
4,74,94
4,75,91
4,92,76
4,79,80
4,82,81
4,93,87
4,96,103
4,97,104
4,108,98
4,99,115
4,100,109
4,101,157
4,102,121
4,133,105
4,106,116
4,107,177
4,112,110
4,111,159
4,161,113
4,123,114
4,164,117
4,118,128
4,151,119
4,120,134
4,122,153
4,125,124
4,150,126
4,127,152
4,129,146
4,143,130
4,142,131
4,132,170
4,162,135
4,136,163
4,137,149
4,138,148
4,155,139
4,140,144
4,141,175
4,145,166
4,147,174
4,179,154
4,176,156
4,160,158
4,168,165
4,178,167
4,169,171
4,172,180
4,181,173
4,187,182
4,186,183
4,191,184
4,188,185
4,189,190
4,193,192
4,194,210
4,195,198
4,232,196
4,197,206
4,199,201
4,205,200
4,216,202
4,203,204
4,207,230
4,211,208
4,214,209
4,213,212
4,215,233
4,223,217
4,218,219
4,220,231
4,221,226
4,222,229
4,238,224
4,225,228
4,227,237
4,239,234
4,236,235
4,289,240
4,250,241
4,242,293
4,243,292
4,248,244
4,254,245
4,246,249
4,253,247
4,251,257
4,252,277
4,272,255
4,256,266
4,271,258
4,273,259
4,261,260
4,263,262
4,264,270
4,265,288
4,267,268
4,274,269
4,285,275
4,276,283
4,282,278
4,295,279
4,280,287
4,281,284
4,294,286
4,290,291
4,308,296
4,327,297
4,298,304
4,299,307
4,306,300
4,324,301
4,309,302
4,303,305
4,310,313
4,326,311
4,312,320
4,319,314
4,315,321
4,316,318
4,317,325
4,322,323
4,333,328
4,330,329
4,331,332
4,334,372
4,335,336
4,337,353
4,357,338
4,339,369
4,340,401
4,342,341
4,408,343
4,344,366
4,346,345
4,347,368
4,363,348
4,367,349
4,354,350
4,355,351
4,356,352
4,359,358
4,360,362
4,376,361
4,364,407
4,365,370
4,371,373
4,374,406
4,413,375
4,377,379
4,403,378
4,382,380
4,385,381
4,410,383
4,418,384
4,386,387
4,421,388
4,390,389
4,404,391
4,393,392
4,394,395
4,396,398
4,409,397
4,417,399
4,419,400
4,405,402
4,412,411
4,414,420
4,416,415
4,441,422
4,444,423
4,424,433
4,432,425
4,427,426
4,428,440
4,442,429
4,430,431
4,434,498
4,470,435
4,455,436
4,437,482
4,438,477
4,476,439
4,443,450
4,468,445
4,446,473
4,447,456
4,481,448
4,449,451
4,474,452
4,459,453
4,454,475
4,490,457
4,458,493
4,460,469
4,461,466
4,463,462
4,495,464
4,465,491
4,472,467
4,471,480
4,478,501
4,492,479
4,489,483
4,488,484
4,485,487
4,500,486
4,494,496
4,497,499
4,506,502
4,524,503
4,504,507
4,523,505
4,508,520
4,518,509
4,525,510
4,511,521
4,519,512
4,513,517
4,514,527
4,522,515
4,516,526
4,528,530
4,554,529
4,536,531
4,532,569
4,582,533
4,544,534
4,535,539
4,537,546
4,538,552
4,540,542
4,571,541
4,550,543
4,545,553
4,547,551
4,570,548
4,555,549
4,556,581
4,557,580
4,558,574
4,559,568
4,560,566
4,561,577
4,572,562
4,563,583
4,578,564
4,579,565
4,567,576
4,573,575
4,624,584
4,607,585
4,594,586
4,612,587
4,588,596
4,589,595
4,590,622
4,592,591
4,593,598
4,600,597
4,599,602
4,601,609
4,610,603
4,626,604
4,611,605
4,627,606
4,615,608
4,623,613
4,616,614
4,617,625
4,618,620
4,621,619
4,629,628
4,638,630
4,647,631
4,632,635
4,639,633
4,640,634
4,636,644
4,637,646
4,648,641
4,642,649
4,645,643
4,676,650
4,651,693
4,652,658
4,653,669
4,657,654
4,655,672
4,691,656
4,659,664
4,660,662
4,665,661
4,670,663
4,666,675
4,674,667
4,668,677
4,671,686
4,673,695
4,683,678
4,679,687
4,689,680
4,688,681
4,685,682
4,684,692
4,690,694
4,696,702
4,697,708
4,722,698
4,709,699
4,737,700
4,701,726
4,703,736
4,704,712
4,705,706
4,713,707
4,710,728
4,711,739
4,714,716
4,715,718
4,732,717
4,738,719
4,731,720
4,723,721
4,727,724
4,735,725
4,730,729
4,734,733
4,740,753
4,741,743
4,742,745
4,744,746
4,751,747
4,749,748
4,750,752
4,754,755
4,756,757
4,760,758
4,759,770
4,769,761
4,762,779
4,763,764
4,765,766
4,768,767
4,771,781
4,772,774
4,773,784
4,775,783
4,776,782
4,777,780
4,787,778
4,786,785
4,788,801
4,795,789
4,790,793
4,791,811
4,797,792
4,796,794
4,815,798
4,813,799
4,810,800
4,809,802
4,803,814
4,804,817
4,805,816
4,806,812
4,808,807
5,12,0
5,10,1
5,6,2
5,9,3
5,11,4
5,5,7
5,8,19
5,21,13
5,14,23
5,15,17
5,20,16
5,22,18
5,24,90
5,87,25
5,26,33
5,27,43
5,28,41
5,49,29
5,79,30
5,31,80
5,32,50
5,47,34
5,35,40
5,36,38
5,86,37
5,39,46
5,42,85
5,44,59
5,45,61
5,48,55
5,51,54
5,57,52
5,60,53
5,58,56
5,62,68
5,63,94
5,64,75
5,65,69
5,91,66
5,95,67
5,71,70
5,81,72
5,73,76
5,92,74
5,77,89
5,83,78
5,82,84
5,88,93
5,105,96
5,97,133
5,98,121
5,114,99
5,100,158
5,167,101
5,116,102
5,104,103
5,109,106
5,107,178
5,124,108
5,110,111
5,157,112
5,119,113
5,115,125
5,117,140
5,146,118
5,150,120
5,126,122
5,152,123
5,127,151
5,134,128
5,142,129
5,130,162
5,131,141
5,139,132
5,166,135
5,136,155
5,171,137
5,149,138
5,180,143
5,144,163
5,145,173
5,154,147
5,148,168
5,153,160
5,156,175
5,159,161
5,179,164
5,165,174
5,169,170
5,176,172
5,177,181
5,182,190
5,183,188
5,184,193
5,185,191
5,186,187
5,192,189
5,201,194
5,196,195
5,209,197
5,206,198
5,205,199
5,204,200
5,202,230
5,213,203
5,208,207
5,210,214
5,211,212
5,215,218
5,231,216
5,217,239
5,224,219
5,236,220
5,221,222
5,223,227
5,235,225
5,226,228
5,229,234
5,233,232
5,237,238
5,270,240
5,241,249
5,276,242
5,274,243
5,244,255
5,253,245
5,273,246
5,247,252
5,259,248
5,250,254
5,258,251
5,256,280
5,257,261
5,279,260
5,262,294
5,287,263
5,264,266
5,265,290
5,275,267
5,269,268
5,272,271
5,283,277
5,278,286
5,295,281
5,288,282
5,284,285
5,291,289
5,293,292
5,296,312
5,324,297
5,300,298
5,305,299
5,309,301
5,302,322
5,304,303
5,306,319
5,307,308
5,314,310
5,311,316
5,313,317
5,315,327
5,318,326
5,321,320
5,325,323
5,328,334
5,329,413
5,368,330
5,331,348
5,332,367
5,378,333
5,341,335
5,336,340
5,375,337
5,338,376
5,342,339
5,343,405
5,346,344
5,345,359
5,347,358
5,349,363
5,351,350
5,352,355
5,353,360
5,407,354
5,356,371
5,366,357
5,361,362
5,364,365
5,369,421
5,373,370
5,372,377
5,420,374
5,391,379
5,380,419
5,381,394
5,392,382
5,383,409
5,384,417
5,385,411
5,386,416
5,387,390
5,388,415
5,389,396
5,397,393
5,395,399
5,404,398
5,400,418
5,401,402
5,410,403
5,408,406
5,412,414
5,422,440
5,469,423
5,424,470
5,435,425
5,426,497
5,427,432
5,473,428
5,429,441
5,456,430
5,431,437
5,433,434
5,436,448
5,482,438
5,439,446
5,442,443
5,453,444
5,445,455
5,487,447
5,449,474
5,451,450
5,452,475
5,477,454
5,457,479
5,467,458
5,460,459
5,500,461
5,498,462
5,489,463
5,499,464
5,465,490
5,466,491
5,484,468
5,493,471
5,496,472
5,476,481
5,495,478
5,480,494
5,483,488
5,501,485
5,492,486
5,503,502
5,504,508
5,510,505
5,524,506
5,507,522
5,519,509
5,515,511
5,512,516
5,526,513
5,514,523
5,517,518
5,521,520
5,527,525
5,552,528
5,529,537
5,530,555
5,531,559
5,532,570
5,533,535
5,534,551
5,539,536
5,546,538
5,540,543
5,541,544
5,542,550
5,547,545
5,548,571
5,549,569
5,553,554
5,580,556
5,557,582
5,568,558
5,577,560
5,561,575
5,564,562
5,578,563
5,565,572
5,566,576
5,583,567
5,574,573
5,581,579
5,584,590
5,585,586
5,587,609
5,592,588
5,589,598
5,593,591
5,601,594
5,595,597
5,607,596
5,600,599
5,602,612
5,603,626
5,604,615
5,620,605
5,606,613
5,608,616
5,619,610
5,614,611
5,621,617
5,625,618
5,622,627
5,623,624
5,637,628
5,636,629
5,630,640
5,646,631
5,638,632
5,633,647
5,634,643
5,635,641
5,649,639
5,644,642
5,648,645
5,650,681
5,658,651
5,672,652
5,661,653
5,662,654
5,655,664
5,656,668
5,686,657
5,663,659
5,667,660
5,665,669
5,666,674
5,687,670
5,675,671
5,673,684
5,691,676
5,677,694
5,678,685
5,690,679
5,683,680
5,695,682
5,689,688
5,692,693
5,724,696
5,703,697
5,725,698
5,699,708
5,700,709
5,702,701
5,704,730
5,710,705
5,706,707
5,711,722
5,712,717
5,729,713
5,728,714
5,720,715
5,726,716
5,735,718
5,719,732
5,721,739
5,723,727
5,731,738
5,733,737
5,736,734
5,746,740
5,741,751
5,743,742
5,747,744
5,749,745
5,748,754
5,753,750
5,752,755
5,785,756
5,757,769
5,758,779
5,761,759
5,763,760
5,762,766
5,764,787
5,767,765
5,770,768
5,786,771
5,777,772
5,780,773
5,774,784
5,775,782
5,781,776
5,783,778
5,793,788
5,789,803
5,807,790
5,808,791
5,792,810
5,797,794
5,817,795
5,806,796
5,816,798
5,799,802
5,811,800
5,801,814
5,804,815
5,813,805
5,809,812
6,0,18
6,1,8
6,2,10
6,3,22
6,6,4
6,5,12
6,7,9
6,16,11
6,15,13
6,19,14
6,17,20
6,23,21
6,55,24
6,29,25
6,26,88
6,52,27
6,53,28
6,30,49
6,31,32
6,33,79
6,34,36
6,62,35
6,47,37
6,38,45
6,42,39
6,46,40
6,41,86
6,43,44
6,85,48
6,50,51
6,54,58
6,56,57
6,60,59
6,61,93
6,74,63
6,94,64
6,75,65
6,66,95
6,69,67
6,68,92
6,84,70
6,72,71
6,89,73
6,76,83
6,77,81
6,78,82
6,80,87
6,90,91
6,133,96
6,129,97
6,98,102
6,116,99
6,167,100
6,101,109
6,103,110
6,104,105
6,106,115
6,153,107
6,108,114
6,113,111
6,112,161
6,128,117
6,118,179
6,120,119
6,121,176
6,122,151
6,123,150
6,160,124
6,125,127
6,126,152
6,163,130
6,131,144
6,132,138
6,146,134
6,135,136
6,137,169
6,168,139
6,140,142
6,141,145
6,143,162
6,170,147
6,149,148
6,154,165
6,171,155
6,173,156
6,157,159
6,158,164
6,166,180
6,175,172
6,174,177
6,181,178
6,184,182
6,189,183
6,192,185
6,193,186
6,190,187
6,191,188
6,194,204
6,232,195
6,198,196
6,207,197
6,203,199
6,200,215
6,230,201
6,233,202
6,216,205
6,206,209
6,212,208
6,210,211
6,214,213
6,217,236
6,218,238
6,219,223
6,220,237
6,234,221
6,222,235
6,228,224
6,225,229
6,239,226
6,231,227
6,240,272
6,246,241
6,292,242
6,249,243
6,244,270
6,245,250
6,260,247
6,248,261
6,251,283
6,252,258
6,257,253
6,254,259
6,255,271
6,279,256
6,286,262
6,263,294
6,289,264
6,281,265
6,266,288
6,267,295
6,268,274
6,269,284
6,277,273
6,275,287
6,293,276
6,290,278
6,285,280
6,282,291
6,297,296
6,298,325
6,299,309
6,323,300
6,301,303
6,304,302
6,308,305
6,327,306
6,322,307
6,318,310
6,319,311
6,312,324
6,313,314
6,320,315
6,316,326
6,321,317
6,411,328
6,368,329
6,330,366
6,336,331
6,370,332
6,377,333
6,334,413
6,335,401
6,337,373
6,358,338
6,340,339
6,348,341
6,343,342
6,344,367
6,349,345
6,359,346
6,357,347
6,350,355
6,353,351
6,362,352
6,354,356
6,360,361
6,363,364
6,365,371
6,402,369
6,379,372
6,374,375
6,376,412
6,392,378
6,380,395
6,399,381
6,382,383
6,394,384
6,419,385
6,421,386
6,387,389
6,416,388
6,390,396
6,414,391
6,398,393
6,397,403
6,417,400
6,415,404
6,406,405
6,407,408
6,409,410
6,418,420
6,428,422
6,423,431
6,497,424
6,425,434
6,426,435
6,440,427
6,429,481
6,430,438
6,432,433
6,437,436
6,447,439
6,452,441
6,450,442
6,443,449
6,444,459
6,445,466
6,446,454
6,448,482
6,473,451
6,487,453
6,455,456
6,457,489
6,458,469
6,468,460
6,461,478
6,462,470
6,463,490
6,464,465
6,480,467
6,494,471
6,472,488
6,475,474
6,477,476
6,479,500
6,483,484
6,485,495
6,486,501
6,491,492
6,493,496
6,499,498
6,502,507
6,505,503
6,506,504
6,508,515
6,509,513
6,516,510
6,511,514
6,518,512
6,517,523
6,525,519
6,520,522
6,521,527
6,526,524
6,528,537
6,529,552
6,564,530
6,569,531
6,536,532
6,570,533
6,534,541
6,535,550
6,538,547
6,553,539
6,548,540
6,555,542
6,543,554
6,544,546
6,551,545
6,571,549
6,560,556
6,558,557
6,579,559
6,573,561
6,562,583
6,577,563
6,576,565
6,566,568
6,575,567
6,572,578
6,582,574
6,581,580
6,627,584
6,590,585
6,586,589
6,594,587
6,588,600
6,591,607
6,609,592
6,612,593
6,598,595
6,596,610
6,597,601
6,608,599
6,603,602
6,619,604
6,605,618
6,611,606
6,613,616
6,614,623
6,624,615
6,620,617
6,626,621
6,625,622
6,628,646
6,629,635
6,634,630
6,631,632
6,633,636
6,639,637
6,647,638
6,642,640
6,641,645
6,643,648
6,649,644
6,650,687
6,651,666
6,671,652
6,653,665
6,654,686
6,658,655
6,669,656
6,672,657
6,659,661
6,663,660
6,664,662
6,668,667
6,677,670
6,685,673
6,674,675
6,676,690
6,680,678
6,682,679
6,681,683
6,684,688
6,693,689
6,694,691
6,692,695
6,737,696
6,697,700
6,698,735
6,702,699
6,701,729
6,707,703
6,706,704
6,705,715
6,708,713
6,709,723
6,717,710
6,719,711
6,716,712
6,714,726
6,718,720
6,721,736
6,722,725
6,724,733
6,727,731
6,730,728
6,739,732
6,734,738
6,745,740
6,744,741
6,747,742
6,746,743
6,748,752
6,750,749
6,755,751
6,754,753
6,756,786
6,766,757
6,758,762
6,769,759
6,760,768
6,761,767
6,779,763
6,764,783
6,770,765
6,782,771
6,778,772
6,773,781
6,787,774
6,780,775
6,776,777
6,784,785
6,802,788
6,799,789
6,790,817
6,794,791
6,796,792
6,801,793
6,807,795
6,810,797
6,798,811
6,800,808
6,803,809
6,812,804
6,814,805
6,815,806
6,816,813
7,11,0
7,1,7
7,13,2
7,3,12
7,4,10
7,8,5
7,9,6
7,20,14
7,19,15
7,21,16
7,22,17
7,18,23
7,24,56
7,25,33
7,93,26
7,27,42
7,28,85
7,29,31
7,32,30
7,34,41
7,61,35
7,40,36
7,37,46
7,38,47
7,86,39
7,59,43
7,58,44
7,45,62
7,48,50
7,49,54
7,51,55
7,52,53
7,57,60
7,64,63
7,65,74
7,69,66
7,67,90
7,94,68
7,70,81
7,71,77
7,76,72
7,73,82
7,95,75
7,84,78
7,87,79
7,88,80
7,83,89
7,92,91
7,96,104
7,97,108
7,115,98
7,99,109
7,106,100
7,102,101
7,113,103
7,105,150
7,107,181
7,158,110
7,111,160
7,159,112
7,114,116
7,117,129
7,118,140
7,119,124
7,151,120
7,173,121
7,122,152
7,125,123
7,127,126
7,128,146
7,130,142
7,143,131
7,168,132
7,133,134
7,135,170
7,162,136
7,138,137
7,139,171
7,176,141
7,144,145
7,147,148
7,174,149
7,161,153
7,178,154
7,155,169
7,156,163
7,164,157
7,165,179
7,172,166
7,177,167
7,180,175
7,182,183
7,185,184
7,186,191
7,187,189
7,188,192
7,190,193
7,203,194
7,195,233
7,196,207
7,197,198
7,199,202
7,200,216
7,212,201
7,204,214
7,205,215
7,208,206
7,230,209
7,229,210
7,211,213
7,224,217
7,227,218
7,219,220
7,221,236
7,225,222
7,223,237
7,234,226
7,228,235
7,238,231
7,232,239
7,240,290
7,241,244
7,242,249
7,243,277
7,245,252
7,246,255
7,247,256
7,248,257
7,250,293
7,273,251
7,276,253
7,271,254
7,260,258
7,272,259
7,261,264
7,262,292
7,284,263
7,265,266
7,267,285
7,268,286
7,287,269
7,282,270
7,295,274
7,294,275
7,289,278
7,280,279
7,281,283
7,291,288
7,306,296
7,297,298
7,299,322
7,300,307
7,301,304
7,303,302
7,305,321
7,309,308
7,310,327
7,314,311
7,312,316
7,320,313
7,326,315
7,317,318
7,325,319
7,324,323
7,372,328
7,333,329
7,412,330
7,331,340
7,332,421
7,411,334
7,335,369
7,339,336
7,356,337
7,338,375
7,341,343
7,364,342
7,345,344
7,346,373
7,367,347
7,365,348
7,371,349
7,350,353
7,361,351
7,352,360
7,355,354
7,358,357
7,370,359
7,376,362
7,363,407
7,366,368
7,414,374
7,413,377
7,378,410
7,379,409
7,399,380
7,420,381
7,384,382
7,383,392
7,385,418
7,389,386
7,396,387
7,388,404
7,416,390
7,393,391
7,394,400
7,419,395
7,398,397
7,401,406
7,402,417
7,403,415
7,405,408
7,422,433
7,423,460
7,427,424
7,425,498
7,432,426
7,428,443
7,440,429
7,474,430
7,446,431
7,434,462
7,497,435
7,436,447
7,438,437
7,439,482
7,441,451
7,449,442
7,466,444
7,459,445
7,448,453
7,450,475
7,476,452
7,454,473
7,455,495
7,456,486
7,464,457
7,471,458
7,501,461
7,491,463
7,500,465
7,467,493
7,472,468
7,469,496
7,470,499
7,481,477
7,478,487
7,489,479
7,488,480
7,490,483
7,484,494
7,492,485
7,502,520
7,523,503
7,504,524
7,505,527
7,507,506
7,508,511
7,525,509
7,510,526
7,512,517
7,513,519
7,515,514
7,518,516
7,522,521
7,538,528
7,563,529
7,537,530
7,531,583
7,550,532
7,533,539
7,545,534
7,544,535
7,554,536
7,540,549
7,547,541
7,542,543
7,546,553
7,555,548
7,552,551
7,556,568
7,557,581
7,558,582
7,559,565
7,561,560
7,567,562
7,576,564
7,580,566
7,569,573
7,570,571
7,572,577
7,574,579
7,578,575
7,598,584
7,585,609
7,627,586
7,587,597
7,588,603
7,589,601
7,607,590
7,591,602
7,592,593
7,594,600
7,599,595
7,596,612
7,618,604
7,626,605
7,606,608
7,610,625
7,623,611
7,613,619
7,615,614
7,616,624
7,617,622
7,621,620
7,631,628
7,629,641
7,630,643
7,632,647
7,638,633
7,637,634
7,635,648
7,636,642
7,639,646
7,640,644
7,645,649
7,669,650
7,651,674
7,652,694
7,668,653
7,654,658
7,657,655
7,666,656
7,670,659
7,660,677
7,661,667
7,662,671
7,665,663
7,686,664
7,675,672
7,673,692
7,679,676
7,681,678
7,688,680
7,682,691
7,683,684
7,685,693
7,687,690
7,695,689
7,696,709
7,697,707
7,736,698
7,699,733
7,728,700
7,708,701
7,713,702
7,703,714
7,705,704
7,725,706
7,710,726
7,731,711
7,729,712
7,715,735
7,716,718
7,717,730
7,739,719
7,720,722
7,732,721
7,723,734
7,738,724
7,727,737
7,740,747
7,741,752
7,742,746
7,745,743
7,744,755
7,753,748
7,751,749
7,750,754
7,756,762
7,785,757
7,778,758
7,759,763
7,779,760
7,771,761
7,765,764
7,768,766
7,767,770
7,775,769
7,772,773
7,774,782
7,776,780
7,777,787
7,783,781
7,786,784
7,788,807
7,789,801
7,795,790
7,791,796
7,792,811
7,800,793
7,794,806
7,797,808
7,798,810
7,803,799
7,805,802
7,804,816
7,809,813
7,812,815
7,814,817
8,0,13
8,11,1
8,2,5
8,10,3
8,4,22
8,7,6
8,9,8
8,12,21
8,14,17
8,15,23
8,16,19
8,18,20
8,24,83
8,25,30
8,26,29
8,27,28
8,31,49
8,32,48
8,80,33
8,37,34
8,35,45
8,36,46
8,41,38
8,39,40
8,43,42
8,44,52
8,87,47
8,50,85
8,51,86
8,59,53
8,54,57
8,56,55
8,58,60
8,62,61
8,63,95
8,67,64
8,68,65
8,66,94
8,91,69
8,70,76
8,82,71
8,78,72
8,77,73
8,74,75
8,79,93
8,81,84
8,90,88
8,89,92
8,96,118
8,97,117
8,172,98
8,121,99
8,100,177
8,107,101
8,114,102
8,134,103
8,104,133
8,120,105
8,153,106
8,108,115
8,109,178
8,110,119
8,157,111
8,112,113
8,124,116
8,123,122
8,126,125
8,150,127
8,131,128
8,130,129
8,132,171
8,169,135
8,136,168
8,148,137
8,138,167
8,147,139
8,164,140
8,141,173
8,142,146
8,163,143
8,144,165
8,145,175
8,179,149
8,152,151
8,154,174
8,170,155
8,156,180
8,161,158
8,160,159
8,162,166
8,176,181
8,193,182
8,183,185
8,184,187
8,189,186
8,188,190
8,192,191
8,194,214
8,195,207
8,196,197
8,198,230
8,216,199
8,201,200
8,202,203
8,213,204
8,205,233
8,206,211
8,209,208
8,210,212
8,215,232
8,238,217
8,223,218
8,231,219
8,227,220
8,229,221
8,222,228
8,237,224
8,226,225
8,236,234
8,235,239
8,291,240
8,292,241
8,250,242
8,243,276
8,259,244
8,255,245
8,253,246
8,261,247
8,258,248
8,293,249
8,251,277
8,252,273
8,254,272
8,256,281
8,257,271
8,283,260
8,287,262
8,263,286
8,264,265
8,278,266
8,269,267
8,275,268
8,270,289
8,274,279
8,280,295
8,285,282
8,294,284
8,288,290
8,296,327
8,300,297
8,298,324
8,308,299
8,302,301
8,303,309
8,322,304
8,307,305
8,323,306
8,319,310
8,311,317
8,315,312
8,321,313
8,314,316
8,325,318
8,326,320
8,328,330
8,329,412
8,341,331
8,371,332
8,391,333
8,334,414
8,406,335
8,336,401
8,338,337
8,348,339
8,340,402
8,342,363
8,364,343
8,373,344
8,345,367
8,368,346
8,347,366
8,349,370
8,362,350
8,351,354
8,375,352
8,353,356
8,355,358
8,357,359
8,360,376
8,361,374
8,408,365
8,369,417
8,372,411
8,410,377
8,378,379
8,400,380
8,381,419
8,382,385
8,395,383
8,384,399
8,386,398
8,421,387
8,390,388
8,415,389
8,392,409
8,393,403
8,418,394
8,396,416
8,404,397
8,405,407
8,413,420
8,426,422
8,430,423
8,424,434
8,433,425
8,427,441
8,442,428
8,429,476
8,431,456
8,435,432
8,482,436
8,437,481
8,438,448
8,439,477
8,443,440
8,445,444
8,460,446
8,447,455
8,475,449
8,454,450
8,451,474
8,473,452
8,453,469
8,457,463
8,458,494
8,459,468
8,489,461
8,462,464
8,465,479
8,485,466
8,496,467
8,470,478
8,471,488
8,480,472
8,483,492
8,493,484
8,486,487
8,490,491
8,495,501
8,498,497
8,499,500
8,522,502
8,503,504
8,506,505
8,507,520
8,521,508
8,509,517
8,510,518
8,527,511
8,515,512
8,514,513
8,516,525
8,519,526
8,524,523
8,528,575
8,529,553
8,530,567
8,531,533
8,532,535
8,549,534
8,536,550
8,537,547
8,551,538
8,539,569
8,571,540
8,541,555
8,548,542
8,543,544
8,552,545
8,554,546
8,579,556
8,557,573
8,581,558
8,560,559
8,582,561
8,562,576
8,563,572
8,577,564
8,565,566
8,568,580
8,574,570
8,583,578
8,584,594
8,595,585
8,586,590
8,587,592
8,593,588
8,600,589
8,599,591
8,602,596
8,609,597
8,601,598
8,612,603
8,604,613
8,605,625
8,624,606
8,607,610
8,608,614
8,615,611
8,616,623
8,617,627
8,618,626
8,619,620
8,622,621
8,632,628
8,640,629
8,646,630
8,648,631
8,633,637
8,634,638
8,642,635
8,641,636
8,647,639
8,643,649
8,644,645
8,656,650
8,652,651
8,667,653
8,664,654
8,655,666
8,671,657
8,658,694
8,659,677
8,661,660
8,686,662
8,672,663
8,670,665
8,674,668
8,675,669
8,693,673
8,687,676
8,678,688
8,691,679
8,680,695
8,684,681
8,690,682
8,692,683
8,689,685
8,696,703
8,699,697
8,718,698
8,700,708
8,737,701
8,726,702
8,704,710
8,722,705
8,714,706
8,707,725
8,709,724
8,711,717
8,712,739
8,713,730
8,715,731
8,728,716
8,720,719
8,721,738
8,733,723
8,729,727
8,734,732
8,735,736
8,754,740
8,755,741
8,742,744
8,743,753
8,752,745
8,749,746
8,747,748
8,751,750
8,769,756
8,757,771
8,758,767
8,759,766
8,762,760
8,761,770
8,763,783
8,764,779
8,768,765
8,772,787
8,773,776
8,781,774
8,775,785
8,777,778
8,780,784
8,782,786
8,805,788
8,793,789
8,790,796
8,806,791
8,792,812
8,807,794
8,795,814
8,797,800
8,808,798
8,809,799
8,802,801
8,817,803
8,813,804
8,811,810
8,815,816
9,8,0
9,6,1
9,12,2
9,13,3
9,5,4
9,7,20
9,10,9
9,21,11
9,16,14
9,15,22
9,17,18
9,23,19
9,54,24
9,93,25
9,79,26
9,41,27
9,28,62
9,29,80
9,30,88
9,48,31
9,49,32
9,33,50
9,40,34
9,46,35
9,39,36
9,38,37
9,42,86
9,43,52
9,53,44
9,45,87
9,47,61
9,85,51
9,55,59
9,60,56
9,57,58
9,65,63
9,64,74
9,75,66
9,94,67
9,91,68
9,69,92
9,82,70
9,71,76
9,72,84
9,73,78
9,83,77
9,81,89
9,95,90
9,134,96
9,128,97
9,98,125
9,99,108
9,101,100
9,102,107
9,103,120
9,119,104
9,152,105
9,159,106
9,109,114
9,110,113
9,111,161
9,165,112
9,115,126
9,116,123
9,117,118
9,121,156
9,124,122
9,127,158
9,129,133
9,146,130
9,140,131
9,136,132
9,171,135
9,137,147
9,177,138
9,139,148
9,142,141
9,145,143
9,175,144
9,149,154
9,151,150
9,157,153
9,167,155
9,178,160
9,163,162
9,174,164
9,166,173
9,168,169
9,170,179
9,181,172
9,180,176
9,182,189
9,183,184
9,185,186
9,187,188
9,190,192
9,191,193
9,200,194
9,209,195
9,230,196
9,197,232
9,198,208
9,199,215
9,201,202
9,203,205
9,204,212
9,207,206
9,213,210
9,214,211
9,233,216
9,217,227
9,218,231
9,219,237
9,220,238
9,239,221
9,226,222
9,224,223
9,234,225
9,236,228
9,235,229
9,240,254
9,241,293
9,242,243
9,244,250
9,249,245
9,277,246
9,248,247
9,251,276
9,257,252
9,258,253
9,259,255
9,256,295
9,260,272
9,283,261
9,284,262
9,275,263
9,278,264
9,265,282
9,266,291
9,286,267
9,268,287
9,269,294
9,270,288
9,271,273
9,274,292
9,279,285
9,281,280
9,290,289
9,296,300
9,297,309
9,298,322
9,299,321
9,301,323
9,302,324
9,307,303
9,304,308
9,305,312
9,317,306
9,310,325
9,311,315
9,313,326
9,318,314
9,316,319
9,327,320
9,328,368
9,329,372
9,330,413
9,331,421
9,332,364
9,333,366
9,412,334
9,417,335
9,369,336
9,337,355
9,359,338
9,339,402
9,340,348
9,401,341
9,342,408
9,343,363
9,344,358
9,347,345
9,367,346
9,365,349
9,350,361
9,351,356
9,354,352
9,362,353
9,373,357
9,374,360
9,370,371
9,375,405
9,411,376
9,377,393
9,391,378
9,379,414
9,380,394
9,383,381
9,409,382
9,419,384
9,420,385
9,397,386
9,387,416
9,388,396
9,389,410
9,415,390
9,404,392
9,400,395
9,403,398
9,418,399
9,407,406
9,422,427
9,423,445
9,424,432
9,426,425
9,433,428
9,477,429
9,460,430
9,431,454
9,434,470
9,462,435
9,436,446
9,437,439
9,481,438
9,440,442
9,441,443
9,444,455
9,482,447
9,456,448
9,452,449
9,450,473
9,451,475
9,468,453
9,461,457
9,458,488
9,469,459
9,463,465
9,464,489
9,466,490
9,467,471
9,494,472
9,474,476
9,478,498
9,479,499
9,496,480
9,483,493
9,491,484
9,486,485
9,487,492
9,495,497
9,501,500
9,508,502
9,503,506
9,527,504
9,505,516
9,523,507
9,526,509
9,512,510
9,511,522
9,513,518
9,514,521
9,520,515
9,517,519
9,524,525
9,551,528
9,578,529
9,530,562
9,550,531
9,583,532
9,533,571
9,534,537
9,535,569
9,536,570
9,553,538
9,539,554
9,540,544
9,542,541
9,549,543
9,546,545
9,547,552
9,548,574
9,575,555
9,556,557
9,565,558
9,559,561
9,580,560
9,567,563
9,564,572
9,566,581
9,568,579
9,573,582
9,576,577
9,586,584
9,597,585
9,593,587
9,589,588
9,590,617
9,591,596
9,601,592
9,595,594
9,598,600
9,603,599
9,602,607
9,604,608
9,605,621
9,614,606
9,609,612
9,610,626
9,611,616
9,624,613
9,620,615
9,622,618
9,625,619
9,623,627
9,628,647
9,642,629
9,630,637
9,631,633
9,646,632
9,645,634
9,636,635
9,638,639
9,643,640
9,641,644
9,649,648
9,650,668
9,695,651
9,666,652
9,653,670
9,655,654
9,656,674
9,657,675
9,679,658
9,660,659
9,662,661
9,663,686
9,664,665
9,669,667
9,671,672
9,683,673
9,676,681
9,677,690
9,678,691
9,680,693
9,688,682
9,684,685
9,694,687
9,689,692
9,700,696
9,706,697
9,698,707
9,724,699
9,701,713
9,702,709
9,735,703
9,704,715
9,716,705
9,726,708
9,730,710
9,711,718
9,712,722
9,714,729
9,717,728
9,719,727
9,734,720
9,733,721
9,732,723
9,736,725
9,739,731
9,738,737
9,740,742
9,745,741
9,743,754
9,748,744
9,746,750
9,755,747
9,753,749
9,752,751
9,761,756
9,757,775
9,766,758
9,765,759
9,760,764
9,762,768
9,767,763
9,770,769
9,783,771
9,784,772
9,787,773
9,778,774
9,776,786
9,785,777
9,779,781
9,782,780
9,788,789
9,803,790
9,791,815
9,794,792
9,793,797
9,801,795
9,796,808
9,798,800
9,799,805
9,802,813
9,814,804
9,811,806
9,810,807
9,816,809
9,812,817
