0,FO,i02,0,3
Time,Value 
Final, 4867,4867

Round,H_team,A_team 
0,2,0
0,1,177
0,3,6
0,4,49
0,5,58
0,7,48
0,108,8
0,9,69
0,10,11
0,14,12
0,13,128
0,68,15
0,16,70
0,17,176
0,18,84
0,91,19
0,20,86
0,178,21
0,22,92
0,23,102
0,24,73
0,174,25
0,26,105
0,27,107
0,33,28
0,29,30
0,35,31
0,171,32
0,34,37
0,36,131
0,38,183
0,39,180
0,40,47
0,138,41
0,42,43
0,114,44
0,104,45
0,164,46
0,50,115
0,64,51
0,110,52
0,53,63
0,113,54
0,181,55
0,61,56
0,175,57
0,59,62
0,170,60
0,123,65
0,133,66
0,129,67
0,79,71
0,72,127
0,134,74
0,78,75
0,76,144
0,77,145
0,80,81
0,139,82
0,141,83
0,140,85
0,87,106
0,88,148
0,149,89
0,90,162
0,152,93
0,94,168
0,99,95
0,96,173
0,97,169
0,150,98
0,158,100
0,157,101
0,103,172
0,109,132
0,111,112
0,118,116
0,126,117
0,119,163
0,120,122
0,121,125
0,124,130
0,135,136
0,137,146
0,142,143
0,147,155
0,151,182
0,153,167
0,160,154
0,156,179
0,161,159
0,166,165
1,30,0
1,168,1
1,2,29
1,25,3
1,44,4
1,116,5
1,32,6
1,47,7
1,8,27
1,130,9
1,57,10
1,11,14
1,69,12
1,75,13
1,15,123
1,165,16
1,89,17
1,83,18
1,19,90
1,167,20
1,21,171
1,84,22
1,183,23
1,65,24
1,31,26
1,28,35
1,37,33
1,172,34
1,46,36
1,94,38
1,179,39
1,131,40
1,41,135
1,42,109
1,43,164
1,48,45
1,49,62
1,112,50
1,51,110
1,52,108
1,58,53
1,54,178
1,55,64
1,56,114
1,60,59
1,122,61
1,63,118
1,66,129
1,67,68
1,70,134
1,71,139
1,143,72
1,73,78
1,74,142
1,145,76
1,144,77
1,85,79
1,174,80
1,81,140
1,82,141
1,86,148
1,104,87
1,152,88
1,177,91
1,92,151
1,93,149
1,95,158
1,147,96
1,101,97
1,98,161
1,159,99
1,100,157
1,102,156
1,107,103
1,105,175
1,106,181
1,132,111
1,113,166
1,115,170
1,117,119
1,182,120
1,163,121
1,173,124
1,125,126
1,128,127
1,136,133
1,162,137
1,146,138
1,180,150
1,169,153
1,176,154
1,155,160
2,0,183
2,1,182
2,170,2
2,3,31
2,50,4
2,5,63
2,6,113
2,45,7
2,8,172
2,9,123
2,10,165
2,59,11
2,12,15
2,13,65
2,14,125
2,16,69
2,20,17
2,18,82
2,88,19
2,173,21
2,22,83
2,23,100
2,24,75
2,26,25
2,27,37
2,28,112
2,29,32
2,171,30
2,33,107
2,34,104
2,35,131
2,36,94
2,38,176
2,39,166
2,40,46
2,136,41
2,111,42
2,137,43
2,109,44
2,48,47
2,55,49
2,51,52
2,53,56
2,64,54
2,61,57
2,118,58
2,119,60
2,62,120
2,134,66
2,180,67
2,68,130
2,127,70
2,141,71
2,72,128
2,77,73
2,143,74
2,78,76
2,79,145
2,178,80
2,85,81
2,84,159
2,162,86
2,87,89
2,90,91
2,153,92
2,93,179
2,160,95
2,96,101
2,97,177
2,156,98
2,161,99
2,151,102
2,103,105
2,175,106
2,108,110
2,114,135
2,181,115
2,122,116
2,117,163
2,121,129
2,124,167
2,126,168
2,164,132
2,138,133
2,139,140
2,142,144
2,148,146
2,158,147
2,149,174
2,150,152
2,154,169
2,157,155
3,176,0
3,30,1
3,2,179
3,113,3
3,4,61
3,120,5
3,182,6
3,7,40
3,110,8
3,15,9
3,70,10
3,11,16
3,67,12
3,123,13
3,14,117
3,17,93
3,92,18
3,19,20
3,41,21
3,99,22
3,98,23
3,74,24
3,32,25
3,107,26
3,35,27
3,31,28
3,168,29
3,33,34
3,37,36
3,166,38
3,177,39
3,132,42
3,43,48
3,44,136
3,167,45
3,46,111
3,47,164
3,49,53
3,52,50
3,56,51
3,54,55
3,57,173
3,58,122
3,63,59
3,60,171
3,62,64
3,130,65
3,66,121
3,69,68
3,71,85
3,73,72
3,75,127
3,76,77
3,145,78
3,81,79
3,80,139
3,82,148
3,83,84
3,86,90
3,94,87
3,91,88
3,89,151
3,95,161
3,96,97
3,100,160
3,101,154
3,102,150
3,103,175
3,112,104
3,174,105
3,183,106
3,131,108
3,135,109
3,133,114
3,115,180
3,116,119
3,163,118
3,128,124
3,125,178
3,129,126
3,134,142
3,138,137
3,140,141
3,144,143
3,146,162
3,147,157
3,172,149
3,152,153
3,155,158
3,169,156
3,159,170
3,165,181
4,0,103
4,1,166
4,171,2
4,3,32
4,53,4
4,5,62
4,6,54
4,36,7
4,8,52
4,9,14
4,10,16
4,129,11
4,12,130
4,13,72
4,65,15
4,87,17
4,139,18
4,183,19
4,20,22
4,21,167
4,23,169
4,24,77
4,25,31
4,26,33
4,34,27
4,28,107
4,29,176
4,181,30
4,108,35
4,40,37
4,105,38
4,39,168
4,48,41
4,42,57
4,43,47
4,135,44
4,45,90
4,132,46
4,51,49
4,50,113
4,55,115
4,133,56
4,58,60
4,59,119
4,114,61
4,163,63
4,64,120
4,126,66
4,179,67
4,68,172
4,70,69
4,80,71
4,145,73
4,144,74
4,75,76
4,78,81
4,79,140
4,85,82
4,148,83
4,84,152
4,86,141
4,88,149
4,106,89
4,104,91
4,92,159
4,93,151
4,180,94
4,154,95
4,156,96
4,173,97
4,98,102
4,153,99
4,155,100
4,158,101
4,109,110
4,111,131
4,164,112
4,178,116
4,175,117
4,118,122
4,121,170
4,124,123
4,127,125
4,143,128
4,137,134
4,136,174
4,162,138
4,142,146
4,160,147
4,150,161
4,157,177
4,182,165
5,0,182
5,1,25
5,30,2
5,172,3
5,4,51
5,49,5
5,31,6
5,7,43
5,35,8
5,65,9
5,166,10
5,11,66
5,16,12
5,14,13
5,15,181
5,17,183
5,18,79
5,19,86
5,20,88
5,57,21
5,22,175
5,99,23
5,76,24
5,176,26
5,27,28
5,103,29
5,32,180
5,33,40
5,38,34
5,91,36
5,107,37
5,105,39
5,41,42
5,44,132
5,45,162
5,46,109
5,47,111
5,90,48
5,54,50
5,52,164
5,61,53
5,62,55
5,56,135
5,63,58
5,59,178
5,60,163
5,177,64
5,67,173
5,123,68
5,69,128
5,165,70
5,71,145
5,72,142
5,73,75
5,74,137
5,77,78
5,140,80
5,81,139
5,82,144
5,83,85
5,84,92
5,149,87
5,89,171
5,93,150
5,167,94
5,159,95
5,100,96
5,97,157
5,151,98
5,101,155
5,102,153
5,131,104
5,168,106
5,112,108
5,110,114
5,115,113
5,116,120
5,117,121
5,119,118
5,122,133
5,179,124
5,125,129
5,174,126
5,130,127
5,138,134
5,169,136
5,141,148
5,146,143
5,147,154
5,152,156
5,161,158
5,170,160
6,167,0
6,113,1
6,2,166
6,3,177
6,4,54
6,56,5
6,6,174
6,87,7
6,8,51
6,9,68
6,21,10
6,165,11
6,12,125
6,13,24
6,16,14
6,15,67
6,181,17
6,85,18
6,48,19
6,171,20
6,178,22
6,96,23
6,25,179
6,28,26
6,27,33
6,29,172
6,30,32
6,107,31
6,34,35
6,36,45
6,37,38
6,106,39
6,104,40
6,43,41
6,135,42
6,44,61
6,47,46
6,49,115
6,108,50
6,111,52
6,55,53
6,183,57
6,58,64
6,120,59
6,63,60
6,118,62
6,78,65
6,66,69
6,133,70
6,82,71
6,144,72
6,73,143
6,86,74
6,128,75
6,79,76
6,140,77
6,141,80
6,145,81
6,139,83
6,148,84
6,88,89
6,137,90
6,162,91
6,92,161
6,102,93
6,94,170
6,95,176
6,100,97
6,98,152
6,155,99
6,101,147
6,182,103
6,173,105
6,109,112
6,132,110
6,136,114
6,175,116
6,129,117
6,119,122
6,121,169
6,127,123
6,124,168
6,126,163
6,180,130
6,164,131
6,134,146
6,142,138
6,153,149
6,157,150
6,156,151
6,154,159
6,158,160
7,0,171
7,32,1
7,39,2
7,26,3
7,64,4
7,5,60
7,172,6
7,7,34
7,50,8
7,13,9
7,10,66
7,70,11
7,123,12
7,67,14
7,130,15
7,57,16
7,17,94
7,20,18
7,19,21
7,22,93
7,23,178
7,24,82
7,25,180
7,112,27
7,131,28
7,105,29
7,103,30
7,31,33
7,35,107
7,40,36
7,37,104
7,38,182
7,41,47
7,42,164
7,45,43
7,53,44
7,46,108
7,48,162
7,54,49
7,51,135
7,52,109
7,179,55
7,122,56
7,120,58
7,116,59
7,61,63
7,62,115
7,65,128
7,68,126
7,74,69
7,71,140
7,72,78
7,144,73
7,75,145
7,76,127
7,77,85
7,80,79
7,81,141
7,83,92
7,84,153
7,146,86
7,91,87
7,90,88
7,89,148
7,95,155
7,151,96
7,97,181
7,99,98
7,147,100
7,176,101
7,161,102
7,106,173
7,110,111
7,177,113
7,114,132
7,117,118
7,125,119
7,174,121
7,170,124
7,163,129
7,183,133
7,143,134
7,138,136
7,142,137
7,159,139
7,152,149
7,150,158
7,154,167
7,166,156
7,169,157
7,160,175
7,168,165
8,29,0
8,1,31
8,2,169
8,171,3
8,4,110
8,119,5
8,6,25
8,90,7
8,8,46
8,178,9
8,69,10
8,11,117
8,12,65
8,78,13
8,14,15
8,16,175
8,102,17
8,18,22
8,19,45
8,89,20
8,21,170
8,93,23
8,128,24
8,26,32
8,27,131
8,28,37
8,173,30
8,33,35
8,34,107
8,36,104
8,167,38
8,39,103
8,164,40
8,41,142
8,136,42
8,43,138
8,44,56
8,132,47
8,137,48
8,49,122
8,50,51
8,52,112
8,53,64
8,182,54
8,176,55
8,165,57
8,58,116
8,59,174
8,60,120
8,118,61
8,63,62
8,66,70
8,125,67
8,68,124
8,81,71
8,75,72
8,73,76
8,146,74
8,79,77
8,85,80
8,82,83
8,140,84
8,86,143
8,88,87
8,149,91
8,92,99
8,94,106
8,101,95
8,96,150
8,97,147
8,98,159
8,100,154
8,105,168
8,108,114
8,111,109
8,113,172
8,115,179
8,126,121
8,130,123
8,127,134
8,129,177
8,133,135
8,139,141
8,145,144
8,148,162
8,151,152
8,153,161
8,166,155
8,156,183
8,158,157
8,180,160
8,181,163
9,0,105
9,107,1
9,183,2
9,3,28
9,6,4
9,5,59
9,91,7
9,42,8
9,9,12
9,10,167
9,11,69
9,13,130
9,70,14
9,15,129
9,74,16
9,17,88
9,80,18
9,87,19
9,20,90
9,21,43
9,22,181
9,23,182
9,24,78
9,25,29
9,103,26
9,40,27
9,30,166
9,168,31
9,32,178
9,104,33
9,106,34
9,35,36
9,37,39
9,38,169
9,57,41
9,44,133
9,45,86
9,46,48
9,47,138
9,56,49
9,110,50
9,51,114
9,54,52
9,62,53
9,55,113
9,163,58
9,60,116
9,61,165
9,122,63
9,64,176
9,65,68
9,66,125
9,117,67
9,71,77
9,72,123
9,128,73
9,144,75
9,76,81
9,141,79
9,82,146
9,83,140
9,84,139
9,145,85
9,152,89
9,149,92
9,98,93
9,172,94
9,95,147
9,157,96
9,179,97
9,99,102
9,161,100
9,170,101
9,109,108
9,111,164
9,112,131
9,174,115
9,120,118
9,121,119
9,124,180
9,126,127
9,135,132
9,134,136
9,143,137
9,162,142
9,175,148
9,150,156
9,177,151
9,159,153
9,154,158
9,155,173
9,160,171
10,32,0
10,1,174
10,2,176
10,3,33
10,4,8
10,5,64
10,50,6
10,7,35
10,182,9
10,12,10
10,119,11
10,68,13
10,14,129
10,69,15
10,16,66
10,19,17
10,18,71
10,92,20
10,86,21
10,139,22
10,89,23
10,123,24
10,113,25
10,26,37
10,27,104
10,28,103
10,39,29
10,30,168
10,31,112
10,34,40
10,36,164
10,181,38
10,41,137
10,114,42
10,132,43
10,57,44
10,47,45
10,46,52
10,48,146
10,49,63
10,61,51
10,53,110
10,180,54
10,169,55
10,165,56
10,59,58
10,166,60
10,122,62
10,75,65
10,67,177
10,142,70
10,72,76
10,73,74
10,77,80
10,78,144
10,79,82
10,81,84
10,159,83
10,85,141
10,87,90
10,88,162
10,91,106
10,93,156
10,94,171
10,167,95
10,158,96
10,97,150
10,153,98
10,100,99
10,101,160
10,102,152
10,105,183
10,131,107
10,108,111
10,136,109
10,115,172
10,116,163
10,125,117
10,118,121
10,179,120
10,127,124
10,170,126
10,130,128
10,133,175
10,178,134
10,138,135
10,140,145
10,148,143
10,147,161
10,151,149
10,155,154
10,173,157
11,0,172
11,171,1
11,168,2
11,54,3
11,56,4
11,55,5
11,6,175
11,28,7
11,8,47
11,9,173
11,19,10
11,11,57
11,70,12
11,13,73
11,65,14
11,15,166
11,24,16
11,17,22
11,18,140
11,20,87
11,21,48
11,23,97
11,25,30
11,29,26
11,31,27
11,174,32
11,33,131
11,36,34
11,112,35
11,37,105
11,38,39
11,107,40
11,162,41
11,42,46
11,43,136
11,110,44
11,45,91
11,120,49
11,114,50
11,51,53
11,52,113
11,58,119
11,117,59
11,60,122
11,64,61
11,62,183
11,63,116
11,66,165
11,176,67
11,129,68
11,69,130
11,71,84
11,74,72
11,143,75
11,76,139
11,77,81
11,78,85
11,83,79
11,80,181
11,82,145
11,137,86
11,106,88
11,89,93
11,90,148
11,141,92
11,104,94
11,95,100
11,96,155
11,158,98
11,99,147
11,161,101
11,149,102
11,167,103
11,132,108
11,164,109
11,135,111
11,177,115
11,118,125
11,121,180
11,128,123
11,124,182
11,126,178
11,127,142
11,134,133
11,169,138
11,146,144
11,150,151
11,152,159
11,156,153
11,154,157
11,160,179
11,163,170
12,170,0
12,29,1
12,2,167
12,3,50
12,4,113
12,61,5
12,26,6
12,7,27
12,8,28
12,9,128
12,10,173
12,67,11
12,12,13
12,14,130
12,171,15
12,16,176
12,17,92
12,81,18
12,74,19
12,84,20
12,47,21
12,22,89
12,101,23
12,72,24
12,168,25
12,30,180
12,131,31
12,32,166
12,112,33
12,39,34
12,35,37
12,87,36
12,103,38
12,40,45
12,41,132
12,44,42
12,43,162
12,46,104
12,48,91
12,49,58
12,122,51
12,115,52
12,53,59
12,62,54
12,55,120
12,110,56
12,57,70
12,178,60
12,63,64
12,73,65
12,66,118
12,68,127
12,165,69
12,71,83
12,75,77
12,76,85
12,123,78
12,139,79
12,179,80
12,140,82
12,88,86
12,142,90
12,93,153
12,182,94
12,157,95
12,102,96
12,97,158
12,98,147
12,99,154
12,150,100
12,105,107
12,106,169
12,108,164
12,109,114
12,111,136
12,116,121
12,117,174
12,119,126
12,172,124
12,125,163
12,183,129
12,137,133
12,144,134
12,146,135
12,138,143
12,145,141
12,148,149
12,175,151
12,161,152
12,155,159
12,181,156
12,160,177
13,0,39
13,1,26
13,172,2
13,175,3
13,52,4
13,5,53
13,6,170
13,7,19
13,40,8
13,67,9
13,10,183
13,11,125
13,12,68
13,15,13
13,69,14
13,173,16
13,23,17
13,18,99
13,91,20
13,21,165
13,22,140
13,24,71
13,25,182
13,27,108
13,34,28
13,166,29
13,177,30
13,31,179
13,113,32
13,33,36
13,104,35
13,37,103
13,38,106
13,134,41
13,42,110
13,135,43
13,51,44
13,45,137
13,131,46
13,109,47
13,164,48
13,64,49
13,50,55
13,54,168
13,56,57
13,58,62
13,59,66
13,60,118
13,133,61
13,120,63
13,65,72
13,70,74
13,127,73
13,123,75
13,143,76
13,77,82
13,79,78
13,80,145
13,83,81
13,141,84
13,85,139
13,86,138
13,162,87
13,94,88
13,153,89
13,90,146
13,92,152
13,96,93
13,95,174
13,156,97
13,149,98
13,100,101
13,159,102
13,176,105
13,107,112
13,114,111
13,115,178
13,116,117
13,129,119
13,121,167
13,163,122
13,124,171
13,130,126
13,128,144
13,136,132
13,148,142
13,147,150
13,151,181
13,154,161
13,180,155
13,157,160
13,169,158
