17,MiaoAlgo,I_CON40_30,1,100
NrSuccesfullMatchings,98267,NrInfeasibleMatchings,406872
Time,Value 
2280,812
2250,812
2220,812
2190,812
2160,812
2130,812
2100,812
2070,812
2040,812
2010,812
1980,812
1950,812
1920,812
1890,812
1860,812
1830,813
1800,813
1770,813
840,816
810,816
780,816
750,817
720,817
690,817
660,817
630,817
600,818
570,818
540,818
510,818
480,819
450,820
420,821
390,822
0,979
30,856
60,844
90,842
120,837
150,836
180,834
210,832
240,830
270,826
300,824
330,823
360,822
870,816
900,816
930,816
960,816
990,816
1020,816
1050,816
1080,816
1110,815
1140,815
1170,815
1200,815
1230,815
1260,815
1290,815
1320,814
1350,814
1380,814
1410,814
1440,814
1470,814
1500,814
1530,814
1560,813
1590,813
1620,813
1650,813
1680,813
1710,813
1740,813
Final, 812,2282

Round,H_team,A_team 
0,1,0
0,2,6
0,3,7
0,4,9
0,5,10
0,8,11
0,13,12
0,22,14
0,23,15
0,24,16
0,25,17
0,26,18
0,27,19
0,29,20
0,34,21
0,35,28
0,36,30
0,37,31
0,38,32
0,39,33
1,2,0
1,1,6
1,3,9
1,4,7
1,5,11
1,8,10
1,22,12
1,13,14
1,24,15
1,23,16
1,26,17
1,25,18
1,29,19
1,27,20
1,35,21
1,34,28
1,37,30
1,36,31
1,39,32
1,38,33
2,6,0
2,1,33
2,2,7
2,3,38
2,4,10
2,5,9
2,8,12
2,13,11
2,23,14
2,22,15
2,25,16
2,24,17
2,27,18
2,26,19
2,34,20
2,29,21
2,36,28
2,35,30
2,39,31
2,37,32
3,0,38
3,31,1
3,9,2
3,6,3
3,12,4
3,7,5
3,14,8
3,10,13
3,11,22
3,15,25
3,16,26
3,17,23
3,18,24
3,19,34
3,20,35
3,21,27
3,28,29
3,30,39
3,32,36
3,33,37
4,0,39
4,7,1
4,33,2
4,10,3
4,11,4
4,32,5
4,6,38
4,9,8
4,12,23
4,15,13
4,14,24
4,16,22
4,17,27
4,18,29
4,19,25
4,20,26
4,21,36
4,28,37
4,30,34
4,31,35
5,0,3
5,9,1
5,10,2
5,14,4
5,12,5
5,31,6
5,7,8
5,11,23
5,16,13
5,15,26
5,17,22
5,18,34
5,19,24
5,20,25
5,21,37
5,28,27
5,30,29
5,32,35
5,33,36
5,38,39
6,36,0
6,1,10
6,2,11
6,3,12
6,4,30
6,5,6
6,13,7
6,8,15
6,22,9
6,25,14
6,27,16
6,37,17
6,23,18
6,39,19
6,24,20
6,26,21
6,38,28
6,29,32
6,34,31
6,35,33
7,4,0
7,1,11
7,2,12
7,3,14
7,5,33
7,8,6
7,38,7
7,13,9
7,23,10
7,39,15
7,29,16
7,34,17
7,35,18
7,36,19
7,37,20
7,24,21
7,22,32
7,25,28
7,26,30
7,27,31
8,10,0
8,1,19
8,2,25
8,3,26
8,4,34
8,5,38
8,6,20
8,23,7
8,8,39
8,24,9
8,11,21
8,12,28
8,13,22
8,27,14
8,29,15
8,35,16
8,36,17
8,37,18
8,30,32
8,31,33
9,0,22
9,18,1
9,14,2
9,33,3
9,15,4
9,31,5
9,6,13
9,7,29
9,30,8
9,9,23
9,10,24
9,11,39
9,12,27
9,16,36
9,17,35
9,19,37
9,20,38
9,21,25
9,28,26
9,32,34
10,0,25
10,20,1
10,30,2
10,11,3
10,16,4
10,18,5
10,6,23
10,7,27
10,17,8
10,9,35
10,10,29
10,12,24
10,31,13
10,14,37
10,15,36
10,19,22
10,21,38
10,32,26
10,28,39
10,33,34
11,0,31
11,14,1
11,15,2
11,16,3
11,17,4
11,21,5
11,39,6
11,7,11
11,18,8
11,9,10
11,25,12
11,19,13
11,20,23
11,22,30
11,28,24
11,26,36
11,32,27
11,33,29
11,34,37
11,38,35
12,34,0
12,1,12
12,2,16
12,3,15
12,4,6
12,5,28
12,22,7
12,8,19
12,37,9
12,35,10
12,24,11
12,13,17
12,29,14
12,36,18
12,39,20
12,23,21
12,25,32
12,26,33
12,27,30
12,38,31
13,12,0
13,1,30
13,2,26
13,3,27
13,4,22
13,5,34
13,24,6
13,25,7
13,8,28
13,29,9
13,10,31
13,35,11
13,13,18
13,14,32
13,15,33
13,37,16
13,38,17
13,23,19
13,36,20
13,39,21
14,7,0
14,1,21
14,2,35
14,3,25
14,4,36
14,5,39
14,6,19
14,8,38
14,12,9
14,10,17
14,11,20
14,13,23
14,14,34
14,15,18
14,16,28
14,37,22
14,24,26
14,29,27
14,30,33
14,31,32
15,0,26
15,32,1
15,21,2
15,31,3
15,18,4
15,14,5
15,6,34
15,7,24
15,16,8
15,9,38
15,10,25
15,11,36
15,12,29
15,30,13
15,15,37
15,17,39
15,19,35
15,20,22
15,28,23
15,33,27
16,0,14
16,28,1
16,32,2
16,30,3
16,31,4
16,16,5
16,6,36
16,7,37
16,20,8
16,9,15
16,18,10
16,11,29
16,17,12
16,21,13
16,19,38
16,22,24
16,27,23
16,33,25
16,26,39
16,34,35
17,0,30
17,39,1
17,36,2
17,28,3
17,20,4
17,27,5
17,9,6
17,19,7
17,21,8
17,22,10
17,17,11
17,32,12
17,25,13
17,33,14
17,35,15
17,38,16
17,18,31
17,23,24
17,26,37
17,34,29
18,37,0
18,1,15
18,2,28
18,3,18
18,4,19
18,5,17
18,10,6
18,26,7
18,8,33
18,25,9
18,27,11
18,35,12
18,13,20
18,36,14
18,39,16
18,22,21
18,23,30
18,24,32
18,29,31
18,38,34
19,15,0
19,1,34
19,2,23
19,3,24
19,4,25
19,5,26
19,6,21
19,7,20
19,8,31
19,39,9
19,10,19
19,37,11
19,12,33
19,13,36
19,14,28
19,16,32
19,30,17
19,38,18
19,29,22
19,35,27
20,9,0
20,1,38
20,2,34
20,3,23
20,4,33
20,5,35
20,6,27
20,7,36
20,8,37
20,10,26
20,11,28
20,12,19
20,13,39
20,14,20
20,15,21
20,16,18
20,17,32
20,31,22
20,30,24
20,29,25
21,0,27
21,16,1
21,20,2
21,19,3
21,21,4
21,30,5
21,6,25
21,7,39
21,32,8
21,9,26
21,11,10
21,12,37
21,28,13
21,14,35
21,15,38
21,17,29
21,18,22
21,31,23
21,33,24
21,34,36
22,0,35
22,17,1
22,31,2
22,32,3
22,23,4
22,22,5
22,18,6
22,21,7
22,24,8
22,9,14
22,20,10
22,11,12
22,26,13
22,19,15
22,33,16
22,25,38
22,27,37
22,28,30
22,36,29
22,34,39
23,0,16
23,36,1
23,39,2
23,37,3
23,24,4
23,19,5
23,22,6
23,28,7
23,23,8
23,20,9
23,27,10
23,18,11
23,26,12
23,32,13
23,38,14
23,34,15
23,33,17
23,21,31
23,25,30
23,35,29
24,5,0
24,1,24
24,2,19
24,3,21
24,4,26
24,7,6
24,8,34
24,9,16
24,10,12
24,14,11
24,13,33
24,27,15
24,31,17
24,39,18
24,30,20
24,22,28
24,23,32
24,25,35
24,29,37
24,38,36
25,13,0
25,1,22
25,2,27
25,3,36
25,4,32
25,5,20
25,6,33
25,7,18
25,8,35
25,9,28
25,10,37
25,15,11
25,12,34
25,14,19
25,16,17
25,30,21
25,29,23
25,31,24
25,39,25
25,38,26
26,17,0
26,1,37
26,2,24
26,3,22
26,4,35
26,5,23
26,6,28
26,7,32
26,8,25
26,9,18
26,10,21
26,11,33
26,12,36
26,13,27
26,14,39
26,15,20
26,16,34
26,30,19
26,31,26
26,29,38
27,0,23
27,35,1
27,17,2
27,20,3
27,28,4
27,15,5
27,6,29
27,12,7
27,26,8
27,32,9
27,16,10
27,11,25
27,34,13
27,21,14
27,18,30
27,19,31
27,33,22
27,24,39
27,36,27
27,37,38
28,0,29
28,25,1
28,22,2
28,17,3
28,37,4
28,24,5
28,26,6
28,33,7
28,27,8
28,21,9
28,34,10
28,11,30
28,20,12
28,35,13
28,18,14
28,32,15
28,19,16
28,23,38
28,28,31
28,36,39
29,0,11
29,23,1
29,18,2
29,34,3
29,27,4
29,37,5
29,32,6
29,35,7
29,22,8
29,33,9
29,36,10
29,21,12
29,24,13
29,26,14
29,28,15
29,20,16
29,19,17
29,25,31
29,39,29
29,38,30
