58,MiaoAlgo,I_INCR40_30,1,100
NrSuccesfullMatchings,299848,NrInfeasibleMatchings,3137
Time,Value 
2190,169894
2160,169894
2130,169894
2100,169894
2070,169894
2040,169894
2010,169894
1980,169894
1950,169894
1920,169894
1890,169894
1860,169894
1830,169894
1800,169894
1770,169894
840,175782
810,176354
780,176354
750,176354
720,176464
690,176464
660,176604
630,176604
600,176604
570,176740
540,176740
510,177228
480,177228
450,177364
420,178212
390,178804
0,213030
30,181718
60,180124
90,179896
120,179848
150,179094
180,179094
210,179094
240,179094
270,179094
300,179094
330,179094
360,179094
870,174846
900,173426
930,172288
960,171078
990,170738
1020,170738
1050,170396
1080,170396
1110,170396
1140,170384
1170,170332
1200,170332
1230,170332
1260,170332
1290,170332
1320,170332
1350,170332
1380,170332
1410,170332
1440,170298
1470,169894
1500,169894
1530,169894
1560,169894
1590,169894
1620,169894
1650,169894
1680,169894
1710,169894
1740,169894
Final, 169894,2193

Round,H_team,A_team 
0,0,25
0,1,2
0,3,6
0,4,5
0,7,24
0,8,21
0,9,20
0,10,19
0,11,14
0,12,13
0,15,17
0,16,18
0,22,23
0,27,26
0,37,28
0,32,29
0,31,30
0,35,33
0,36,34
0,38,39
1,2,0
1,25,1
1,5,3
1,6,4
1,11,7
1,23,8
1,21,9
1,13,10
1,20,12
1,15,14
1,17,16
1,19,18
1,24,22
1,28,26
1,30,27
1,29,31
1,33,32
1,34,35
1,39,36
1,37,38
2,1,0
2,2,9
2,3,8
2,4,11
2,5,6
2,7,10
2,15,12
2,14,13
2,16,20
2,18,17
2,19,24
2,21,23
2,22,28
2,25,26
2,31,27
2,29,30
2,32,35
2,34,33
2,38,36
2,37,39
3,6,0
3,11,1
3,3,2
3,8,4
3,10,5
3,9,7
3,23,12
3,13,15
3,17,14
3,31,16
3,33,18
3,20,19
3,24,21
3,26,22
3,27,25
3,30,28
3,35,29
3,38,32
3,39,34
3,36,37
4,0,3
4,10,1
4,2,4
4,8,5
4,7,6
4,9,13
4,12,11
4,29,14
4,28,15
4,39,16
4,26,17
4,36,18
4,23,19
4,21,20
4,27,22
4,25,24
4,32,30
4,33,31
4,37,34
4,35,38
5,0,8
5,1,3
5,5,2
5,4,7
5,6,9
5,11,10
5,12,39
5,13,36
5,14,32
5,15,33
5,16,28
5,17,27
5,18,21
5,19,29
5,20,23
5,22,25
5,24,26
5,30,35
5,31,37
5,34,38
6,0,5
6,1,4
6,2,8
6,7,3
6,10,6
6,12,9
6,13,11
6,14,28
6,15,18
6,16,27
6,17,21
6,19,25
6,20,22
6,23,24
6,29,26
6,30,39
6,36,31
6,32,34
6,33,38
6,35,37
7,4,0
7,5,1
7,6,2
7,3,18
7,8,7
7,9,14
7,10,12
7,11,15
7,13,20
7,21,16
7,19,17
7,22,32
7,25,23
7,27,24
7,26,35
7,28,36
7,29,39
7,34,30
7,38,31
7,37,33
8,0,18
8,6,1
8,2,10
8,12,3
8,9,4
8,5,13
8,7,15
8,8,14
8,11,20
8,16,19
8,24,17
8,21,22
8,26,23
8,25,32
8,27,36
8,28,34
8,29,37
8,38,30
8,35,31
8,39,33
9,11,0
9,1,7
9,13,2
9,3,9
9,4,10
9,18,5
9,15,6
9,17,8
9,14,12
9,22,16
9,19,21
9,20,24
9,23,28
9,33,25
9,31,26
9,27,38
9,34,29
9,37,30
9,32,39
9,36,35
10,0,7
10,1,9
10,2,17
10,3,14
10,4,13
10,20,5
10,6,12
10,8,11
10,10,15
10,16,23
10,18,24
10,19,22
10,21,27
10,30,25
10,26,34
10,28,31
10,38,29
10,37,32
10,36,33
10,39,35
11,14,0
11,12,1
11,7,2
11,13,3
11,15,4
11,5,16
11,11,6
11,9,8
11,23,10
11,17,20
11,22,18
11,34,19
11,25,21
11,24,38
11,32,26
11,27,37
11,35,28
11,29,36
11,33,30
11,31,39
12,0,10
12,13,1
12,2,16
12,3,4
12,5,7
12,6,8
12,9,15
12,11,18
12,12,22
12,14,20
12,17,23
12,35,19
12,21,38
12,24,29
12,37,25
12,33,26
12,34,27
12,39,28
12,30,36
12,31,32
13,36,0
13,1,17
13,18,2
13,20,3
13,4,12
13,14,5
13,16,6
13,7,13
13,8,15
13,10,9
13,19,11
13,32,21
13,22,39
13,23,34
13,30,24
13,25,31
13,26,37
13,27,35
13,38,28
13,29,33
14,0,13
14,15,1
14,2,12
14,3,10
14,37,4
14,5,9
14,36,6
14,7,17
14,19,8
14,22,11
14,16,14
14,29,18
14,32,20
14,35,21
14,23,38
14,24,39
14,28,25
14,26,30
14,33,27
14,34,31
15,9,0
15,1,8
15,15,2
15,3,11
15,39,4
15,12,5
15,6,37
15,14,7
15,10,16
15,13,19
15,17,36
15,18,28
15,35,20
15,21,34
15,31,22
15,23,30
15,24,33
15,25,29
15,38,26
15,27,32
16,0,38
16,1,19
16,2,37
16,15,3
16,35,4
16,5,21
16,6,17
16,12,7
16,8,10
16,11,9
16,13,25
16,14,18
16,16,34
16,20,30
16,33,22
16,27,23
16,24,31
16,39,26
16,28,29
16,36,32
17,0,12
17,38,1
17,34,2
17,3,16
17,4,18
17,37,5
17,14,6
17,7,20
17,22,8
17,9,31
17,17,10
17,21,11
17,30,13
17,19,15
17,23,29
17,32,24
17,25,35
17,26,36
17,39,27
17,28,33
18,15,0
18,37,1
18,2,20
18,3,31
18,4,14
18,38,5
18,30,6
18,7,21
18,26,8
18,9,19
18,18,10
18,11,17
18,16,12
18,35,13
18,22,34
18,33,23
18,36,24
18,25,39
18,29,27
18,28,32
19,0,17
19,39,1
19,2,11
19,26,3
19,31,4
19,5,15
19,6,21
19,7,16
19,30,8
19,18,9
19,10,14
19,12,36
19,32,13
19,19,33
19,20,34
19,22,29
19,23,37
19,24,35
19,38,25
19,27,28
20,0,37
20,1,36
20,2,38
20,3,35
20,32,4
20,5,33
20,13,6
20,19,7
20,8,18
20,16,9
20,10,28
20,11,27
20,12,24
20,14,31
20,15,30
20,17,22
20,20,26
20,21,29
20,39,23
20,34,25
21,35,0
21,1,14
21,29,2
21,37,3
21,33,4
21,17,5
21,6,38
21,26,7
21,8,12
21,9,36
21,10,30
21,31,11
21,18,13
21,22,15
21,25,16
21,27,19
21,20,39
21,28,21
21,23,32
21,24,34
22,34,0
22,1,27
22,2,14
22,38,3
22,4,29
22,25,5
22,6,39
22,7,30
22,8,20
22,17,9
22,37,10
22,32,11
22,12,18
22,13,26
22,16,15
22,31,19
22,33,21
22,36,22
22,35,23
22,28,24
23,29,0
23,26,1
23,2,27
23,39,3
23,4,16
23,5,36
23,18,6
23,7,32
23,13,8
23,9,25
23,38,10
23,34,11
23,21,12
23,14,33
23,15,20
23,28,17
23,30,19
23,35,22
23,31,23
23,24,37
24,0,16
24,29,1
24,23,2
24,3,27
24,4,36
24,5,34
24,6,32
24,7,25
24,24,8
24,9,33
24,39,10
24,11,28
24,12,35
24,17,13
24,19,14
24,26,15
24,18,38
24,20,37
24,21,31
24,30,22
25,39,0
25,1,16
25,24,2
25,3,34
25,17,4
25,28,5
25,33,6
25,18,7
25,8,25
25,9,32
25,10,35
25,38,11
25,12,26
25,13,29
25,23,14
25,27,15
25,36,19
25,20,31
25,30,21
25,22,37
26,33,0
26,1,18
26,28,2
26,3,24
26,21,4
26,32,5
26,35,6
26,7,34
26,16,8
26,23,9
26,10,26
26,37,11
26,12,29
26,13,39
26,22,14
26,15,31
26,17,30
26,38,19
26,27,20
26,25,36
27,32,0
27,1,24
27,2,39
27,22,3
27,4,38
27,5,26
27,34,6
27,31,7
27,8,29
27,27,9
27,10,21
27,36,11
27,33,12
27,16,13
27,14,30
27,15,35
27,25,17
27,18,23
27,37,19
27,28,20
28,0,24
28,30,1
28,19,2
28,29,3
28,4,22
28,5,39
28,6,28
28,36,7
28,8,38
28,26,9
28,20,10
28,11,23
28,34,12
28,31,13
28,14,35
28,25,15
28,16,33
28,32,17
28,18,27
28,21,37
29,0,22
29,31,1
29,21,2
29,36,3
29,4,28
29,11,5
29,6,23
29,39,7
29,8,35
29,9,38
29,10,33
29,30,12
29,34,13
29,14,27
29,24,15
29,26,16
29,29,17
29,18,37
29,19,32
29,20,25
