21,MiaoAlgo,I_LINE40_30,1,100
NrSuccesfullMatchings,269970,NrInfeasibleMatchings,16071
Time,Value 
2280,8736
2250,8736
2220,8736
2190,8736
2160,8736
2130,8736
2100,8736
2070,8736
2040,8736
2010,8736
1980,8736
1950,8736
1920,8736
1890,8736
1860,8736
1830,8736
1800,8736
1770,8736
840,8838
810,8838
780,8838
750,8838
720,8838
690,8838
660,8868
630,8906
600,8906
570,8912
540,8912
510,8912
480,8912
450,8954
420,8954
390,8954
0,10608
30,9232
60,9120
90,9088
120,9086
150,9086
180,9052
210,9042
240,9042
270,9042
300,9042
330,8954
360,8954
870,8838
900,8838
930,8838
960,8838
990,8838
1020,8838
1050,8834
1080,8834
1110,8834
1140,8834
1170,8834
1200,8834
1230,8800
1260,8792
1290,8792
1320,8786
1350,8774
1380,8772
1410,8762
1440,8762
1470,8740
1500,8736
1530,8736
1560,8736
1590,8736
1620,8736
1650,8736
1680,8736
1710,8736
1740,8736
Final, 8736,2288

Round,H_team,A_team 
0,0,1
0,2,5
0,3,4
0,9,6
0,8,7
0,10,11
0,12,15
0,13,14
0,19,16
0,18,17
0,20,27
0,21,24
0,22,23
0,25,26
0,28,33
0,29,30
0,31,32
0,34,35
0,39,36
0,38,37
1,2,0
1,1,3
1,5,4
1,6,8
1,7,12
1,9,10
1,11,13
1,14,16
1,15,17
1,27,18
1,26,19
1,24,20
1,23,21
1,25,22
1,30,28
1,32,29
1,33,31
1,36,34
1,35,38
1,37,39
2,0,3
2,1,5
2,2,6
2,4,7
2,8,9
2,13,10
2,12,11
2,14,17
2,15,16
2,18,20
2,19,21
2,24,22
2,23,25
2,26,29
2,27,28
2,31,30
2,33,32
2,39,34
2,35,37
2,38,36
3,5,0
3,7,1
3,3,2
3,6,4
3,10,8
3,9,12
3,11,14
3,13,15
3,16,18
3,17,19
3,20,23
3,21,25
3,22,26
3,28,24
3,30,27
3,29,31
3,32,39
3,37,33
3,34,38
3,36,35
4,0,4
4,1,2
4,9,3
4,7,5
4,10,6
4,11,8
4,12,17
4,13,18
4,14,15
4,16,20
4,19,23
4,21,22
4,25,24
4,27,26
4,31,28
4,38,29
4,30,32
4,33,34
4,39,35
4,37,36
5,6,0
5,4,1
5,2,10
5,3,7
5,5,9
5,8,12
5,15,11
5,23,13
5,18,14
5,17,16
5,22,19
5,20,21
5,24,27
5,29,25
5,26,30
5,32,28
5,35,31
5,36,33
5,34,37
5,39,38
6,0,7
6,1,9
6,14,2
6,3,10
6,8,4
6,5,15
6,6,11
6,12,16
6,29,13
6,24,17
6,38,18
6,27,19
6,22,20
6,26,21
6,28,23
6,35,25
6,30,36
6,31,34
6,37,32
6,33,39
7,9,0
7,11,1
7,2,4
7,3,5
7,7,6
7,15,8
7,10,14
7,13,12
7,16,24
7,17,22
7,19,18
7,20,26
7,21,33
7,23,35
7,25,28
7,27,37
7,29,36
7,34,30
7,39,31
7,32,38
8,0,10
8,1,13
8,2,7
8,6,3
8,4,9
8,5,8
8,11,16
8,12,19
8,14,24
8,18,15
8,17,20
8,21,37
8,22,28
8,26,23
8,32,25
8,36,27
8,34,29
8,30,39
8,38,31
8,35,33
9,39,0
9,8,1
9,9,2
9,3,11
9,19,4
9,13,5
9,16,6
9,7,10
9,23,12
9,22,14
9,20,15
9,21,17
9,24,18
9,25,37
9,26,32
9,38,27
9,28,34
9,29,35
9,33,30
9,36,31
10,37,0
10,1,10
10,12,2
10,3,8
10,17,4
10,5,11
10,6,19
10,7,14
10,9,15
10,13,20
10,16,22
10,18,21
10,31,23
10,26,24
10,36,25
10,35,27
10,28,39
10,29,33
10,30,38
10,32,34
11,8,0
11,19,1
11,2,17
11,12,3
11,4,13
11,10,5
11,14,6
11,15,7
11,11,9
11,21,16
11,22,18
11,20,28
11,23,36
11,24,35
11,25,30
11,34,26
11,27,32
11,39,29
11,31,37
11,33,38
12,0,13
12,21,1
12,39,2
12,16,3
12,4,11
12,6,5
12,7,9
12,35,8
12,10,17
12,12,14
12,37,15
12,23,18
12,24,19
12,30,20
12,31,22
12,34,25
12,26,38
12,27,33
12,29,28
12,32,36
13,11,0
13,1,6
13,2,16
13,3,39
13,14,4
13,5,12
13,13,7
13,8,21
13,9,23
13,15,10
13,17,29
13,18,31
13,19,32
13,20,34
13,38,22
13,36,24
13,25,27
13,33,26
13,28,35
13,37,30
14,0,16
14,1,39
14,2,8
14,15,3
14,10,4
14,14,5
14,12,6
14,7,11
14,9,13
14,23,17
14,29,18
14,20,19
14,21,32
14,34,22
14,24,33
14,25,38
14,37,26
14,27,31
14,36,28
14,30,35
15,12,0
15,14,1
15,11,2
15,3,29
15,15,4
15,5,16
15,6,33
15,7,30
15,8,20
15,17,9
15,18,10
15,13,21
15,19,34
15,22,36
15,38,23
15,32,24
15,31,25
15,35,26
15,39,27
15,28,37
16,0,14
16,16,1
16,2,29
16,3,18
16,4,12
16,5,30
16,6,15
16,19,7
16,8,36
16,34,9
16,20,10
16,11,21
16,13,17
16,27,22
16,39,23
16,24,37
16,33,25
16,26,31
16,28,38
16,32,35
17,15,0
17,1,18
17,35,2
17,33,3
17,4,20
17,17,5
17,6,28
17,7,16
17,13,8
17,9,14
17,12,10
17,37,11
17,30,19
17,21,31
17,22,32
17,23,34
17,38,24
17,25,39
17,36,26
17,29,27
18,0,18
18,1,12
18,33,2
18,38,3
18,4,25
18,5,28
18,26,6
18,7,35
18,8,14
18,19,9
18,10,34
18,11,17
18,16,13
18,31,15
18,20,32
18,36,21
18,22,30
18,23,27
18,39,24
18,29,37
19,17,0
19,15,1
19,2,25
19,37,3
19,16,4
19,32,5
19,6,39
19,18,7
19,8,33
19,9,38
19,10,36
19,27,11
19,12,20
19,13,19
19,14,29
19,34,21
19,35,22
19,30,23
19,24,31
19,28,26
20,0,34
20,17,1
20,2,15
20,3,14
20,4,38
20,39,5
20,6,13
20,7,36
20,8,16
20,9,27
20,25,10
20,33,11
20,26,12
20,18,30
20,19,28
20,20,31
20,35,21
20,22,37
20,32,23
20,29,24
21,0,38
21,1,34
21,2,13
21,3,17
21,4,27
21,37,5
21,24,6
21,33,7
21,30,8
21,16,9
21,32,10
21,36,11
21,28,12
21,21,14
21,15,26
21,25,18
21,31,19
21,20,35
21,22,39
21,23,29
22,0,20
22,1,27
22,18,2
22,13,3
22,4,34
22,5,29
22,6,37
22,39,7
22,38,8
22,9,30
22,10,16
22,11,35
22,12,31
22,14,26
22,25,15
22,17,32
22,36,19
22,21,28
22,33,22
22,23,24
23,19,0
23,36,1
23,34,2
23,32,3
23,22,4
23,5,20
23,18,6
23,38,7
23,8,29
23,28,9
23,10,37
23,11,30
23,24,12
23,35,13
23,14,25
23,15,33
23,16,23
23,31,17
23,27,21
23,26,39
24,25,0
24,35,1
24,37,2
24,3,22
24,23,4
24,5,38
24,20,6
24,7,32
24,18,8
24,31,9
24,10,39
24,19,11
24,27,12
24,34,13
24,14,33
24,15,36
24,16,26
24,28,17
24,29,21
24,30,24
25,0,22
25,37,1
25,2,38
25,3,20
25,4,36
25,35,5
25,6,32
25,7,28
25,8,19
25,39,9
25,29,10
25,26,11
25,12,18
25,13,33
25,31,14
25,23,15
25,25,16
25,17,27
25,30,21
25,24,34
26,0,36
26,1,22
26,2,20
26,3,19
26,4,32
26,33,5
26,6,38
26,7,29
26,8,28
26,9,18
26,26,10
26,24,11
26,12,35
26,13,31
26,39,14
26,21,15
26,30,16
26,25,17
26,23,37
26,27,34
27,0,23
27,1,20
27,27,2
27,36,3
27,4,29
27,34,5
27,17,6
27,26,7
27,32,8
27,9,35
27,10,30
27,11,31
27,22,12
27,28,13
27,38,14
27,24,15
27,16,33
27,18,37
27,19,25
27,21,39
28,32,0
28,1,23
28,28,2
28,34,3
28,18,4
28,5,24
28,31,6
28,27,7
28,37,8
28,21,9
28,10,35
28,11,29
28,38,12
28,36,13
28,14,30
28,15,22
28,16,39
28,17,26
28,19,33
28,20,25
29,33,0
29,28,1
29,30,2
29,35,3
29,4,24
29,5,23
29,29,6
29,31,7
29,34,8
29,22,9
29,10,21
29,11,25
29,37,12
29,38,13
29,14,27
29,15,19
29,16,32
29,17,39
29,18,26
29,20,36
