10000,MiaoAlgo,I_BRA24_18,10000,90
NrSuccesfullMatchings,136562,NrInfeasibleMatchings,62270
Time,Value 
2520,360523
2490,362789
2460,362789
2430,362789
2400,362789
2370,363747
2340,363851
2310,363851
2280,363851
2250,363851
2220,363851
2190,363940
2160,363940
2130,363940
2100,363940
2070,363940
2040,363940
2010,363940
1980,363940
1950,363940
1920,363940
1890,363940
1860,363940
1830,363940
1800,363940
1770,363940
840,366705
810,366705
780,366705
750,366705
720,366705
690,366705
660,366705
630,366705
600,366705
570,366705
540,366705
510,366705
480,366705
450,367593
420,368217
390,368217
0,392680
30,386261
60,385833
90,377523
120,377419
150,375968
180,370802
210,370732
240,370407
270,369550
300,369291
330,368237
360,368217
870,366705
900,366705
930,366705
960,366705
990,366705
1020,366705
1050,366705
1080,366705
1110,366705
1140,366705
1170,366705
1200,366705
1230,363940
1260,363940
1290,363940
1320,363940
1350,363940
1380,363940
1410,363940
1440,363940
1470,363940
1500,363940
1530,363940
1560,363940
1590,363940
1620,363940
1650,363940
1680,363940
1710,363940
1740,363940
Final, 360523,2527

Round,H_team,A_team 
0,0,6
0,15,1
0,18,2
0,21,3
0,20,4
0,5,7
0,22,8
0,9,11
0,10,23
0,12,14
0,17,13
0,19,16
1,0,11
1,12,1
1,2,23
1,20,3
1,4,17
1,5,16
1,13,6
1,7,22
1,8,9
1,10,18
1,14,15
1,19,21
2,8,0
2,7,1
2,2,10
2,3,19
2,16,4
2,14,5
2,6,9
2,11,13
2,12,15
2,17,22
2,23,18
2,20,21
3,23,0
3,1,4
3,2,17
3,3,16
3,15,5
3,6,21
3,7,14
3,8,12
3,9,22
3,10,13
3,18,11
3,19,20
4,10,0
4,1,14
4,11,2
4,6,3
4,4,15
4,12,5
4,16,7
4,21,8
4,20,9
4,18,13
4,23,17
4,22,19
5,0,18
5,3,1
5,9,2
5,5,4
5,8,6
5,15,7
5,10,17
5,11,23
5,19,12
5,13,21
5,14,16
5,20,22
6,9,0
6,5,1
6,8,2
6,3,13
6,4,14
6,6,23
6,7,12
6,11,10
6,16,15
6,17,20
6,18,19
6,21,22
7,0,17
7,1,16
7,2,6
7,14,3
7,4,12
7,5,21
7,9,7
7,23,8
7,10,19
7,22,11
7,13,20
7,18,15
8,2,0
8,1,17
8,12,3
8,4,7
8,19,5
8,6,18
8,8,11
8,13,9
8,10,15
8,14,21
8,16,20
8,23,22
9,21,0
9,20,1
9,2,22
9,15,3
9,18,4
9,5,13
9,11,6
9,7,19
9,8,10
9,9,23
9,16,12
9,17,14
10,3,0
10,1,18
10,21,2
10,23,4
10,5,9
10,17,6
10,7,8
10,22,10
10,11,16
10,12,13
10,14,19
10,20,15
11,0,4
11,1,21
11,19,2
11,3,7
11,17,5
11,22,6
11,15,8
11,9,10
11,11,12
11,13,14
11,18,16
11,23,20
12,0,13
12,6,1
12,7,2
12,3,17
12,4,11
12,22,5
12,14,8
12,21,9
12,10,16
12,23,12
12,15,19
12,18,20
13,0,22
13,8,1
13,2,20
13,4,3
13,5,11
13,6,10
13,7,21
13,12,9
13,13,15
13,18,14
13,16,17
13,19,23
14,20,0
14,1,23
14,13,2
14,11,3
14,4,19
14,6,5
14,17,7
14,8,18
14,15,9
14,10,14
14,12,22
14,21,16
15,0,5
15,1,19
15,2,14
15,3,10
15,13,4
15,7,6
15,20,8
15,9,18
15,11,17
15,21,12
15,22,15
15,16,23
16,19,0
16,9,1
16,3,2
16,4,8
16,5,20
16,14,6
16,23,7
16,21,10
16,15,11
16,17,12
16,16,13
16,22,18
17,0,7
17,1,10
17,2,5
17,22,3
17,6,4
17,16,8
17,19,9
17,14,11
17,12,20
17,13,23
17,15,21
17,17,18
