42,MiaoAlgo,I_CON40_20,100,10
NrSuccesfullMatchings,1761,NrInfeasibleMatchings,0
Time,Value 
2250,500596
2220,500596
2190,500596
2160,500596
2130,500596
2100,500596
2070,500596
2040,500596
2010,500596
1980,500596
1950,500596
1920,500596
1890,500596
1860,500596
1830,500596
1800,500596
1770,500596
840,500596
810,500596
780,500596
750,500596
720,500596
690,500596
660,500596
630,500596
600,500596
570,500596
540,500596
510,500596
480,500596
450,500596
420,500596
390,500596
0,500596
30,500596
60,500596
90,500596
120,500596
150,500596
180,500596
210,500596
240,500596
270,500596
300,500596
330,500596
360,500596
870,500596
900,500596
930,500596
960,500596
990,500596
1020,500596
1050,500596
1080,500596
1110,500596
1140,500596
1170,500596
1200,500596
1230,500596
1260,500596
1290,500596
1320,500596
1350,500596
1380,500596
1410,500596
1440,500596
1470,500596
1500,500596
1530,500596
1560,500596
1590,500596
1620,500596
1650,500596
1680,500596
1710,500596
1740,500596
Final, 500596,2255

Round,H_team,A_team 
0,1,0
0,7,2
0,8,3
0,12,4
0,14,5
0,16,6
0,18,9
0,19,10
0,21,11
0,22,13
0,24,15
0,25,17
0,26,20
0,27,23
0,28,31
0,29,33
0,30,34
0,32,36
0,35,37
0,38,39
1,2,0
1,29,1
1,3,15
1,4,17
1,30,5
1,6,20
1,7,13
1,14,8
1,32,9
1,35,10
1,11,23
1,18,12
1,19,16
1,25,21
1,26,22
1,27,24
1,28,38
1,34,31
1,36,33
1,37,39
2,5,0
2,3,1
2,2,17
2,6,4
2,30,7
2,29,8
2,9,23
2,16,10
2,24,11
2,32,12
2,37,13
2,14,22
2,38,15
2,18,19
2,20,31
2,35,21
2,27,25
2,28,26
2,33,34
2,39,36
3,0,4
3,1,12
3,13,2
3,39,3
3,5,25
3,6,35
3,8,7
3,15,9
3,10,22
3,17,11
3,21,14
3,16,18
3,19,27
3,23,20
3,24,28
3,26,29
3,37,30
3,31,33
3,38,32
3,34,36
4,0,34
4,33,1
4,12,2
4,10,3
4,22,4
4,5,24
4,32,6
4,7,9
4,8,37
4,31,11
4,13,39
4,14,18
4,15,25
4,16,28
4,23,17
4,19,29
4,36,20
4,21,38
4,26,30
4,27,35
5,3,0
5,25,1
5,2,15
5,4,20
5,22,5
5,21,6
5,7,10
5,8,30
5,9,17
5,11,34
5,33,12
5,36,13
5,14,16
5,27,18
5,19,26
5,23,37
5,29,24
5,32,28
5,39,31
5,35,38
6,0,39
6,20,1
6,2,24
6,12,3
6,13,4
6,11,5
6,33,6
6,16,7
6,18,8
6,9,37
6,10,38
6,14,23
6,31,15
6,17,34
6,35,19
6,28,21
6,36,22
6,25,26
6,30,27
6,29,32
7,0,17
7,1,4
7,34,2
7,20,3
7,13,5
7,6,8
7,22,7
7,38,9
7,10,18
7,11,26
7,12,28
7,25,14
7,39,15
7,16,21
7,30,19
7,31,23
7,24,33
7,29,27
7,35,32
7,37,36
8,0,36
8,1,34
8,4,2
8,9,3
8,5,23
8,15,6
8,37,7
8,28,8
8,39,10
8,20,11
8,12,19
8,33,13
8,14,29
8,26,16
8,38,17
8,18,25
8,31,21
8,22,27
8,24,32
8,30,35
9,9,0
9,1,15
9,36,2
9,3,17
9,4,34
9,5,6
9,7,11
9,8,13
9,21,10
9,37,12
9,19,14
9,27,16
9,18,31
9,39,20
9,22,30
9,23,33
9,38,24
9,25,35
9,32,26
9,28,29
10,0,33
10,17,1
10,2,5
10,3,36
10,15,4
10,6,31
10,7,18
10,23,8
10,13,9
10,10,34
10,11,39
10,12,38
10,26,14
10,16,25
10,19,22
10,20,24
10,21,32
10,27,37
10,28,30
10,29,35
11,15,0
11,14,1
11,2,33
11,3,4
11,5,36
11,6,39
11,17,7
11,11,8
11,26,9
11,20,10
11,12,23
11,13,31
11,16,32
11,35,18
11,19,38
11,22,21
11,34,24
11,30,25
11,27,28
11,29,37
12,8,0
12,31,1
12,2,9
12,34,3
12,4,7
12,5,19
12,17,6
12,10,13
12,11,38
12,15,12
12,14,27
12,16,30
12,20,18
12,21,26
12,22,29
12,36,23
12,24,37
12,32,25
12,35,28
12,33,39
13,23,0
13,1,13
13,26,2
13,6,3
13,4,31
13,34,5
13,39,7
13,8,17
13,9,12
13,10,11
13,37,14
13,36,15
13,38,16
13,18,28
13,21,19
13,33,20
13,25,22
13,24,35
13,32,27
13,29,30
14,0,31
14,1,36
14,23,2
14,33,3
14,5,4
14,9,6
14,7,34
14,8,24
14,17,10
14,27,11
14,25,12
14,15,13
14,30,14
14,35,16
14,26,18
14,19,37
14,38,20
14,21,29
14,28,22
14,39,32
15,0,10
15,1,8
15,31,2
15,3,11
15,32,4
15,5,16
15,13,6
15,7,20
15,24,9
15,12,34
15,14,38
15,15,33
15,17,36
15,39,18
15,28,19
15,27,21
15,22,37
15,23,30
15,25,29
15,26,35
16,0,6
16,18,1
16,2,14
16,31,3
16,4,36
16,12,5
16,32,7
16,20,8
16,34,9
16,37,10
16,11,33
16,13,23
16,15,19
16,16,29
16,17,39
16,30,21
16,22,35
16,24,26
16,28,25
16,38,27
17,18,0
17,1,39
17,2,20
17,3,5
17,4,33
17,6,27
17,7,19
17,21,8
17,9,31
17,10,28
17,11,22
17,12,17
17,34,13
17,24,14
17,29,15
17,37,16
17,23,26
17,38,25
17,30,32
17,36,35
18,20,0
18,1,2
18,3,14
18,4,39
18,17,5
18,6,29
18,7,27
18,8,25
18,9,30
18,10,32
18,11,28
18,35,12
18,13,38
18,34,15
18,36,16
18,18,21
18,19,24
18,23,22
18,33,26
18,31,37
19,0,7
19,5,1
19,2,28
19,3,16
19,4,14
19,6,12
19,8,27
19,9,19
19,10,23
19,25,11
19,13,18
19,15,21
19,17,22
19,20,29
19,31,24
19,34,26
19,33,30
19,37,32
19,39,35
19,36,38
