10000,MiaoAlgo,I_INCR40_20,500,10
NrSuccesfullMatchings,802455,NrInfeasibleMatchings,0
Time,Value 
3570,574720
3540,574720
3510,574720
3480,574720
3450,574720
3420,574720
3390,574720
3360,574720
3330,574720
3300,574720
3270,574720
3240,574720
3210,574720
3180,574720
3150,574720
3120,574720
3090,574720
3060,574720
3030,574720
3000,574720
2970,574720
2940,574720
2910,574720
2880,574720
2850,574720
2820,574720
2790,574720
2760,574720
2730,574720
2700,574720
2670,574720
2640,574720
2610,574720
2580,574720
2550,574720
2520,574720
2490,574720
2460,574720
2430,574720
2400,574720
2370,574720
2340,574720
2310,574720
2280,574720
2250,574720
2220,574720
2190,574720
2160,574720
2130,574720
2100,574720
2070,574720
2040,574720
2010,574720
1980,574720
1950,574720
1920,574720
1890,574720
1860,574720
1830,574720
1800,574720
1770,574720
840,576544
810,578040
780,578116
750,578200
720,579074
690,579078
660,580396
630,580540
600,580540
570,580540
540,580580
510,580752
480,580752
450,582078
420,582270
390,582306
0,590052
30,587964
60,587850
90,587610
120,587542
150,584554
180,584534
210,584534
240,584534
270,584534
300,584530
330,583524
360,583036
870,576464
900,576464
930,576464
960,576464
990,576464
1020,576464
1050,576464
1080,576464
1110,576060
1140,576060
1170,576060
1200,575468
1230,575098
1260,574944
1290,574720
1320,574720
1350,574720
1380,574720
1410,574720
1440,574720
1470,574720
1500,574720
1530,574720
1560,574720
1590,574720
1620,574720
1650,574720
1680,574720
1710,574720
1740,574720
Final, 574720,7231

Round,H_team,A_team 
0,1,0
0,19,2
0,18,3
0,7,4
0,6,5
0,13,8
0,12,9
0,11,10
0,17,14
0,16,15
0,21,20
0,22,27
0,23,26
0,24,25
0,35,28
0,34,29
0,33,30
0,32,31
0,37,36
0,38,39
1,4,0
1,6,1
1,21,2
1,20,3
1,7,5
1,17,8
1,11,9
1,14,10
1,13,12
1,19,15
1,18,16
1,22,23
1,30,24
1,25,26
1,28,27
1,39,29
1,36,31
1,32,33
1,35,34
1,37,38
2,0,6
2,5,1
2,24,2
2,3,4
2,7,8
2,9,10
2,11,12
2,13,14
2,18,15
2,17,16
2,21,19
2,23,20
2,25,22
2,26,27
2,28,29
2,30,32
2,37,31
2,33,34
2,35,38
2,39,36
3,0,7
3,1,4
3,2,6
3,3,5
3,8,9
3,10,12
3,14,11
3,16,13
3,15,17
3,19,18
3,27,20
3,23,21
3,24,22
3,25,28
3,29,26
3,31,30
3,32,34
3,33,35
3,38,36
3,39,37
4,2,0
4,3,1
4,6,4
4,8,5
4,7,9
4,10,17
4,13,11
4,12,18
4,15,14
4,16,24
4,19,20
4,21,22
4,23,25
4,26,28
4,27,30
4,31,29
4,32,37
4,38,33
4,34,39
4,36,35
5,0,3
5,2,1
5,4,10
5,9,5
5,6,8
5,7,12
5,17,11
5,13,15
5,16,14
5,22,18
5,19,23
5,20,25
5,21,27
5,26,24
5,28,31
5,30,29
5,38,32
5,36,33
5,34,37
5,35,39
6,11,0
6,10,1
6,5,2
6,7,3
6,8,4
6,9,6
6,12,15
6,17,13
6,18,14
6,20,16
6,22,19
6,26,21
6,23,24
6,27,25
6,30,28
6,29,38
6,31,39
6,35,32
6,37,33
6,36,34
7,0,9
7,1,7
7,12,2
7,10,3
7,5,4
7,14,6
7,8,11
7,18,13
7,20,15
7,23,16
7,17,19
7,24,21
7,22,26
7,25,29
7,27,36
7,33,28
7,34,30
7,31,38
7,39,32
7,35,37
8,0,29
8,1,8
8,4,2
8,3,6
8,5,19
8,7,13
8,9,14
8,10,20
8,11,16
8,12,17
8,15,22
8,18,23
8,25,21
8,24,27
8,26,36
8,32,28
8,37,30
8,31,35
8,33,39
8,34,38
9,0,5
9,1,29
9,2,10
9,3,8
9,4,14
9,6,7
9,9,17
9,11,15
9,16,12
9,13,23
9,21,18
9,19,27
9,22,20
9,24,33
9,25,35
9,37,26
9,28,39
9,38,30
9,34,31
9,36,32
10,8,0
10,17,1
10,2,3
10,12,4
10,5,14
10,6,11
10,10,7
10,15,9
10,19,13
10,21,16
10,20,18
10,39,22
10,23,33
10,32,24
10,37,25
10,38,26
10,27,31
10,28,34
10,29,35
10,30,36
11,14,0
11,15,1
11,7,2
11,3,9
11,17,4
11,5,11
11,12,6
11,8,10
11,20,13
11,19,16
11,18,38
11,21,33
11,35,22
11,23,31
11,34,24
11,30,25
11,39,26
11,32,27
11,28,37
11,29,36
12,15,0
12,16,1
12,14,2
12,3,12
12,4,9
12,5,10
12,13,6
12,7,11
12,23,8
12,20,17
12,33,18
12,26,19
12,34,21
12,38,22
12,35,24
12,31,25
12,27,37
12,36,28
12,29,32
12,30,39
13,0,10
13,1,12
13,2,8
13,11,3
13,4,15
13,13,5
13,16,6
13,14,7
13,9,20
13,17,23
13,36,18
13,32,19
13,39,21
13,22,29
13,24,37
13,25,34
13,26,30
13,27,35
13,38,28
13,33,31
14,0,12
14,1,20
14,2,11
14,3,14
14,18,4
14,15,5
14,6,17
14,16,7
14,19,8
14,9,39
14,10,13
14,21,36
14,22,34
14,37,23
14,24,28
14,32,25
14,26,31
14,38,27
14,29,33
14,35,30
15,0,20
15,1,11
15,2,9
15,3,17
15,13,4
15,12,5
15,6,39
15,7,38
15,8,14
15,10,16
15,15,36
15,28,18
15,37,19
15,21,35
15,22,30
15,29,23
15,31,24
15,33,25
15,32,26
15,34,27
16,30,0
16,14,1
16,18,2
16,15,3
16,4,39
16,5,17
16,10,6
16,24,7
16,8,16
16,13,9
16,11,38
16,12,35
16,31,19
16,20,28
16,29,21
16,37,22
16,23,32
16,25,36
16,34,26
16,33,27
17,39,0
17,1,37
17,2,13
17,24,3
17,4,16
17,20,5
17,6,15
17,25,7
17,12,8
17,9,32
17,18,10
17,11,35
17,14,34
17,17,31
17,38,19
17,30,21
17,36,22
17,28,23
17,33,26
17,27,29
18,36,0
18,1,13
18,2,17
18,27,3
18,4,37
18,5,38
18,6,32
18,26,7
18,8,15
18,9,18
18,19,10
18,11,34
18,14,12
18,16,30
18,20,33
18,28,21
18,31,22
18,35,23
18,29,24
18,39,25
19,0,17
19,9,1
19,15,2
19,3,13
19,4,11
19,5,32
19,27,6
19,28,7
19,8,18
19,10,38
19,25,12
19,14,19
19,16,34
19,30,20
19,31,21
19,22,33
19,39,23
19,36,24
19,26,35
19,29,37
