396,MiaoAlgo,I_LINE40_20,1000,10
NrSuccesfullMatchings,1004081,NrInfeasibleMatchings,0
Time,Value 
7200,503646
7170,503646
7140,503646
7110,503646
7080,503646
7050,503646
7020,503646
6990,503646
6960,503646
6930,503646
6900,503646
6870,503646
6840,503646
6810,503646
6780,503646
6750,503646
6720,503646
6690,503646
6660,503646
6630,503646
6600,503646
6570,503646
6540,503646
6510,503646
6480,503646
6450,503646
6420,503646
6390,503646
6360,503646
6330,503646
6300,503646
6270,503646
6240,503646
6210,503646
6180,503646
6150,503646
6120,503646
6090,503646
6060,503646
6030,503646
6000,503646
5970,503646
5940,503646
5910,503646
5880,503646
5850,503646
5820,503646
5790,503646
5760,503646
5730,503646
5700,503646
5670,503646
5640,503646
5610,503646
5580,503646
5550,503646
5520,503646
5490,503646
5460,503646
5430,503646
5400,503646
5370,503646
5340,503646
5310,503646
5280,503646
5250,503646
5220,503646
5190,503646
5160,503646
5130,503646
5100,503646
5070,503646
5040,503646
5010,503646
4980,503646
4950,503646
4920,503646
4890,503646
4860,503646
4830,503646
4800,503646
4770,503646
4740,503646
4710,503646
4680,503646
4650,503646
4620,503646
4590,503646
4560,503646
4530,503646
4500,503646
4470,503646
4440,503646
4410,503646
4380,503646
4350,503646
4320,503646
4290,503646
4260,503646
4230,503646
4200,503646
4170,503646
4140,503646
4110,503646
4080,503646
4050,503646
4020,503646
3990,503646
3960,503646
3930,503646
3900,503646
3870,503646
3840,503646
3810,503646
1740,504010
1710,504010
1680,504010
1650,504010
1620,504010
1590,504010
1560,504010
1530,504010
1500,504010
1470,504010
1440,504010
1410,504010
1380,504010
1350,504010
1320,504010
1290,504010
1260,504010
1230,504010
1200,504014
1170,504068
1140,504068
1110,504112
1080,504114
1050,504114
1020,504114
990,504114
960,504114
930,504114
900,504114
870,504138
360,504250
330,504250
300,504250
270,504250
240,504250
210,504336
180,504336
150,504336
120,504336
90,504336
60,504336
30,504412
0,504426
390,504250
420,504250
450,504250
480,504220
510,504188
540,504188
570,504188
600,504188
630,504188
660,504186
690,504150
720,504138
750,504138
780,504138
810,504138
840,504138
1770,504010
1800,504010
1830,504010
1860,504010
1890,504010
1920,504010
1950,504010
1980,504010
2010,504010
2040,504010
2070,504010
2100,504010
2130,504010
2160,503876
2190,503846
2220,503846
2250,503784
2280,503784
2310,503754
2340,503732
2370,503732
2400,503714
2430,503688
2460,503688
2490,503688
2520,503688
2550,503688
2580,503688
2610,503688
2640,503688
2670,503688
2700,503688
2730,503688
2760,503688
2790,503688
2820,503688
2850,503688
2880,503688
2910,503688
2940,503688
2970,503688
3000,503688
3030,503688
3060,503688
3090,503688
3120,503688
3150,503688
3180,503646
3210,503646
3240,503646
3270,503646
3300,503646
3330,503646
3360,503646
3390,503646
3420,503646
3450,503646
3480,503646
3510,503646
3540,503646
3570,503646
3600,503646
3630,503646
3660,503646
3690,503646
3720,503646
3750,503646
3780,503646
Final, 503646,7231

Round,H_team,A_team 
0,1,0
0,7,2
0,6,3
0,5,4
0,9,8
0,13,10
0,12,11
0,21,14
0,16,15
0,20,17
0,19,18
0,27,22
0,24,23
0,26,25
0,28,33
0,29,32
0,30,31
0,35,34
0,37,36
0,39,38
1,0,2
1,1,4
1,5,3
1,6,10
1,7,9
1,8,11
1,14,12
1,16,13
1,17,15
1,21,18
1,20,19
1,23,22
1,26,24
1,27,25
1,29,28
1,30,32
1,36,31
1,34,33
1,38,35
1,37,39
2,5,0
2,1,2
2,7,3
2,6,4
2,14,8
2,12,9
2,11,10
2,15,13
2,16,21
2,17,19
2,18,20
2,22,24
2,23,25
2,26,31
2,27,29
2,28,32
2,30,38
2,33,36
2,34,37
2,39,35
3,0,6
3,3,1
3,2,5
3,4,7
3,12,8
3,10,9
3,14,11
3,19,13
3,18,15
3,17,16
3,20,23
3,24,21
3,25,22
3,28,26
3,32,27
3,31,29
3,33,30
3,39,34
3,35,36
3,37,38
4,3,0
4,5,1
4,2,6
4,4,10
4,7,8
4,9,11
4,13,12
4,16,14
4,20,15
4,22,17
4,18,23
4,24,19
4,25,21
4,29,26
4,39,27
4,31,28
4,37,30
4,32,34
4,35,33
4,36,38
5,8,0
5,1,6
5,3,2
5,9,4
5,5,10
5,7,11
5,16,12
5,20,13
5,15,14
5,21,17
5,22,18
5,26,19
5,23,28
5,24,25
5,38,27
5,29,30
5,34,31
5,33,32
5,35,37
5,36,39
6,7,0
6,1,8
6,2,9
6,4,3
6,6,5
6,10,17
6,11,16
6,15,12
6,13,14
6,26,18
6,23,19
6,21,20
6,22,28
6,27,24
6,25,29
6,30,35
6,31,37
6,38,32
6,39,33
6,36,34
7,0,10
7,1,7
7,2,8
7,13,3
7,4,16
7,12,5
7,9,6
7,11,15
7,14,20
7,17,18
7,19,22
7,21,29
7,26,23
7,28,24
7,25,30
7,27,36
7,31,35
7,39,32
7,33,37
7,38,34
8,9,0
8,11,1
8,4,2
8,8,3
8,13,5
8,6,16
8,7,10
8,12,20
8,14,17
8,15,23
8,18,25
8,19,21
8,22,29
8,37,24
8,27,26
8,28,36
8,30,34
8,31,39
8,32,35
8,33,38
9,14,0
9,9,1
9,15,2
9,3,10
9,8,4
9,5,11
9,6,7
9,12,17
9,18,13
9,16,23
9,19,25
9,20,22
9,21,26
9,24,38
9,34,27
9,35,28
9,29,37
9,30,39
9,33,31
9,36,32
10,4,0
10,1,15
10,2,12
10,3,9
10,5,7
10,6,8
10,10,14
10,11,18
10,13,22
10,20,16
10,17,33
10,34,19
10,23,21
10,24,30
10,25,36
10,32,26
10,37,27
10,39,28
10,29,35
10,38,31
11,0,15
11,1,12
11,10,2
11,11,3
11,17,4
11,5,8
11,13,6
11,7,22
11,9,14
11,18,16
11,39,19
11,20,24
11,37,21
11,23,30
11,25,33
11,26,36
11,27,35
11,38,28
11,34,29
11,32,31
12,0,12
12,10,1
12,2,14
12,16,3
12,18,4
12,9,5
12,11,6
12,7,15
12,8,13
12,23,17
12,38,19
12,26,20
12,39,21
12,22,30
12,24,33
12,35,25
12,31,27
12,28,34
12,36,29
12,32,37
13,0,38
13,1,13
13,2,11
13,3,18
13,15,4
13,14,5
13,12,6
13,17,7
13,8,10
13,16,9
13,19,31
13,28,20
13,21,34
13,22,39
13,36,23
13,24,32
13,37,25
13,35,26
13,30,27
13,33,29
14,33,0
14,20,1
14,18,2
14,3,38
14,4,11
14,5,17
14,6,14
14,12,7
14,15,8
14,19,9
14,10,16
14,27,13
14,21,31
14,22,34
14,35,23
14,24,36
14,32,25
14,26,30
14,37,28
14,29,39
15,32,0
15,18,1
15,19,2
15,3,17
15,4,38
15,5,15
15,6,35
15,7,14
15,16,8
15,9,20
15,10,12
15,13,11
15,21,36
15,31,22
15,37,23
15,29,24
15,25,39
15,34,26
15,33,27
15,28,30
16,0,17
16,14,1
16,27,2
16,12,3
16,4,35
16,16,5
16,6,15
16,13,7
16,8,20
16,9,18
16,10,19
16,11,37
16,28,21
16,32,22
16,23,33
16,31,24
16,25,34
16,39,26
16,38,29
16,30,36
17,0,11
17,1,37
17,2,20
17,3,35
17,12,4
17,34,5
17,17,6
17,27,7
17,8,18
17,13,9
17,15,10
17,14,31
17,29,16
17,19,33
17,30,21
17,36,22
17,23,32
17,24,39
17,28,25
17,38,26
18,0,37
18,17,1
18,2,13
18,3,14
18,36,4
18,35,5
18,25,6
18,31,7
18,8,39
18,15,9
18,10,18
18,11,28
18,22,12
18,30,16
18,19,32
18,20,27
18,38,21
18,29,23
18,34,24
18,26,33
19,0,13
19,21,1
19,2,37
19,15,3
19,4,39
19,36,5
19,33,6
19,34,7
19,8,28
19,17,9
19,10,20
19,11,19
19,31,12
19,14,30
19,32,16
19,18,29
19,22,26
19,23,27
19,35,24
19,25,38
