588,MiaoAlgo,I_LINE40_20,1000,10
NrSuccesfullMatchings,875871,NrInfeasibleMatchings,0
Time,Value 
3480,503654
3450,503654
3420,503654
3390,503654
3360,503654
3330,503654
3300,503736
3270,503736
3240,503736
3210,503736
3180,503736
3150,503736
3120,503736
3090,503736
3060,503736
3030,503736
3000,503736
2970,503736
2940,503736
2910,503736
2880,503736
2850,503736
2820,503736
2790,503736
2760,503736
2730,503736
2700,503736
2670,503736
2640,503736
2610,503736
2580,503736
2550,503748
2520,503748
2490,503748
2460,503748
2430,503748
2400,503748
2370,503748
2340,503882
2310,504020
2280,504020
2250,504020
2220,504020
2190,504020
2160,504020
2130,504020
2100,504020
2070,504020
2040,504020
2010,504020
1980,504020
1950,504020
1920,504020
1890,504020
1860,504020
1830,504020
1800,504020
1770,504020
840,504170
810,504170
780,504170
750,504170
720,504170
690,504170
660,504170
630,504170
600,504170
570,504170
540,504170
510,504170
480,504170
450,504170
420,504170
390,504170
0,504466
30,504354
60,504316
90,504316
120,504230
150,504230
180,504230
210,504222
240,504170
270,504170
300,504170
330,504170
360,504170
870,504170
900,504170
930,504170
960,504170
990,504170
1020,504170
1050,504170
1080,504170
1110,504170
1140,504170
1170,504130
1200,504130
1230,504130
1260,504130
1290,504130
1320,504130
1350,504130
1380,504130
1410,504126
1440,504126
1470,504126
1500,504126
1530,504126
1560,504126
1590,504126
1620,504126
1650,504020
1680,504020
1710,504020
1740,504020
Final, 503654,7231

Round,H_team,A_team 
0,1,0
0,2,29
0,3,8
0,4,5
0,6,7
0,9,24
0,10,21
0,11,18
0,12,13
0,14,17
0,15,16
0,19,20
0,22,23
0,25,27
0,26,28
0,30,31
0,33,32
0,34,35
0,36,37
0,39,38
1,0,29
1,1,4
1,2,3
1,5,7
1,6,8
1,9,21
1,10,18
1,11,12
1,13,16
1,14,15
1,19,17
1,23,20
1,24,22
1,26,25
1,30,27
1,28,31
1,35,32
1,34,33
1,36,39
1,38,37
2,0,4
2,1,2
2,5,3
2,6,29
2,7,8
2,9,18
2,10,13
2,11,21
2,12,15
2,14,19
2,16,17
2,20,22
2,23,26
2,25,24
2,31,27
2,30,28
2,32,34
2,36,33
2,38,35
2,39,37
3,2,0
3,7,1
3,4,3
3,5,6
3,8,9
3,12,10
3,29,11
3,21,13
3,18,14
3,17,15
3,20,16
3,22,19
3,25,23
3,28,24
3,27,26
3,33,30
3,34,31
3,37,32
3,39,35
3,38,36
4,3,0
4,8,1
4,2,5
4,4,6
4,13,7
4,10,9
4,15,11
4,16,12
4,20,14
4,18,17
4,21,19
4,26,22
4,27,23
4,29,24
4,30,25
4,33,28
4,36,31
4,39,32
4,34,38
4,37,35
5,0,5
5,9,1
5,2,6
5,7,3
5,4,8
5,10,11
5,14,12
5,13,17
5,15,22
5,16,18
5,19,25
5,24,20
5,23,21
5,26,29
5,27,28
5,30,39
5,35,31
5,32,38
5,33,37
5,36,34
6,6,0
6,1,5
6,8,2
6,3,10
6,11,4
6,9,7
6,17,12
6,13,15
6,14,22
6,16,25
6,18,20
6,19,26
6,21,27
6,23,24
6,32,28
6,29,37
6,36,30
6,31,38
6,35,33
6,39,34
7,8,0
7,3,1
7,7,2
7,12,4
7,5,10
7,9,6
7,11,13
7,14,16
7,15,20
7,25,17
7,18,26
7,19,23
7,21,24
7,22,27
7,28,37
7,29,34
7,38,30
7,31,32
7,39,33
7,35,36
8,7,0
8,1,10
8,12,2
8,3,9
8,15,4
8,8,5
8,6,13
8,11,14
8,16,23
8,24,17
8,18,19
8,20,26
8,22,21
8,25,35
8,34,27
8,36,28
8,32,29
8,37,30
8,31,39
8,38,33
9,0,18
9,1,11
9,2,9
9,6,3
9,4,14
9,13,5
9,7,12
9,10,8
9,15,23
9,19,16
9,22,17
9,20,21
9,24,35
9,25,29
9,26,39
9,27,37
9,38,28
9,30,34
9,33,31
9,32,36
10,0,9
10,6,1
10,2,10
10,3,11
10,4,7
10,5,12
10,23,8
10,14,13
10,18,15
10,21,16
10,17,20
10,37,19
10,35,22
10,31,24
10,34,25
10,26,36
10,27,33
10,39,28
10,29,38
10,30,32
11,0,10
11,15,1
11,2,4
11,3,12
11,5,18
11,11,6
11,14,7
11,17,8
11,9,13
11,28,16
11,39,19
11,20,38
11,21,32
11,36,22
11,23,33
11,34,24
11,37,25
11,31,26
11,35,27
11,30,29
12,12,0
12,16,1
12,17,2
12,13,3
12,4,18
12,9,5
12,10,6
12,15,7
12,8,11
12,23,14
12,36,19
12,20,32
12,28,21
12,31,22
12,24,38
12,39,25
12,33,26
12,29,27
12,35,30
12,37,34
13,16,0
13,1,18
13,19,2
13,14,3
13,4,9
13,5,11
13,12,6
13,7,17
13,13,8
13,10,15
13,33,20
13,38,21
13,22,37
13,32,23
13,24,30
13,25,31
13,34,26
13,27,36
13,28,35
13,29,39
14,11,0
14,17,1
14,2,14
14,18,3
14,4,13
14,19,5
14,6,15
14,7,10
14,16,8
14,9,12
14,20,31
14,37,21
14,22,38
14,30,23
14,32,24
14,25,36
14,26,35
14,27,39
14,34,28
14,33,29
15,0,13
15,12,1
15,15,2
15,3,16
15,10,4
15,30,5
15,6,14
15,7,11
15,8,25
15,17,9
15,18,39
15,19,31
15,20,35
15,21,33
15,22,28
15,34,23
15,37,24
15,26,38
15,27,32
15,36,29
16,15,0
16,1,13
16,11,2
16,3,34
16,17,4
16,31,5
16,6,16
16,18,7
16,8,14
16,28,9
16,10,19
16,12,20
16,21,30
16,39,22
16,23,36
16,24,33
16,25,32
16,37,26
16,38,27
16,35,29
17,0,34
17,1,19
17,13,2
17,3,36
17,4,16
17,5,15
17,38,6
17,28,7
17,12,8
17,32,9
17,14,10
17,11,20
17,27,17
17,22,18
17,35,21
17,23,37
17,24,39
17,25,33
17,26,30
17,29,31
18,0,19
18,1,34
18,2,36
18,32,3
18,24,4
18,5,14
18,35,6
18,33,7
18,8,15
18,9,11
18,16,10
18,26,12
18,13,20
18,17,38
18,27,18
18,21,39
18,22,30
18,29,23
18,28,25
18,31,37
19,0,14
19,20,1
19,18,2
19,33,3
19,31,4
19,5,36
19,37,6
19,7,34
19,8,39
19,16,9
19,17,10
19,19,11
19,28,12
19,13,30
19,21,15
19,29,22
19,23,35
19,24,27
19,38,25
19,32,26
