0,Heuristic,i03,1
Time,Value 
7230,156119
7200,156123
7170,156128
7140,156128
7110,156131
7080,156131
7050,156137
7020,156139
6990,156139
6960,156157
6930,156167
6900,156174
6870,156198
6840,156200
6810,156206
6780,156208
6750,156208
6720,156208
6690,156209
6660,156214
6630,156214
6600,156217
6570,156220
6540,156226
6510,156227
6480,156237
6450,156237
6420,156247
6390,156255
6360,156257
6330,156257
6300,156260
6270,156261
6240,156262
6210,156263
6180,156266
6150,156276
6120,156305
6090,156306
6060,156314
6030,156317
6000,156322
5970,156324
5940,156330
5910,156340
5880,156340
5850,156362
5820,156363
5790,156374
5760,156379
5730,156380
5700,156396
5670,156398
5640,156398
5610,156399
5580,156400
5550,156420
5520,156420
5490,156423
5460,156423
5430,156425
5400,156433
5370,156433
5340,156433
5310,156437
5280,156467
5250,156480
5220,156480
5190,156481
5160,156482
5130,156483
5100,156492
5070,156503
5040,156516
5010,156519
4980,156521
4950,156536
4920,156537
4890,156539
4860,156542
4830,156552
4800,156555
4770,156571
4740,156602
4710,156619
4680,156620
4650,156637
4620,156678
4590,156694
4560,156699
4530,156728
4500,156728
4470,156748
4440,156750
4410,156753
4380,156757
4350,156766
4320,156775
4290,156775
4260,156796
4230,156811
4200,156813
4170,156813
4140,156817
4110,156833
4080,156836
4050,156839
4020,156842
3990,156846
3960,156847
3930,156907
3900,156919
3870,156924
3840,156941
3810,156979
1740,157575
1710,157598
1680,157600
1650,157607
1620,157610
1590,157614
1560,157618
1530,157661
1500,157664
1470,157668
1440,157672
1410,157686
1380,157698
1350,157699
1320,157702
1290,157715
1260,157716
1230,157720
1200,157726
1170,157734
1140,157740
1110,157746
1080,157749
1050,157770
1020,157806
990,157808
960,157820
930,157830
900,157836
870,157841
360,157984
330,157994
300,158016
270,158031
240,158034
210,158034
180,158054
150,158054
120,158056
90,158056
60,158056
30,158057
0,158058
390,157981
420,157978
450,157976
480,157971
510,157966
540,157957
570,157956
600,157943
630,157942
660,157939
690,157934
720,157928
750,157890
780,157886
810,157881
840,157875
1770,157542
1800,157513
1830,157506
1860,157485
1890,157482
1920,157481
1950,157477
1980,157468
2010,157444
2040,157437
2070,157436
2100,157434
2130,157428
2160,157426
2190,157411
2220,157409
2250,157403
2280,157384
2310,157364
2340,157363
2370,157355
2400,157354
2430,157349
2460,157347
2490,157343
2520,157340
2550,157335
2580,157332
2610,157328
2640,157316
2670,157307
2700,157303
2730,157292
2760,157290
2790,157288
2820,157282
2850,157257
2880,157245
2910,157219
2940,157213
2970,157208
3000,157207
3030,157190
3060,157180
3090,157175
3120,157164
3150,157161
3180,157161
3210,157127
3240,157125
3270,157124
3300,157105
3330,157104
3360,157101
3390,157094
3420,157084
3450,157084
3480,157072
3510,157066
3540,157060
3570,157055
3600,157050
3630,157037
3660,157035
3690,156996
3720,156995
3750,156990
3780,156985
Final, 156119,7231

Round,H_team,A_team 
0,2,0
0,3,1
0,7,4
0,9,5
0,6,8
0,11,10
0,13,12
0,15,14
0,56,16
0,17,18
0,20,19
0,21,88
0,87,22
0,23,59
0,24,25
0,30,26
0,27,28
0,39,29
0,31,44
0,32,34
0,33,35
0,55,36
0,38,37
0,53,40
0,42,41
0,60,43
0,45,48
0,47,46
0,85,49
0,50,84
0,52,51
0,54,70
0,58,57
0,68,61
0,62,67
0,76,63
0,75,64
0,72,65
0,78,66
0,71,69
0,74,73
0,91,77
0,94,79
0,81,80
0,82,83
0,92,86
0,89,90
0,93,95
0,96,115
0,97,98
0,109,99
0,100,189
0,101,134
0,159,102
0,103,118
0,135,104
0,105,160
0,139,106
0,107,168
0,108,117
0,112,110
0,111,113
0,114,116
0,130,119
0,120,124
0,123,121
0,122,177
0,126,125
0,127,133
0,128,138
0,178,129
0,131,164
0,132,163
0,162,136
0,137,191
0,140,187
0,142,141
0,143,144
0,181,145
0,146,167
0,148,147
0,151,149
0,179,150
0,152,186
0,185,153
0,158,154
0,166,155
0,157,156
0,161,165
0,170,169
0,171,172
0,173,174
0,176,175
0,184,180
0,183,182
0,188,190
0,197,192
0,199,193
0,194,198
0,195,196
0,201,200
0,202,203
0,217,204
0,205,218
0,206,249
0,208,207
0,209,212
0,210,219
0,211,227
0,224,213
0,215,214
0,220,216
0,222,221
0,258,223
0,225,253
0,228,226
0,229,230
0,231,232
0,259,233
0,234,242
0,248,235
0,237,236
0,238,263
0,260,239
0,240,250
0,254,241
0,246,243
0,261,244
0,245,247
0,252,251
0,256,255
0,262,257
0,289,264
0,309,265
0,283,266
0,269,267
0,273,268
0,271,270
0,272,274
0,282,275
0,279,276
0,277,297
0,298,278
0,280,321
0,284,281
0,286,285
0,302,287
0,294,288
0,290,291
0,292,317
0,293,315
0,295,312
0,306,296
0,319,299
0,320,300
0,303,301
0,305,304
0,307,308
0,314,310
0,313,311
0,318,316
0,322,327
0,324,323
0,325,340
0,330,326
0,328,331
0,335,329
0,332,333
0,334,337
0,336,339
0,343,338
0,342,341
0,425,344
0,393,345
0,346,355
0,347,408
0,352,348
0,353,349
0,382,350
0,351,385
0,354,368
0,358,356
0,362,357
0,359,374
0,360,376
0,361,377
0,365,363
0,364,414
0,383,366
0,367,381
0,387,369
0,370,373
0,371,372
0,413,375
0,379,378
0,399,380
0,384,388
0,389,386
0,404,390
0,391,420
0,392,395
0,394,422
0,410,396
0,397,407
0,423,398
0,401,400
0,402,409
0,403,412
0,421,405
0,406,424
0,416,411
0,417,415
0,419,418
0,431,426
0,427,507
0,428,519
0,467,429
0,510,430
0,482,432
0,433,434
0,435,453
0,448,436
0,437,439
0,460,438
0,440,459
0,491,441
0,481,442
0,443,517
0,457,444
0,445,447
0,518,446
0,449,450
0,455,451
0,452,509
0,456,454
0,458,490
0,488,461
0,463,462
0,470,464
0,465,478
0,477,466
0,469,468
0,486,471
0,525,472
0,473,522
0,474,497
0,476,475
0,516,479
0,480,483
0,492,484
0,520,485
0,487,523
0,496,489
0,511,493
0,506,494
0,495,502
0,498,500
0,501,499
0,503,505
0,504,508
0,512,513
0,514,515
0,524,521
0,526,537
0,527,530
0,529,528
0,538,531
0,532,540
0,543,533
0,539,534
0,536,535
0,542,541
0,544,588
0,547,545
0,550,546
0,559,548
0,549,591
0,552,551
0,553,562
0,554,596
0,556,555
0,558,557
0,560,566
0,561,569
0,563,571
0,564,568
0,565,572
0,567,570
0,573,577
0,574,575
0,576,579
0,598,578
0,593,580
0,581,582
0,583,587
0,597,584
0,586,585
0,589,590
0,595,592
0,599,594
0,600,627
0,601,624
0,603,602
0,604,620
0,610,605
0,606,611
0,621,607
0,617,608
0,609,632
0,636,612
0,614,613
0,641,615
0,618,616
0,619,633
0,622,654
0,643,623
0,626,625
0,639,628
0,629,640
0,630,631
0,634,652
0,635,642
0,637,638
0,644,645
0,655,646
0,647,648
0,649,653
0,651,650
0,656,664
0,663,657
0,667,658
0,666,659
0,660,662
0,669,661
0,665,673
0,668,672
0,670,671
0,682,674
0,697,675
0,676,680
0,677,689
0,696,678
0,727,679
0,681,709
0,683,684
0,685,705
0,688,686
0,687,703
0,693,690
0,691,717
0,692,698
0,694,719
0,695,702
0,701,699
0,700,704
0,707,706
0,708,723
0,728,710
0,711,716
0,713,712
0,714,715
0,722,718
0,720,726
0,721,725
0,724,729
0,730,751
0,731,761
0,732,735
0,733,764
0,765,734
0,736,737
0,738,776
0,739,756
0,778,740
0,747,741
0,750,742
0,743,749
0,746,744
0,754,745
0,748,780
0,772,752
0,753,755
0,757,788
0,763,758
0,767,759
0,789,760
0,782,762
0,766,774
0,768,769
0,770,771
0,773,777
0,775,785
0,787,779
0,781,783
0,784,786
0,790,792
0,795,791
0,798,793
0,796,794
0,802,797
0,799,800
0,801,803
0,804,813
0,805,839
0,816,806
0,807,812
0,808,833
0,809,811
0,810,830
0,821,814
0,815,819
0,831,817
0,820,818
0,822,827
0,823,834
0,838,824
0,825,835
0,828,826
0,829,837
0,832,836
0,840,867
0,841,843
0,842,868
0,844,850
0,845,855
0,864,846
0,861,847
0,848,874
0,852,849
0,851,853
0,870,854
0,856,869
0,857,872
0,875,858
0,860,859
0,862,863
0,871,865
0,873,866
0,876,877
0,890,878
0,879,886
0,880,884
0,889,881
0,893,882
0,887,883
0,885,888
0,894,891
0,892,899
0,896,895
0,898,897
0,900,921
0,936,901
0,902,911
0,904,903
0,905,906
0,908,907
0,909,945
0,946,910
0,912,913
0,914,919
0,917,915
0,916,920
0,918,935
0,922,923
0,924,925
0,926,948
0,927,933
0,928,930
0,929,932
0,931,937
0,934,944
0,938,939
0,940,949
0,941,942
0,947,943
0,989,950
0,973,951
0,970,952
0,956,953
0,954,972
0,955,963
0,957,961
0,958,959
0,960,966
0,962,965
0,976,964
0,967,977
0,968,971
0,969,996
0,991,974
0,998,975
0,978,994
0,979,988
0,982,980
0,981,990
0,985,983
0,984,986
0,999,987
0,993,992
0,997,995
0,1000,1004
0,1013,1001
0,1006,1002
0,1003,1009
0,1005,1008
0,1010,1007
0,1011,1012
0,1014,1021
0,1015,1024
0,1017,1016
0,1018,1035
0,1030,1019
0,1025,1020
0,1023,1022
0,1026,1027
0,1028,1031
0,1042,1029
0,1032,1034
0,1047,1033
0,1036,1048
0,1045,1037
0,1049,1038
0,1039,1040
0,1041,1044
0,1043,1046
0,1064,1050
0,1051,1077
0,1069,1052
0,1063,1053
0,1057,1054
0,1055,1079
0,1076,1056
0,1061,1058
0,1062,1059
0,1060,1080
0,1065,1087
0,1066,1073
0,1067,1068
0,1088,1070
0,1085,1071
0,1089,1072
0,1084,1074
0,1086,1075
0,1078,1081
0,1083,1082
0,1105,1090
0,1091,1100
0,1092,1101
0,1093,1094
0,1104,1095
0,1098,1096
0,1102,1097
0,1103,1099
0,1108,1106
0,1111,1107
0,1109,1113
0,1110,1112
0,1122,1114
0,1115,1125
0,1116,1139
0,1147,1117
0,1118,1119
0,1120,1126
0,1148,1121
0,1141,1123
0,1144,1124
0,1130,1127
0,1149,1128
0,1129,1142
0,1131,1133
0,1134,1132
0,1135,1137
0,1136,1138
0,1146,1140
0,1145,1143
0,1175,1150
0,1169,1151
0,1152,1173
0,1153,1160
0,1170,1154
0,1156,1155
0,1186,1157
0,1165,1158
0,1159,1168
0,1166,1161
0,1189,1162
0,1190,1163
0,1164,1172
0,1167,1184
0,1179,1171
0,1176,1174
0,1192,1177
0,1185,1178
0,1180,1191
0,1181,1195
0,1182,1187
0,1194,1183
0,1193,1188
0,1199,1196
0,1206,1197
0,1205,1198
0,1202,1200
0,1209,1201
0,1203,1208
0,1204,1210
0,1207,1211
0,1224,1212
0,1213,1215
0,1214,1217
0,1216,1219
0,1218,1231
0,1225,1220
0,1226,1221
0,1229,1222
0,1230,1223
0,1227,1228
0,1232,1238
0,1233,1235
0,1241,1234
0,1236,1249
0,1237,1253
0,1239,1252
0,1240,1242
0,1254,1243
0,1244,1256
0,1257,1245
0,1258,1246
0,1259,1247
0,1248,1250
0,1255,1251
0,1269,1260
0,1274,1261
0,1262,1270
0,1272,1263
0,1264,1275
0,1265,1278
0,1266,1271
0,1267,1281
0,1268,1273
0,1283,1276
0,1279,1277
0,1282,1280
0,1296,1284
0,1285,1298
0,1289,1286
0,1294,1287
0,1291,1288
0,1295,1290
0,1292,1299
0,1293,1300
0,1297,1318
0,1301,1319
0,1316,1302
0,1304,1303
0,1322,1305
0,1306,1315
0,1314,1307
0,1308,1310
0,1309,1320
0,1311,1321
0,1313,1312
0,1317,1323
0,1359,1324
0,1325,1362
0,1348,1326
0,1332,1327
0,1328,1341
0,1335,1329
0,1330,1363
0,1331,1334
0,1340,1333
0,1336,1343
0,1337,1342
0,1338,1344
0,1339,1360
0,1368,1345
0,1371,1346
0,1374,1347
0,1349,1357
0,1350,1369
0,1370,1351
0,1352,1355
0,1353,1354
0,1356,1366
0,1358,1372
0,1361,1367
0,1365,1364
0,1373,1375
0,1376,1389
0,1393,1377
0,1378,1382
0,1379,1383
0,1397,1380
0,1396,1381
0,1384,1388
0,1385,1398
0,1386,1387
0,1392,1390
0,1391,1395
0,1394,1399
0,1400,1411
0,1408,1401
0,1402,1413
0,1403,1406
0,1427,1404
0,1428,1405
0,1409,1407
0,1423,1410
0,1412,1432
0,1419,1414
0,1415,1433
0,1416,1424
0,1430,1417
0,1418,1425
0,1420,1422
0,1421,1429
0,1426,1431
0,1469,1434
0,1457,1435
0,1436,1445
0,1437,1442
0,1440,1438
0,1439,1444
0,1443,1441
0,1446,1466
0,1447,1450
0,1472,1448
0,1449,1471
0,1451,1468
0,1452,1456
0,1453,1458
0,1467,1454
0,1455,1459
0,1470,1460
0,1461,1465
0,1462,1473
0,1464,1463
1,0,14
1,1,13
1,4,2
1,12,3
1,5,7
1,10,6
1,8,11
1,15,9
1,16,38
1,25,17
1,18,20
1,92,19
1,21,24
1,22,27
1,61,23
1,26,34
1,30,28
1,29,41
1,31,62
1,35,32
1,47,33
1,36,37
1,39,42
1,58,40
1,43,57
1,44,45
1,46,48
1,49,52
1,50,51
1,91,53
1,59,54
1,56,55
1,95,60
1,64,63
1,65,93
1,66,79
1,67,72
1,78,68
1,69,89
1,77,70
1,71,90
1,76,73
1,75,74
1,80,82
1,81,83
1,84,85
1,86,94
1,88,87
1,98,96
1,97,143
1,107,99
1,100,130
1,109,101
1,102,118
1,103,159
1,104,144
1,161,105
1,121,106
1,164,108
1,117,110
1,111,137
1,113,112
1,115,114
1,135,116
1,119,188
1,134,120
1,122,123
1,124,131
1,133,125
1,127,126
1,129,128
1,136,132
1,138,139
1,140,142
1,149,141
1,145,182
1,158,146
1,147,153
1,187,148
1,150,151
1,173,152
1,157,154
1,155,156
1,168,160
1,162,163
1,165,166
1,167,183
1,171,169
1,172,170
1,174,184
1,175,177
1,191,176
1,178,179
1,180,181
1,185,186
1,190,189
1,192,194
1,193,195
1,196,197
1,198,199
1,200,202
1,203,201
1,204,259
1,206,205
1,207,228
1,227,208
1,230,209
1,218,210
1,211,225
1,212,222
1,213,221
1,216,214
1,224,215
1,219,217
1,220,232
1,223,256
1,226,231
1,241,229
1,233,257
1,235,234
1,236,252
1,237,262
1,239,238
1,240,245
1,242,248
1,251,243
1,244,246
1,247,260
1,249,250
1,253,258
1,255,254
1,263,261
1,264,274
1,265,272
1,266,301
1,270,267
1,268,286
1,269,271
1,283,273
1,275,284
1,276,277
1,278,281
1,310,279
1,309,280
1,285,282
1,287,308
1,288,289
1,311,290
1,291,306
1,321,292
1,293,305
1,314,294
1,295,307
1,296,320
1,297,298
1,299,300
1,302,303
1,315,304
1,312,313
1,317,316
1,318,319
1,322,324
1,323,325
1,326,340
1,332,327
1,328,335
1,329,331
1,330,341
1,333,342
1,334,338
1,337,336
1,339,343
1,344,370
1,350,345
1,346,347
1,382,348
1,378,349
1,380,351
1,352,414
1,415,353
1,366,354
1,355,403
1,417,356
1,363,357
1,359,358
1,361,360
1,376,362
1,365,364
1,368,367
1,369,371
1,373,372
1,375,374
1,379,377
1,381,383
1,385,384
1,386,413
1,388,387
1,393,389
1,390,416
1,405,391
1,424,392
1,395,394
1,396,419
1,397,398
1,400,399
1,402,401
1,409,404
1,407,406
1,408,411
1,410,422
1,412,418
1,421,420
1,423,425
1,426,494
1,524,427
1,444,428
1,429,496
1,430,460
1,523,431
1,432,470
1,487,433
1,434,435
1,436,519
1,463,437
1,438,488
1,439,440
1,441,442
1,447,443
1,445,520
1,483,446
1,450,448
1,449,498
1,451,452
1,457,453
1,454,493
1,462,455
1,471,456
1,458,461
1,509,459
1,464,474
1,466,465
1,517,467
1,468,513
1,469,477
1,515,472
1,489,473
1,511,475
1,476,481
1,499,478
1,479,480
1,482,502
1,484,525
1,485,521
1,497,486
1,490,491
1,518,492
1,516,495
1,500,501
1,503,506
1,504,505
1,522,507
1,508,510
1,512,514
1,526,538
1,539,527
1,528,537
1,540,529
1,530,542
1,532,531
1,533,536
1,534,541
1,535,543
1,552,544
1,545,554
1,546,547
1,571,548
1,568,549
1,550,566
1,556,551
1,559,553
1,555,565
1,557,560
1,564,558
1,561,570
1,569,562
1,567,563
1,572,591
1,573,576
1,580,574
1,575,598
1,577,583
1,584,578
1,599,579
1,595,581
1,582,585
1,586,589
1,587,597
1,588,596
1,594,590
1,592,593
1,606,600
1,627,601
1,602,618
1,603,611
1,621,604
1,605,631
1,607,620
1,608,609
1,610,641
1,612,619
1,613,615
1,642,614
1,633,616
1,617,632
1,645,622
1,623,651
1,624,629
1,625,654
1,626,647
1,653,628
1,646,630
1,643,634
1,636,635
1,637,655
1,638,644
1,640,639
1,649,648
1,650,652
1,671,656
1,657,665
1,658,669
1,659,668
1,664,660
1,661,662
1,670,663
1,673,666
1,672,667
1,674,696
1,709,675
1,686,676
1,707,677
1,704,678
1,679,684
1,680,694
1,702,681
1,705,682
1,683,695
1,685,701
1,722,687
1,725,688
1,710,689
1,690,691
1,719,692
1,698,693
1,706,697
1,700,699
1,716,703
1,720,708
1,711,713
1,718,712
1,728,714
1,715,724
1,717,721
1,729,723
1,727,726
1,745,730
1,783,731
1,732,750
1,734,733
1,735,765
1,785,736
1,737,743
1,738,769
1,739,748
1,777,740
1,741,742
1,744,772
1,752,746
1,758,747
1,749,787
1,754,751
1,768,753
1,780,755
1,784,756
1,762,757
1,786,759
1,760,782
1,779,761
1,788,763
1,771,764
1,776,766
1,767,770
1,778,773
1,774,781
1,789,775
1,793,790
1,802,791
1,794,792
1,795,799
1,803,796
1,797,801
1,800,798
1,805,804
1,806,815
1,811,807
1,812,808
1,809,831
1,833,810
1,813,820
1,819,814
1,817,816
1,818,825
1,835,821
1,837,822
1,829,823
1,834,824
1,826,832
1,827,838
1,836,828
1,839,830
1,872,840
1,842,841
1,866,843
1,867,844
1,853,845
1,847,846
1,854,848
1,849,851
1,850,856
1,855,852
1,869,857
1,860,858
1,859,864
1,862,861
1,863,871
1,865,870
1,868,873
1,874,875
1,884,876
1,895,877
1,878,891
1,883,879
1,882,880
1,881,898
1,885,887
1,886,888
1,889,897
1,893,890
1,896,892
1,899,894
1,909,900
1,901,944
1,910,902
1,903,912
1,904,916
1,932,905
1,931,906
1,907,919
1,937,908
1,949,911
1,918,913
1,921,914
1,915,922
1,939,917
1,920,943
1,923,941
1,924,940
1,945,925
1,926,947
1,942,927
1,928,934
1,929,946
1,933,930
1,938,935
1,948,936
1,950,956
1,990,951
1,952,954
1,953,962
1,955,973
1,986,957
1,961,958
1,959,984
1,963,960
1,964,994
1,965,970
1,966,987
1,978,967
1,992,968
1,991,969
1,971,985
1,972,979
1,974,983
1,995,975
1,976,982
1,980,977
1,988,981
1,989,998
1,993,999
1,996,997
1,1000,1005
1,1012,1001
1,1002,1011
1,1007,1003
1,1004,1006
1,1008,1009
1,1013,1010
1,1014,1029
1,1015,1049
1,1025,1016
1,1020,1017
1,1039,1018
1,1019,1044
1,1021,1027
1,1022,1026
1,1037,1023
1,1024,1040
1,1034,1028
1,1030,1033
1,1031,1032
1,1035,1043
1,1038,1036
1,1041,1048
1,1047,1042
1,1046,1045
1,1050,1054
1,1066,1051
1,1052,1063
1,1053,1088
1,1078,1055
1,1056,1079
1,1064,1057
1,1058,1076
1,1059,1087
1,1077,1060
1,1062,1061
1,1081,1065
1,1080,1067
1,1068,1069
1,1070,1083
1,1086,1071
1,1072,1085
1,1074,1073
1,1089,1075
1,1082,1084
1,1110,1090
1,1094,1091
1,1097,1092
1,1101,1093
1,1107,1095
1,1100,1096
1,1098,1103
1,1099,1102
1,1111,1104
1,1106,1105
1,1108,1109
1,1112,1113
1,1114,1145
1,1137,1115
1,1116,1147
1,1117,1133
1,1118,1126
1,1119,1129
1,1127,1120
1,1121,1140
1,1122,1135
1,1123,1125
1,1142,1124
1,1148,1128
1,1130,1149
1,1131,1132
1,1144,1134
1,1136,1139
1,1138,1146
1,1143,1141
1,1150,1159
1,1151,1170
1,1195,1152
1,1186,1153
1,1154,1161
1,1155,1157
1,1156,1194
1,1158,1162
1,1160,1168
1,1163,1169
1,1166,1164
1,1165,1192
1,1178,1167
1,1175,1171
1,1189,1172
1,1184,1173
1,1174,1181
1,1188,1176
1,1177,1190
1,1179,1180
1,1185,1182
1,1183,1187
1,1191,1193
1,1198,1196
1,1197,1207
1,1199,1201
1,1200,1204
1,1208,1202
1,1203,1205
1,1206,1210
1,1211,1209
1,1222,1212
1,1218,1213
1,1231,1214
1,1227,1215
1,1216,1226
1,1217,1230
1,1221,1219
1,1220,1224
1,1223,1229
1,1228,1225
1,1237,1232
1,1233,1240
1,1234,1248
1,1235,1252
1,1245,1236
1,1238,1241
1,1239,1259
1,1242,1247
1,1243,1253
1,1250,1244
1,1246,1255
1,1249,1258
1,1251,1257
1,1254,1256
1,1274,1260
1,1261,1262
1,1263,1269
1,1265,1264
1,1270,1266
1,1267,1268
1,1281,1271
1,1273,1272
1,1275,1276
1,1277,1282
1,1280,1278
1,1279,1283
1,1284,1291
1,1287,1285
1,1286,1308
1,1288,1296
1,1289,1293
1,1290,1294
1,1292,1297
1,1300,1295
1,1298,1299
1,1302,1301
1,1303,1307
1,1315,1304
1,1319,1305
1,1320,1306
1,1313,1309
1,1317,1310
1,1312,1311
1,1323,1314
1,1318,1316
1,1322,1321
1,1324,1352
1,1327,1325
1,1326,1340
1,1332,1328
1,1329,1331
1,1375,1330
1,1338,1333
1,1334,1337
1,1362,1335
1,1360,1336
1,1343,1339
1,1341,1342
1,1344,1365
1,1345,1359
1,1348,1346
1,1353,1347
1,1369,1349
1,1350,1374
1,1351,1371
1,1370,1354
1,1355,1356
1,1357,1366
1,1358,1364
1,1363,1361
1,1367,1368
1,1373,1372
1,1391,1376
1,1397,1377
1,1383,1378
1,1381,1379
1,1380,1392
1,1388,1382
1,1389,1384
1,1385,1395
1,1390,1386
1,1387,1398
1,1399,1393
1,1396,1394
1,1400,1410
1,1401,1403
1,1402,1426
1,1404,1423
1,1405,1427
1,1406,1409
1,1407,1408
1,1411,1428
1,1421,1412
1,1413,1415
1,1414,1424
1,1416,1418
1,1417,1419
1,1425,1420
1,1422,1432
1,1431,1429
1,1433,1430
1,1455,1434
1,1435,1438
1,1472,1436
1,1441,1437
1,1442,1439
1,1460,1440
1,1443,1464
1,1444,1469
1,1445,1449
1,1467,1446
1,1473,1447
1,1462,1448
1,1450,1461
1,1457,1451
1,1452,1470
1,1466,1453
1,1454,1458
1,1456,1463
1,1471,1459
1,1465,1468
2,3,0
2,2,1
2,4,12
2,6,5
2,7,10
2,8,15
2,14,9
2,11,13
2,16,91
2,17,20
2,19,18
2,87,21
2,22,92
2,57,23
2,24,30
2,25,27
2,28,26
2,54,29
2,34,31
2,32,84
2,33,44
2,35,55
2,38,36
2,37,56
2,43,39
2,40,42
2,41,58
2,45,88
2,85,46
2,48,47
2,51,49
2,52,50
2,59,53
2,60,68
2,62,61
2,63,66
2,64,65
2,67,86
2,90,69
2,70,71
2,72,75
2,73,78
2,74,76
2,77,89
2,79,93
2,83,80
2,82,81
2,95,94
2,113,96
2,116,97
2,144,98
2,99,101
2,117,100
2,102,103
2,129,104
2,105,130
2,106,162
2,108,107
2,118,109
2,110,126
2,112,111
2,132,114
2,115,136
2,119,190
2,121,120
2,170,122
2,125,123
2,124,127
2,177,128
2,163,131
2,134,133
2,143,135
2,137,178
2,179,138
2,139,172
2,141,140
2,142,151
2,145,175
2,146,157
2,186,147
2,148,159
2,149,150
2,152,184
2,153,173
2,154,155
2,156,158
2,160,171
2,168,161
2,169,164
2,165,191
2,166,176
2,181,167
2,183,174
2,182,180
2,187,185
2,189,188
2,195,192
2,193,196
2,194,200
2,197,201
2,198,202
2,199,203
2,204,206
2,253,205
2,210,207
2,208,219
2,209,233
2,212,211
2,258,213
2,214,224
2,215,220
2,221,216
2,217,231
2,230,218
2,222,229
2,225,223
2,227,226
2,232,228
2,259,234
2,245,235
2,263,236
2,261,237
2,238,251
2,239,254
2,241,240
2,243,242
2,248,244
2,246,247
2,256,249
2,250,255
2,257,252
2,262,260
2,265,264
2,279,266
2,267,280
2,285,268
2,303,269
2,270,276
2,298,271
2,321,272
2,274,273
2,286,275
2,277,278
2,281,282
2,289,283
2,284,297
2,287,307
2,288,292
2,308,290
2,313,291
2,311,293
2,304,294
2,296,295
2,320,299
2,300,310
2,301,302
2,305,312
2,306,318
2,316,309
2,315,314
2,319,317
2,325,322
2,323,328
2,324,326
2,327,329
2,331,330
2,340,332
2,335,333
2,341,334
2,336,343
2,338,337
2,342,339
2,344,393
2,345,405
2,411,346
2,347,380
2,348,373
2,349,352
2,350,368
2,353,351
2,354,384
2,401,355
2,356,361
2,357,359
2,358,385
2,360,362
2,364,363
2,369,365
2,367,366
2,383,370
2,371,390
2,372,379
2,374,376
2,416,375
2,377,415
2,413,378
2,381,382
2,386,388
2,389,387
2,418,391
2,422,392
2,394,423
2,395,410
2,396,397
2,398,406
2,399,402
2,420,400
2,403,421
2,404,408
2,425,407
2,412,409
2,414,419
2,424,417
2,522,426
2,467,427
2,428,429
2,430,452
2,432,431
2,441,433
2,442,434
2,436,435
2,437,438
2,439,488
2,455,440
2,443,457
2,444,483
2,485,445
2,446,447
2,491,448
2,490,449
2,461,450
2,462,451
2,453,458
2,464,454
2,456,518
2,459,463
2,508,460
2,472,465
2,515,466
2,468,503
2,525,469
2,506,470
2,502,471
2,473,479
2,474,495
2,475,516
2,497,476
2,477,512
2,478,492
2,480,489
2,481,484
2,494,482
2,486,496
2,519,487
2,493,504
2,498,501
2,499,500
2,505,510
2,507,523
2,509,524
2,517,511
2,513,514
2,521,520
2,528,526
2,537,527
2,536,529
2,543,530
2,531,539
2,541,532
2,535,533
2,540,534
2,542,538
2,570,544
2,546,545
2,554,547
2,548,556
2,566,549
2,553,550
2,551,565
2,569,552
2,555,557
2,558,559
2,560,571
2,568,561
2,562,567
2,563,564
2,576,572
2,594,573
2,574,583
2,575,584
2,597,577
2,578,580
2,579,593
2,581,588
2,582,586
2,585,589
2,598,587
2,590,592
2,591,599
2,596,595
2,600,651
2,601,606
2,652,602
2,632,603
2,630,604
2,635,605
2,619,607
2,633,608
2,616,609
2,615,610
2,611,617
2,642,612
2,620,613
2,614,636
2,618,621
2,644,622
2,640,623
2,624,650
2,634,625
2,639,626
2,631,627
2,628,638
2,629,643
2,645,637
2,641,646
2,647,649
2,648,655
2,654,653
2,658,656
2,664,657
2,662,659
2,660,661
2,663,672
2,665,666
2,667,670
2,669,668
2,671,673
2,674,685
2,675,677
2,676,721
2,678,687
2,679,700
2,680,719
2,681,707
2,709,682
2,703,683
2,684,701
2,686,725
2,726,688
2,689,693
2,724,690
2,691,697
2,692,694
2,696,695
2,698,706
2,699,705
2,704,702
2,708,728
2,710,715
2,712,711
2,718,713
2,714,722
2,716,727
2,723,717
2,729,720
2,730,750
2,731,786
2,756,732
2,749,733
2,764,734
2,735,779
2,736,743
2,737,767
2,758,738
2,746,739
2,740,752
2,751,741
2,742,789
2,787,744
2,747,745
2,748,784
2,760,753
2,757,754
2,755,778
2,759,771
2,761,785
2,763,762
2,765,781
2,766,775
2,772,768
2,769,773
2,782,770
2,780,774
2,777,776
2,783,788
2,790,797
2,791,796
2,792,795
2,800,793
2,801,794
2,799,798
2,803,802
2,823,804
2,832,805
2,814,806
2,807,808
2,816,809
2,810,831
2,811,817
2,813,812
2,815,821
2,824,818
2,819,820
2,822,829
2,825,839
2,834,826
2,827,828
2,830,833
2,838,835
2,837,836
2,856,840
2,841,863
2,871,842
2,843,861
2,844,848
2,845,849
2,846,872
2,847,867
2,851,850
2,870,852
2,853,855
2,866,854
2,857,875
2,858,864
2,869,859
2,865,860
2,873,862
2,868,874
2,876,879
2,877,896
2,878,898
2,888,880
2,886,881
2,884,882
2,883,885
2,887,889
2,890,892
2,891,895
2,894,893
2,897,899
2,900,949
2,911,901
2,905,902
2,922,903
2,935,904
2,906,908
2,913,907
2,946,909
2,910,947
2,912,939
2,927,914
2,915,938
2,917,916
2,919,918
2,921,920
2,942,923
2,934,924
2,925,928
2,943,926
2,930,929
2,944,931
2,937,932
2,933,940
2,941,936
2,945,948
2,988,950
2,951,989
2,952,997
2,971,953
2,954,976
2,984,955
2,975,956
2,957,962
2,963,958
2,964,959
2,960,961
2,966,965
2,982,967
2,973,968
2,969,974
2,977,970
2,972,985
2,987,978
2,979,996
2,980,981
2,983,999
2,986,998
2,990,995
2,992,991
2,994,993
2,1001,1000
2,1002,1004
2,1003,1011
2,1012,1005
2,1006,1010
2,1008,1007
2,1009,1013
2,1023,1014
2,1018,1015
2,1016,1019
2,1017,1039
2,1040,1020
2,1021,1025
2,1027,1022
2,1026,1024
2,1033,1028
2,1029,1045
2,1048,1030
2,1035,1031
2,1032,1049
2,1042,1034
2,1036,1047
2,1037,1041
2,1043,1038
2,1044,1046
2,1088,1050
2,1055,1051
2,1052,1076
2,1053,1056
2,1054,1061
2,1057,1062
2,1065,1058
2,1083,1059
2,1060,1078
2,1063,1089
2,1079,1064
2,1081,1066
2,1067,1082
2,1068,1084
2,1071,1069
2,1087,1070
2,1074,1072
2,1073,1080
2,1075,1077
2,1085,1086
2,1090,1100
2,1096,1091
2,1092,1094
2,1102,1093
2,1095,1110
2,1097,1098
2,1113,1099
2,1101,1103
2,1104,1108
2,1105,1109
2,1106,1107
2,1112,1111
2,1139,1114
2,1115,1123
2,1128,1116
2,1117,1120
2,1132,1118
2,1119,1130
2,1146,1121
2,1137,1122
2,1124,1143
2,1125,1148
2,1126,1142
2,1129,1127
2,1134,1131
2,1133,1144
2,1135,1145
2,1147,1136
2,1140,1138
2,1141,1149
2,1150,1186
2,1151,1154
2,1152,1174
2,1153,1159
2,1183,1155
2,1169,1156
2,1157,1189
2,1161,1158
2,1160,1190
2,1162,1166
2,1168,1163
2,1164,1165
2,1194,1167
2,1171,1170
2,1172,1175
2,1173,1179
2,1176,1191
2,1177,1185
2,1193,1178
2,1180,1182
2,1192,1181
2,1184,1188
2,1187,1195
2,1196,1200
2,1198,1197
2,1204,1199
2,1201,1202
2,1207,1203
2,1209,1205
2,1211,1206
2,1210,1208
2,1212,1218
2,1213,1229
2,1214,1227
2,1215,1216
2,1219,1217
2,1230,1220
2,1221,1222
2,1228,1223
2,1224,1231
2,1225,1226
2,1252,1232
2,1253,1233
2,1234,1250
2,1238,1235
2,1236,1241
2,1248,1237
2,1240,1239
2,1259,1242
2,1257,1243
2,1251,1244
2,1245,1255
2,1249,1246
2,1247,1254
2,1256,1258
2,1260,1267
2,1261,1270
2,1262,1282
2,1271,1263
2,1278,1264
2,1269,1265
2,1266,1281
2,1268,1272
2,1273,1274
2,1275,1283
2,1276,1279
2,1280,1277
2,1284,1302
2,1285,1286
2,1287,1323
2,1288,1316
2,1291,1289
2,1298,1290
2,1293,1292
2,1295,1294
2,1297,1296
2,1299,1300
2,1318,1301
2,1305,1303
2,1304,1319
2,1306,1312
2,1307,1315
2,1308,1322
2,1309,1317
2,1310,1320
2,1311,1313
2,1321,1314
2,1325,1324
2,1326,1371
2,1337,1327
2,1339,1328
2,1329,1373
2,1330,1334
2,1331,1363
2,1362,1332
2,1333,1341
2,1335,1358
2,1336,1338
2,1340,1370
2,1342,1368
2,1360,1343
2,1364,1344
2,1357,1345
2,1346,1374
2,1347,1350
2,1361,1348
2,1372,1349
2,1354,1351
2,1352,1375
2,1369,1353
2,1366,1355
2,1359,1356
2,1365,1367
2,1382,1376
2,1377,1380
2,1378,1391
2,1379,1396
2,1393,1381
2,1395,1383
2,1386,1384
2,1390,1385
2,1392,1387
2,1394,1388
2,1398,1389
2,1399,1397
2,1414,1400
2,1401,1402
2,1408,1403
2,1405,1404
2,1429,1406
2,1423,1407
2,1410,1409
2,1415,1411
2,1412,1426
2,1418,1413
2,1419,1416
2,1432,1417
2,1420,1421
2,1422,1431
2,1424,1433
2,1425,1430
2,1427,1428
2,1434,1456
2,1435,1442
2,1453,1436
2,1440,1437
2,1438,1443
2,1459,1439
2,1441,1464
2,1444,1452
2,1445,1469
2,1446,1447
2,1448,1467
2,1470,1449
2,1450,1472
2,1451,1466
2,1454,1465
2,1463,1455
2,1471,1457
2,1458,1473
2,1468,1460
2,1461,1462
3,9,0
3,1,14
3,10,2
3,3,7
3,13,4
3,5,8
3,6,11
3,12,15
3,49,16
3,66,17
3,18,21
3,19,87
3,20,22
3,23,41
3,27,24
3,30,25
3,52,26
3,28,37
3,29,58
3,45,31
3,32,48
3,60,33
3,85,34
3,40,35
3,36,54
3,38,51
3,53,39
3,42,43
3,46,44
3,61,47
3,55,50
3,84,56
3,57,59
3,68,62
3,94,63
3,73,64
3,65,67
3,69,91
3,70,82
3,80,71
3,76,72
3,93,74
3,89,75
3,83,77
3,78,79
3,90,81
3,86,95
3,88,92
3,96,102
3,104,97
3,98,178
3,100,99
3,101,108
3,103,142
3,105,165
3,106,127
3,130,107
3,109,134
3,120,110
3,111,139
3,123,112
3,144,113
3,114,136
3,131,115
3,116,132
3,118,117
3,189,119
3,125,121
3,169,122
3,126,124
3,128,137
3,177,129
3,133,163
3,150,135
3,176,138
3,153,140
3,141,173
3,162,143
3,154,145
3,180,146
3,147,185
3,186,148
3,159,149
3,151,187
3,174,152
3,158,155
3,156,191
3,167,157
3,188,160
3,161,190
3,164,172
3,166,168
3,171,170
3,175,183
3,184,179
3,182,181
3,192,193
3,196,194
3,203,195
3,197,200
3,201,198
3,202,199
3,205,204
3,206,210
3,207,258
3,226,208
3,220,209
3,223,211
3,224,212
3,216,213
3,225,214
3,215,221
3,229,217
3,231,218
3,219,230
3,222,232
3,228,227
3,233,253
3,234,239
3,236,235
3,237,243
3,246,238
3,254,240
3,255,241
3,252,242
3,244,245
3,247,248
3,257,249
3,250,256
3,251,259
3,260,263
3,262,261
3,264,283
3,274,265
3,266,288
3,267,309
3,268,277
3,301,269
3,298,270
3,271,278
3,272,319
3,273,275
3,276,287
3,279,320
3,280,306
3,281,286
3,282,302
3,284,285
3,310,289
3,290,295
3,291,315
3,292,318
3,293,314
3,294,305
3,299,296
3,297,303
3,308,300
3,304,316
3,307,313
3,312,311
3,317,321
3,322,328
3,329,323
3,330,324
3,327,325
3,326,341
3,332,331
3,333,338
3,334,342
3,335,336
3,337,339
3,343,340
3,351,344
3,345,383
3,346,408
3,417,347
3,348,390
3,349,411
3,380,350
3,379,352
3,353,367
3,385,354
3,355,421
3,356,364
3,357,376
3,361,358
3,359,360
3,362,413
3,384,363
3,375,365
3,368,366
3,372,369
3,370,382
3,373,371
3,374,416
3,377,378
3,393,381
3,387,386
3,388,389
3,391,404
3,392,410
3,406,394
3,423,395
3,407,396
3,397,424
3,422,398
3,401,399
3,400,402
3,420,403
3,405,412
3,409,418
3,414,415
3,419,425
3,474,426
3,427,497
3,467,428
3,429,444
3,459,430
3,431,446
3,495,432
3,433,482
3,454,434
3,435,490
3,450,436
3,488,437
3,440,438
3,455,439
3,487,441
3,471,442
3,521,443
3,445,523
3,447,473
3,448,500
3,449,499
3,510,451
3,452,463
3,453,461
3,456,507
3,457,458
3,460,509
3,501,462
3,479,464
3,465,511
3,484,466
3,525,468
3,469,504
3,470,522
3,472,477
3,475,481
3,476,480
3,478,486
3,483,485
3,489,502
3,498,491
3,492,494
3,493,505
3,496,503
3,506,508
3,512,515
3,516,513
3,514,518
3,519,517
3,520,524
3,526,536
3,527,528
3,529,539
3,530,537
3,542,531
3,538,532
3,533,541
3,534,535
3,543,540
3,544,554
3,545,597
3,572,546
3,547,553
3,548,563
3,549,567
3,550,560
3,551,555
3,552,564
3,556,557
3,591,558
3,565,559
3,561,562
3,570,566
3,571,568
3,580,569
3,573,574
3,583,575
3,587,576
3,577,584
3,578,579
3,596,581
3,589,582
3,592,585
3,590,586
3,588,595
3,593,594
3,599,598
3,611,600
3,601,602
3,609,603
3,604,625
3,605,630
3,608,606
3,607,633
3,631,610
3,617,612
3,613,618
3,646,614
3,615,635
3,621,616
3,632,619
3,620,642
3,622,647
3,623,634
3,651,624
3,648,626
3,627,650
3,649,628
3,629,652
3,636,641
3,644,637
3,638,640
3,643,639
3,654,645
3,655,653
3,656,669
3,657,673
3,659,658
3,666,660
3,661,671
3,672,662
3,663,664
3,665,670
3,668,667
3,701,674
3,702,675
3,727,676
3,677,719
3,678,709
3,683,679
3,684,680
3,682,681
3,685,704
3,713,686
3,687,712
3,688,703
3,697,689
3,690,698
3,708,691
3,693,692
3,694,707
3,695,699
3,705,696
3,706,700
3,720,710
3,711,718
3,714,716
3,715,729
3,717,724
3,721,723
3,728,722
3,725,726
3,753,730
3,759,731
3,732,782
3,733,789
3,734,749
3,736,735
3,756,737
3,739,738
3,773,740
3,741,754
3,742,751
3,743,748
3,778,744
3,745,755
3,746,747
3,750,768
3,769,752
3,757,783
3,784,758
3,761,760
3,775,762
3,781,763
3,764,787
3,770,765
3,788,766
3,767,771
3,772,777
3,776,774
3,779,780
3,785,786
3,791,790
3,792,801
3,795,793
3,794,797
3,796,800
3,798,803
3,802,799
3,804,833
3,805,835
3,831,806
3,817,807
3,808,813
3,809,810
3,820,811
3,812,819
3,818,814
3,816,815
3,821,830
3,836,822
3,823,827
3,824,825
3,826,839
3,828,837
3,829,834
3,838,832
3,840,853
3,848,841
3,861,842
3,843,845
3,846,844
3,852,847
3,849,855
3,850,869
3,851,856
3,854,871
3,859,857
3,858,868
3,860,874
3,862,866
3,863,872
3,864,867
3,875,865
3,870,873
3,895,876
3,877,884
3,897,878
3,879,881
3,880,883
3,882,887
3,885,886
3,898,888
3,890,889
3,896,891
3,892,894
3,899,893
3,908,900
3,905,901
3,902,929
3,903,915
3,920,904
3,919,906
3,907,935
3,914,909
3,934,910
3,911,944
3,912,922
3,913,942
3,916,938
3,917,918
3,939,921
3,923,937
3,924,928
3,926,925
3,946,927
3,949,930
3,932,931
3,936,933
3,940,945
3,947,941
3,948,943
3,950,973
3,951,988
3,998,952
3,976,953
3,956,954
3,955,990
3,959,957
3,958,986
3,984,960
3,965,961
3,962,963
3,967,964
3,970,966
3,968,969
3,995,971
3,997,972
3,993,974
3,975,977
3,981,978
3,979,992
3,989,980
3,994,982
3,983,996
3,985,987
3,999,991
3,1010,1000
3,1011,1001
3,1005,1002
3,1003,1004
3,1006,1008
3,1009,1007
3,1013,1012
3,1014,1037
3,1015,1019
3,1020,1016
3,1024,1017
3,1018,1027
3,1022,1021
3,1040,1023
3,1025,1026
3,1028,1047
3,1046,1029
3,1032,1030
3,1031,1048
3,1034,1033
3,1049,1035
3,1036,1043
3,1044,1038
3,1039,1042
3,1045,1041
3,1050,1052
3,1051,1057
3,1069,1053
3,1054,1064
3,1062,1055
3,1078,1056
3,1058,1079
3,1059,1081
3,1061,1060
3,1076,1063
3,1070,1065
3,1072,1066
3,1086,1067
3,1083,1068
3,1088,1071
3,1075,1073
3,1077,1074
3,1084,1080
3,1087,1082
3,1089,1085
3,1091,1090
3,1093,1092
3,1094,1106
3,1109,1095
3,1096,1102
3,1103,1097
3,1098,1110
3,1099,1101
3,1113,1100
3,1104,1105
3,1107,1112
3,1108,1111
3,1114,1117
3,1115,1138
3,1121,1116
3,1143,1118
3,1126,1119
3,1120,1124
3,1122,1127
3,1123,1144
3,1125,1129
3,1128,1141
3,1130,1133
3,1131,1140
3,1145,1132
3,1134,1142
3,1147,1135
3,1136,1146
3,1139,1137
3,1149,1148
3,1170,1150
3,1168,1151
3,1190,1152
3,1173,1153
3,1154,1164
3,1155,1161
3,1156,1157
3,1189,1158
3,1159,1160
3,1163,1162
3,1171,1165
3,1172,1166
3,1167,1180
3,1169,1186
3,1174,1193
3,1175,1179
3,1182,1176
3,1195,1177
3,1178,1187
3,1181,1184
3,1192,1183
3,1185,1188
3,1191,1194
3,1196,1206
3,1197,1204
3,1200,1198
3,1208,1199
3,1205,1201
3,1202,1211
3,1203,1209
3,1210,1207
3,1212,1217
3,1213,1214
3,1215,1228
3,1216,1218
3,1219,1220
3,1223,1221
3,1222,1225
3,1226,1224
3,1227,1231
3,1229,1230
3,1232,1243
3,1233,1238
3,1252,1234
3,1235,1248
3,1236,1256
3,1237,1240
3,1250,1239
3,1241,1257
3,1242,1254
3,1244,1245
3,1246,1247
3,1255,1249
3,1253,1251
3,1258,1259
3,1281,1260
3,1268,1261
3,1283,1262
3,1263,1266
3,1264,1280
3,1265,1271
3,1267,1273
3,1277,1269
3,1272,1270
3,1274,1276
3,1278,1275
3,1282,1279
3,1304,1284
3,1323,1285
3,1320,1286
3,1289,1287
3,1295,1288
3,1290,1299
3,1300,1291
3,1316,1292
3,1293,1297
3,1294,1311
3,1296,1298
3,1301,1310
3,1302,1318
3,1303,1321
3,1307,1305
3,1306,1309
3,1312,1308
3,1315,1313
3,1314,1317
3,1319,1322
3,1372,1324
3,1371,1325
3,1375,1326
3,1327,1340
3,1328,1337
3,1348,1329
3,1331,1330
3,1333,1332
3,1334,1339
3,1373,1335
3,1368,1336
3,1338,1343
3,1345,1341
3,1342,1352
3,1344,1347
3,1346,1354
3,1349,1353
3,1350,1361
3,1351,1357
3,1355,1362
3,1356,1370
3,1363,1358
3,1366,1359
3,1365,1360
3,1367,1364
3,1374,1369
3,1376,1395
3,1381,1377
3,1378,1399
3,1391,1379
3,1388,1380
3,1392,1382
3,1383,1397
3,1384,1390
3,1385,1389
3,1398,1386
3,1387,1394
3,1396,1393
3,1427,1400
3,1410,1401
3,1433,1402
3,1403,1411
3,1406,1404
3,1409,1405
3,1407,1422
3,1408,1423
3,1428,1412
3,1413,1429
3,1432,1414
3,1418,1415
3,1417,1416
3,1430,1419
3,1431,1420
3,1421,1425
3,1426,1424
3,1466,1434
3,1443,1435
3,1436,1470
3,1437,1452
3,1439,1438
3,1440,1441
3,1442,1444
3,1468,1445
3,1446,1450
3,1447,1454
3,1448,1458
3,1449,1462
3,1456,1451
3,1453,1473
3,1455,1461
3,1457,1460
3,1459,1463
3,1464,1465
3,1467,1472
3,1469,1471
4,0,13
4,15,1
4,8,2
4,4,3
4,11,5
4,14,6
4,12,7
4,9,10
4,37,16
4,17,87
4,18,22
4,25,19
4,92,20
4,21,86
4,23,29
4,24,52
4,26,38
4,50,27
4,56,28
4,36,30
4,31,35
4,44,32
4,34,33
4,39,57
4,43,40
4,41,59
4,58,42
4,47,45
4,62,46
4,48,85
4,55,49
4,51,84
4,53,54
4,61,60
4,63,93
4,78,64
4,75,65
4,76,66
4,79,67
4,68,94
4,69,77
4,80,70
4,71,82
4,72,73
4,74,90
4,81,89
4,91,83
4,95,88
4,96,103
4,97,144
4,143,98
4,99,133
4,160,100
4,102,101
4,149,104
4,168,105
4,112,106
4,107,117
4,110,108
4,132,109
4,136,111
4,113,137
4,163,114
4,115,116
4,127,118
4,119,161
4,120,125
4,121,124
4,122,171
4,123,170
4,178,126
4,135,128
4,129,139
4,190,130
4,131,162
4,134,164
4,138,175
4,140,151
4,174,141
4,142,150
4,176,145
4,146,189
4,187,147
4,181,148
4,152,153
4,180,154
4,155,182
4,165,156
4,157,158
4,185,159
4,191,166
4,188,167
4,172,169
4,173,186
4,179,177
4,183,184
4,192,199
4,193,203
4,194,201
4,195,197
4,196,202
4,200,198
4,258,204
4,205,257
4,218,206
4,207,226
4,208,216
4,221,209
4,210,228
4,211,222
4,233,212
4,213,214
4,223,215
4,232,217
4,219,229
4,220,230
4,224,225
4,227,231
4,234,251
4,235,244
4,236,262
4,260,237
4,238,261
4,239,250
4,240,255
4,249,241
4,242,247
4,243,248
4,245,246
4,263,252
4,253,259
4,256,254
4,266,264
4,265,289
4,299,267
4,278,268
4,269,280
4,297,270
4,271,301
4,275,272
4,273,284
4,285,274
4,302,276
4,277,298
4,307,279
4,303,281
4,286,282
4,283,288
4,287,310
4,290,306
4,321,291
4,292,294
4,318,293
4,295,300
4,296,312
4,314,304
4,305,315
4,311,308
4,309,317
4,320,313
4,316,319
4,322,330
4,323,332
4,324,327
4,325,326
4,328,329
4,340,331
4,333,343
4,336,334
4,339,335
4,341,337
4,338,342
4,381,344
4,382,345
4,346,380
4,347,349
4,365,348
4,350,354
4,351,368
4,352,377
4,366,353
4,404,355
4,363,356
4,390,357
4,376,358
4,375,359
4,360,417
4,362,361
4,378,364
4,384,367
4,369,370
4,371,388
4,386,372
4,387,373
4,411,374
4,415,379
4,383,393
4,385,389
4,403,391
4,407,392
4,394,424
4,395,422
4,406,396
4,419,397
4,418,398
4,421,399
4,412,400
4,408,401
4,402,420
4,409,405
4,410,423
4,413,414
4,425,416
4,426,480
4,427,483
4,428,495
4,454,429
4,430,509
4,445,431
4,432,447
4,436,433
4,434,467
4,442,435
4,437,448
4,438,455
4,439,459
4,440,461
4,441,453
4,443,479
4,444,478
4,471,446
4,501,449
4,450,488
4,451,508
4,462,452
4,511,456
4,500,457
4,458,491
4,482,460
4,463,498
4,464,475
4,465,507
4,466,472
4,468,514
4,484,469
4,492,470
4,523,473
4,518,474
4,502,476
4,513,477
4,481,487
4,524,485
4,486,519
4,489,521
4,499,490
4,510,493
4,503,494
4,496,516
4,497,522
4,504,506
4,505,512
4,515,525
4,517,520
4,540,526
4,529,527
4,532,528
4,535,530
4,531,534
4,539,533
4,536,543
4,537,542
4,538,541
4,595,544
4,545,591
4,554,546
4,547,597
4,560,548
4,549,561
4,562,550
4,571,551
4,565,552
4,566,553
4,559,555
4,558,556
4,557,572
4,569,563
4,564,570
4,567,568
4,573,583
4,584,574
4,577,575
4,576,578
4,579,598
4,585,580
4,581,593
4,582,592
4,586,594
4,587,599
4,588,590
4,589,596
4,600,629
4,603,601
4,602,611
4,616,604
4,612,605
4,606,615
4,607,632
4,608,619
4,618,609
4,610,636
4,637,613
4,635,614
4,633,617
4,641,620
4,621,646
4,653,622
4,650,623
4,624,643
4,625,640
4,626,655
4,634,627
4,628,644
4,630,638
4,642,631
4,639,648
4,645,649
4,647,654
4,652,651
4,670,656
4,660,657
4,658,665
4,659,663
4,667,661
4,662,666
4,672,664
4,673,668
4,669,671
4,674,686
4,675,696
4,703,676
4,677,693
4,695,678
4,694,679
4,680,683
4,691,681
4,698,682
4,719,684
4,699,685
4,713,687
4,717,688
4,689,708
4,690,706
4,704,692
4,697,702
4,700,701
4,707,705
4,709,724
4,710,729
4,722,711
4,712,728
4,726,714
4,723,715
4,716,718
4,725,720
4,721,727
4,730,769
4,731,770
4,743,732
4,765,733
4,734,779
4,735,737
4,749,736
4,738,787
4,758,739
4,740,776
4,741,750
4,755,742
4,744,747
4,753,745
4,751,746
4,771,748
4,752,778
4,754,761
4,775,756
4,774,757
4,782,759
4,760,764
4,762,785
4,783,763
4,766,781
4,786,767
4,768,777
4,773,772
4,780,788
4,789,784
4,790,802
4,794,791
4,799,792
4,793,801
4,796,795
4,797,798
4,800,803
4,830,804
4,821,805
4,806,818
4,807,809
4,817,808
4,815,810
4,811,816
4,839,812
4,833,813
4,814,820
4,831,819
4,822,823
4,835,824
4,834,825
4,826,829
4,827,836
4,832,828
4,837,838
4,840,847
4,873,841
4,842,846
4,853,843
4,844,870
4,867,845
4,848,861
4,849,850
4,852,851
4,875,854
4,855,856
4,874,857
4,865,858
4,868,859
4,872,860
4,871,862
4,866,863
4,864,869
4,876,885
4,886,877
4,883,878
4,879,880
4,881,882
4,884,887
4,888,897
4,889,892
4,891,890
4,893,895
4,894,898
4,899,896
4,900,927
4,901,932
4,936,902
4,903,939
4,904,917
4,935,905
4,906,914
4,937,907
4,918,908
4,909,947
4,945,910
4,931,911
4,938,912
4,915,913
4,921,916
4,922,919
4,925,920
4,943,923
4,949,924
4,926,942
4,928,933
4,929,940
4,930,934
4,948,941
4,944,946
4,990,950
4,996,951
4,952,977
4,953,954
4,998,955
4,956,965
4,957,958
4,959,963
4,960,986
4,961,984
4,962,966
4,970,964
4,980,967
4,988,968
4,969,979
4,974,971
4,972,981
4,973,995
4,978,975
4,997,976
4,989,982
4,991,983
4,985,992
4,987,993
4,999,994
4,1000,1009
4,1001,1003
4,1007,1002
4,1004,1005
4,1012,1006
4,1008,1013
4,1011,1010
4,1022,1014
4,1016,1015
4,1017,1021
4,1028,1018
4,1019,1049
4,1023,1020
4,1025,1024
4,1026,1040
4,1027,1044
4,1029,1032
4,1030,1036
4,1033,1031
4,1047,1034
4,1035,1045
4,1037,1043
4,1038,1039
4,1041,1046
4,1048,1042
4,1057,1050
4,1064,1051
4,1052,1053
4,1089,1054
4,1065,1055
4,1056,1058
4,1066,1059
4,1060,1062
4,1061,1078
4,1063,1086
4,1067,1083
4,1081,1068
4,1072,1069
4,1084,1070
4,1071,1075
4,1073,1088
4,1082,1074
4,1079,1076
4,1077,1085
4,1080,1087
4,1090,1113
4,1097,1091
4,1103,1092
4,1110,1093
4,1094,1102
4,1095,1098
4,1101,1096
4,1109,1099
4,1100,1104
4,1111,1105
4,1106,1112
4,1107,1108
4,1121,1114
4,1124,1115
4,1116,1122
4,1127,1117
4,1118,1131
4,1119,1123
4,1120,1141
4,1142,1125
4,1144,1126
4,1143,1128
4,1129,1130
4,1132,1146
4,1133,1134
4,1135,1149
4,1140,1136
4,1137,1147
4,1138,1139
4,1148,1145
4,1164,1150
4,1186,1151
4,1152,1191
4,1153,1168
4,1154,1171
4,1155,1167
4,1163,1156
4,1194,1157
4,1158,1160
4,1159,1170
4,1161,1172
4,1162,1169
4,1165,1175
4,1166,1189
4,1187,1173
4,1174,1177
4,1176,1190
4,1188,1178
4,1179,1185
4,1181,1180
4,1182,1192
4,1183,1184
4,1193,1195
4,1201,1196
4,1197,1211
4,1198,1209
4,1199,1203
4,1207,1200
4,1202,1210
4,1206,1204
4,1208,1205
4,1230,1212
4,1227,1213
4,1218,1214
4,1217,1215
4,1228,1216
4,1229,1219
4,1220,1226
4,1224,1221
4,1231,1222
4,1225,1223
4,1250,1232
4,1244,1233
4,1234,1246
4,1240,1235
4,1251,1236
4,1239,1237
4,1238,1252
4,1248,1241
4,1242,1257
4,1243,1259
4,1245,1258
4,1247,1255
4,1254,1249
4,1256,1253
4,1260,1263
4,1261,1267
4,1266,1262
4,1282,1264
4,1275,1265
4,1271,1268
4,1269,1272
4,1270,1274
4,1273,1281
4,1280,1276
4,1283,1277
4,1279,1278
4,1284,1318
4,1308,1285
4,1286,1316
4,1287,1320
4,1288,1300
4,1289,1298
4,1302,1290
4,1296,1291
4,1292,1295
4,1319,1293
4,1294,1299
4,1297,1303
4,1309,1301
4,1317,1304
4,1321,1305
4,1313,1306
4,1311,1307
4,1310,1315
4,1312,1323
4,1322,1314
4,1324,1356
4,1325,1337
4,1354,1326
4,1327,1357
4,1328,1342
4,1330,1329
4,1340,1331
4,1332,1365
4,1343,1333
4,1360,1334
4,1335,1372
4,1364,1336
4,1341,1338
4,1339,1361
4,1363,1344
4,1345,1352
4,1353,1346
4,1347,1368
4,1355,1348
4,1349,1350
4,1351,1375
4,1358,1373
4,1371,1359
4,1370,1362
4,1369,1366
4,1374,1367
4,1381,1376
4,1377,1391
4,1379,1378
4,1380,1382
4,1383,1385
4,1394,1384
4,1395,1386
4,1387,1396
4,1388,1399
4,1389,1392
4,1390,1398
4,1397,1393
4,1400,1426
4,1401,1406
4,1402,1414
4,1403,1405
4,1404,1410
4,1407,1420
4,1409,1408
4,1411,1423
4,1412,1425
4,1413,1419
4,1428,1415
4,1416,1427
4,1431,1417
4,1433,1418
4,1422,1421
4,1424,1430
4,1429,1432
4,1434,1468
4,1435,1436
4,1460,1437
4,1438,1457
4,1439,1440
4,1441,1442
4,1463,1443
4,1444,1464
4,1445,1455
4,1454,1446
4,1447,1453
4,1473,1448
4,1452,1449
4,1450,1458
4,1470,1451
4,1456,1459
4,1472,1461
4,1462,1469
4,1465,1467
4,1471,1466
5,0,12
5,1,10
5,2,9
5,3,11
5,8,4
5,5,13
5,15,6
5,7,14
5,16,36
5,22,17
5,88,18
5,21,19
5,20,24
5,42,23
5,28,25
5,26,27
5,43,29
5,51,30
5,33,31
5,32,61
5,47,34
5,35,85
5,37,55
5,38,53
5,54,39
5,40,41
5,44,60
5,46,45
5,62,48
5,49,56
5,57,50
5,52,84
5,59,58
5,73,63
5,64,74
5,86,65
5,66,75
5,67,95
5,93,68
5,82,69
5,83,70
5,77,71
5,72,79
5,89,76
5,94,78
5,90,80
5,81,91
5,87,92
5,104,96
5,115,97
5,98,114
5,118,99
5,100,119
5,101,185
5,151,102
5,103,149
5,190,105
5,106,111
5,110,107
5,108,160
5,109,143
5,116,112
5,113,162
5,117,127
5,139,120
5,170,121
5,125,122
5,124,123
5,126,164
5,128,140
5,129,142
5,189,130
5,133,131
5,134,132
5,144,135
5,136,163
5,137,176
5,171,138
5,141,150
5,145,157
5,156,146
5,147,173
5,148,174
5,167,152
5,153,187
5,154,166
5,155,181
5,158,180
5,159,186
5,161,188
5,169,165
5,168,172
5,175,179
5,177,178
5,182,184
5,183,191
5,201,192
5,198,193
5,194,195
5,199,196
5,202,197
5,203,200
5,204,210
5,249,205
5,226,206
5,227,207
5,228,208
5,209,240
5,211,215
5,212,225
5,213,223
5,214,222
5,216,224
5,217,218
5,231,219
5,229,220
5,221,232
5,230,256
5,254,233
5,248,234
5,235,247
5,261,236
5,237,252
5,238,250
5,262,239
5,241,263
5,242,246
5,243,245
5,244,255
5,251,260
5,257,253
5,259,258
5,264,273
5,317,265
5,310,266
5,267,321
5,268,284
5,269,277
5,270,278
5,272,271
5,274,286
5,281,275
5,276,320
5,283,279
5,319,280
5,282,303
5,289,285
5,288,287
5,315,290
5,312,291
5,293,292
5,294,318
5,295,311
5,309,296
5,302,297
5,301,298
5,308,299
5,300,307
5,313,304
5,305,314
5,306,316
5,343,322
5,327,323
5,340,324
5,331,325
5,326,328
5,329,339
5,332,330
5,334,333
5,337,335
5,342,336
5,338,341
5,344,383
5,391,345
5,416,346
5,411,347
5,414,348
5,379,349
5,367,350
5,366,351
5,352,353
5,354,378
5,355,402
5,356,359
5,357,375
5,358,365
5,364,360
5,363,361
5,374,362
5,368,384
5,389,369
5,370,387
5,371,381
5,372,382
5,388,373
5,376,386
5,377,385
5,380,418
5,417,390
5,392,406
5,405,393
5,394,397
5,425,395
5,396,423
5,398,419
5,399,409
5,400,421
5,401,420
5,408,403
5,412,404
5,422,407
5,424,410
5,415,413
5,521,426
5,519,427
5,507,428
5,429,478
5,430,439
5,431,487
5,432,445
5,433,453
5,434,443
5,435,441
5,442,436
5,455,437
5,461,438
5,460,440
5,458,444
5,446,495
5,447,511
5,448,462
5,500,449
5,490,450
5,451,503
5,452,468
5,522,454
5,456,482
5,488,457
5,508,459
5,509,463
5,476,464
5,477,465
5,467,466
5,515,469
5,470,517
5,485,471
5,497,472
5,473,474
5,502,475
5,479,489
5,480,520
5,481,516
5,523,483
5,513,484
5,486,524
5,491,501
5,493,492
5,494,496
5,498,499
5,504,510
5,505,506
5,518,512
5,514,525
5,526,532
5,527,538
5,528,543
5,537,529
5,530,539
5,533,531
5,534,536
5,541,535
5,542,540
5,544,569
5,553,545
5,546,561
5,591,547
5,548,552
5,557,549
5,568,550
5,551,564
5,597,554
5,555,558
5,567,556
5,559,562
5,560,565
5,563,570
5,566,571
5,572,599
5,584,573
5,574,587
5,575,576
5,598,577
5,578,593
5,592,579
5,580,583
5,585,581
5,582,595
5,586,588
5,594,589
5,596,590
5,602,600
5,652,601
5,603,606
5,604,608
5,605,642
5,614,607
5,609,633
5,611,610
5,635,612
5,613,621
5,615,636
5,632,616
5,619,617
5,630,618
5,620,646
5,622,628
5,623,624
5,655,625
5,626,654
5,627,638
5,651,629
5,631,641
5,640,634
5,648,637
5,639,647
5,650,643
5,649,644
5,653,645
5,656,667
5,657,670
5,661,658
5,664,659
5,669,660
5,668,662
5,663,666
5,671,665
5,673,672
5,678,674
5,689,675
5,676,725
5,681,677
5,679,701
5,693,680
5,682,685
5,719,683
5,684,695
5,686,711
5,687,710
5,688,727
5,699,690
5,692,691
5,706,694
5,696,700
5,707,697
5,702,698
5,703,717
5,705,704
5,708,721
5,718,709
5,712,722
5,724,713
5,729,714
5,720,715
5,726,716
5,728,723
5,737,730
5,735,731
5,732,749
5,733,758
5,748,734
5,750,736
5,764,738
5,739,773
5,747,740
5,746,741
5,742,768
5,779,743
5,744,776
5,745,783
5,751,753
5,777,752
5,769,754
5,774,755
5,756,760
5,757,766
5,759,770
5,761,782
5,788,762
5,763,775
5,787,765
5,767,789
5,786,771
5,778,772
5,781,780
5,784,785
5,795,790
5,803,791
5,792,793
5,798,794
5,799,796
5,797,800
5,801,802
5,804,839
5,807,805
5,819,806
5,808,831
5,814,809
5,810,811
5,818,812
5,813,817
5,820,815
5,833,816
5,825,821
5,828,822
5,832,823
5,824,826
5,829,827
5,835,830
5,837,834
5,836,838
5,845,840
5,841,864
5,860,842
5,843,852
5,866,844
5,846,873
5,847,853
5,871,848
5,856,849
5,850,867
5,855,851
5,854,874
5,857,865
5,859,858
5,872,861
5,870,862
5,863,868
5,869,875
5,892,876
5,877,879
5,878,893
5,880,885
5,881,883
5,882,897
5,884,886
5,887,888
5,898,889
5,890,896
5,891,899
5,894,895
5,900,914
5,910,901
5,902,909
5,920,903
5,913,904
5,905,931
5,906,932
5,907,918
5,908,919
5,929,911
5,941,912
5,916,915
5,935,917
5,921,938
5,939,922
5,923,948
5,933,924
5,943,925
5,940,926
5,927,930
5,928,936
5,934,945
5,942,937
5,947,944
5,946,949
5,950,952
5,951,972
5,977,953
5,954,955
5,964,956
5,963,957
5,960,958
5,965,959
5,966,961
5,984,962
5,967,970
5,968,991
5,971,969
5,973,978
5,974,979
5,975,985
5,995,976
5,980,997
5,981,989
5,982,996
5,993,983
5,986,999
5,987,988
5,990,998
5,992,994
5,1000,1008
5,1001,1004
5,1002,1003
5,1005,1010
5,1007,1006
5,1009,1012
5,1013,1011
5,1046,1014
5,1015,1039
5,1016,1023
5,1026,1017
5,1037,1018
5,1019,1038
5,1021,1020
5,1029,1022
5,1027,1024
5,1040,1025
5,1049,1028
5,1034,1030
5,1031,1036
5,1045,1032
5,1043,1033
5,1035,1041
5,1042,1044
5,1048,1047
5,1050,1086
5,1051,1061
5,1056,1052
5,1053,1089
5,1079,1054
5,1055,1057
5,1058,1062
5,1065,1059
5,1066,1060
5,1063,1069
5,1064,1078
5,1067,1072
5,1068,1070
5,1074,1071
5,1073,1077
5,1085,1075
5,1076,1088
5,1080,1083
5,1082,1081
5,1087,1084
5,1090,1097
5,1091,1104
5,1092,1099
5,1093,1100
5,1096,1094
5,1095,1103
5,1102,1098
5,1101,1110
5,1105,1108
5,1106,1111
5,1113,1107
5,1112,1109
5,1147,1114
5,1132,1115
5,1116,1120
5,1117,1140
5,1142,1118
5,1134,1119
5,1137,1121
5,1146,1122
5,1123,1129
5,1128,1124
5,1125,1130
5,1133,1126
5,1127,1139
5,1136,1131
5,1135,1148
5,1145,1138
5,1141,1144
5,1149,1143
5,1150,1168
5,1151,1165
5,1156,1152
5,1175,1153
5,1172,1154
5,1195,1155
5,1157,1166
5,1158,1186
5,1169,1159
5,1160,1163
5,1162,1161
5,1171,1164
5,1167,1181
5,1170,1179
5,1180,1173
5,1184,1174
5,1193,1176
5,1177,1191
5,1178,1182
5,1185,1183
5,1187,1192
5,1188,1194
5,1190,1189
5,1210,1196
5,1200,1197
5,1198,1201
5,1205,1199
5,1204,1202
5,1211,1203
5,1206,1207
5,1209,1208
5,1212,1229
5,1221,1213
5,1214,1216
5,1215,1219
5,1217,1227
5,1226,1218
5,1223,1220
5,1222,1228
5,1224,1230
5,1231,1225
5,1259,1232
5,1233,1239
5,1234,1235
5,1243,1236
5,1241,1237
5,1253,1238
5,1248,1240
5,1255,1242
5,1247,1244
5,1249,1245
5,1246,1251
5,1252,1250
5,1258,1254
5,1257,1256
5,1264,1260
5,1261,1271
5,1262,1272
5,1281,1263
5,1265,1280
5,1266,1268
5,1270,1267
5,1269,1283
5,1277,1273
5,1274,1279
5,1275,1282
5,1276,1278
5,1284,1321
5,1285,1311
5,1286,1287
5,1297,1288
5,1316,1289
5,1290,1296
5,1291,1295
5,1298,1292
5,1299,1293
5,1300,1294
5,1305,1301
5,1306,1302
5,1303,1323
5,1304,1322
5,1307,1320
5,1314,1308
5,1310,1309
5,1315,1312
5,1317,1313
5,1318,1319
5,1326,1324
5,1332,1325
5,1375,1327
5,1352,1328
5,1329,1334
5,1358,1330
5,1337,1331
5,1333,1360
5,1335,1363
5,1336,1365
5,1342,1338
5,1339,1364
5,1372,1340
5,1343,1341
5,1368,1344
5,1366,1345
5,1346,1369
5,1347,1349
5,1348,1351
5,1367,1350
5,1362,1353
5,1354,1373
5,1357,1355
5,1356,1371
5,1359,1370
5,1361,1374
5,1376,1388
5,1378,1377
5,1379,1387
5,1389,1380
5,1391,1381
5,1382,1383
5,1384,1385
5,1386,1394
5,1393,1390
5,1399,1392
5,1395,1396
5,1398,1397
5,1429,1400
5,1405,1401
5,1411,1402
5,1423,1403
5,1404,1409
5,1406,1407
5,1422,1408
5,1410,1428
5,1412,1427
5,1414,1413
5,1415,1416
5,1420,1417
5,1430,1418
5,1419,1433
5,1424,1421
5,1425,1431
5,1432,1426
5,1459,1434
5,1468,1435
5,1436,1438
5,1437,1443
5,1441,1439
5,1444,1440
5,1442,1463
5,1466,1445
5,1446,1472
5,1448,1447
5,1451,1449
5,1450,1462
5,1469,1452
5,1453,1454
5,1471,1455
5,1460,1456
5,1457,1470
5,1458,1467
5,1461,1464
5,1473,1465
6,10,0
6,4,1
6,2,11
6,13,3
6,5,15
6,6,7
6,9,8
6,14,12
6,16,54
6,17,21
6,92,18
6,19,22
6,20,88
6,40,23
6,24,26
6,25,36
6,27,51
6,50,28
6,29,53
6,30,37
6,31,47
6,33,32
6,34,35
6,55,38
6,59,39
6,41,43
6,42,57
6,48,44
6,45,62
6,60,46
6,84,49
6,85,52
6,58,56
6,61,95
6,63,74
6,64,72
6,65,94
6,68,66
6,83,67
6,70,69
6,71,81
6,79,73
6,75,76
6,90,77
6,93,78
6,89,80
6,91,82
6,87,86
6,96,144
6,114,97
6,98,129
6,99,117
6,188,100
6,101,159
6,102,109
6,185,103
6,104,143
6,105,189
6,120,106
6,119,107
6,108,170
6,172,110
6,111,125
6,124,112
6,138,113
6,163,115
6,162,116
6,131,118
6,121,127
6,126,122
6,123,171
6,179,128
6,130,161
6,132,133
6,169,134
6,135,151
6,164,136
6,137,139
6,140,152
6,148,141
6,142,149
6,145,146
6,174,147
6,150,187
6,186,153
6,154,165
6,157,155
6,180,156
6,166,158
6,160,190
6,167,182
6,191,168
6,184,173
6,175,178
6,177,176
6,181,183
6,192,202
6,201,193
6,197,194
6,195,198
6,196,203
6,200,199
6,207,204
6,205,259
6,206,217
6,253,208
6,209,216
6,210,226
6,214,211
6,223,212
6,215,213
6,218,228
6,219,241
6,222,220
6,230,221
6,258,224
6,225,231
6,232,227
6,256,229
6,255,233
6,234,243
6,252,235
6,236,238
6,246,237
6,239,263
6,240,249
6,260,242
6,247,244
6,248,245
6,250,254
6,251,262
6,261,257
6,288,264
6,275,265
6,266,273
6,271,267
6,297,268
6,285,269
6,280,270
6,272,306
6,284,274
6,278,276
6,277,303
6,279,289
6,301,281
6,298,282
6,287,283
6,286,302
6,290,313
6,291,295
6,292,309
6,300,293
6,315,294
6,311,296
6,299,321
6,304,319
6,316,305
6,320,307
6,310,308
6,312,314
6,317,318
6,323,322
6,331,324
6,328,325
6,326,327
6,337,329
6,330,340
6,341,332
6,336,333
6,335,334
6,339,338
6,343,342
6,344,382
6,345,387
6,349,346
6,347,355
6,348,388
6,350,351
6,365,352
6,353,411
6,367,354
6,357,356
6,375,358
6,359,362
6,374,360
6,361,415
6,390,363
6,389,364
6,378,366
6,385,368
6,383,369
6,372,370
6,386,371
6,373,381
6,416,376
6,384,377
6,413,379
6,400,380
6,393,391
6,423,392
6,398,394
6,419,395
6,396,422
6,397,406
6,399,403
6,409,401
6,402,405
6,418,404
6,410,407
6,420,408
6,421,412
6,414,417
6,424,425
6,426,428
6,482,427
6,495,429
6,438,430
6,433,431
6,446,432
6,441,434
6,435,491
6,436,500
6,449,437
6,457,439
6,440,488
6,478,442
6,474,443
6,444,455
6,521,445
6,483,447
6,448,463
6,450,458
6,459,451
6,452,501
6,453,490
6,492,454
6,524,456
6,510,460
6,461,498
6,462,499
6,464,489
6,465,470
6,466,481
6,477,467
6,468,515
6,469,514
6,471,476
6,472,503
6,487,473
6,475,479
6,480,497
6,512,484
6,485,486
6,506,493
6,494,504
6,496,517
6,516,502
6,507,505
6,509,508
6,511,522
6,525,513
6,520,518
6,519,523
6,527,526
6,528,530
6,538,529
6,531,540
6,532,534
6,533,542
6,535,539
6,541,536
6,543,537
6,545,544
6,553,546
6,561,547
6,551,548
6,562,549
6,550,567
6,552,563
6,554,566
6,591,555
6,556,559
6,565,557
6,568,558
6,570,560
6,564,572
6,569,571
6,575,573
6,574,597
6,576,580
6,577,587
6,599,578
6,579,584
6,590,581
6,588,582
6,583,598
6,596,585
6,593,586
6,595,589
6,594,592
6,600,603
6,601,650
6,606,602
6,646,604
6,605,615
6,616,607
6,608,641
6,609,621
6,617,610
6,611,619
6,612,632
6,645,613
6,631,614
6,618,623
6,620,630
6,622,648
6,624,640
6,625,652
6,628,626
6,627,639
6,629,634
6,633,635
6,636,642
6,647,637
6,638,653
6,643,651
6,644,655
6,654,649
6,656,673
6,657,667
6,660,658
6,659,661
6,662,669
6,665,663
6,666,664
6,670,668
6,672,671
6,674,705
6,675,712
6,676,726
6,692,677
6,685,678
6,679,699
6,701,680
6,706,681
6,682,707
6,683,696
6,700,684
6,714,686
6,711,687
6,688,716
6,691,689
6,690,719
6,694,693
6,695,704
6,697,698
6,709,702
6,727,703
6,710,708
6,713,722
6,715,718
6,725,717
6,723,720
6,721,729
6,724,728
6,730,741
6,731,733
6,764,732
6,734,756
6,785,735
6,736,746
6,737,751
6,738,782
6,776,739
6,740,744
6,769,742
6,752,743
6,781,745
6,772,747
6,770,748
6,749,786
6,754,750
6,753,774
6,755,788
6,780,757
6,775,758
6,759,784
6,771,760
6,783,761
6,762,779
6,763,766
6,765,767
6,768,773
6,777,778
6,789,787
6,803,790
6,791,798
6,800,792
6,793,797
6,794,799
6,802,795
6,801,796
6,804,807
6,805,813
6,806,810
6,830,808
6,809,818
6,811,814
6,812,824
6,815,817
6,816,835
6,819,833
6,820,831
6,838,821
6,822,832
6,823,836
6,825,826
6,827,837
6,828,829
6,839,834
6,851,840
6,865,841
6,842,870
6,843,847
6,844,852
6,845,850
6,846,848
6,849,869
6,853,863
6,868,854
6,862,855
6,867,856
6,861,857
6,858,872
6,859,871
6,873,860
6,864,875
6,874,866
6,876,887
6,885,877
6,882,878
6,879,884
6,889,880
6,897,881
6,888,883
6,895,886
6,899,890
6,898,891
6,892,893
6,896,894
6,944,900
6,901,902
6,903,916
6,912,904
6,908,905
6,907,906
6,930,909
6,911,910
6,917,913
6,914,922
6,915,920
6,918,921
6,919,935
6,923,939
6,924,929
6,925,934
6,941,926
6,927,928
6,931,943
6,932,936
6,933,946
6,938,937
6,948,940
6,949,942
6,945,947
6,972,950
6,976,951
6,952,969
6,953,973
6,954,975
6,955,960
6,956,989
6,966,957
6,958,984
6,959,986
6,961,987
6,970,962
6,963,965
6,977,964
6,981,967
6,968,993
6,983,971
6,992,974
6,978,980
6,979,991
6,997,982
6,985,999
6,998,988
6,994,990
6,996,995
6,1003,1000
6,1009,1001
6,1012,1002
6,1004,1013
6,1006,1005
6,1011,1007
6,1010,1008
6,1014,1035
6,1044,1015
6,1039,1016
6,1017,1025
6,1018,1019
6,1020,1026
6,1021,1040
6,1024,1022
6,1023,1027
6,1043,1028
6,1038,1029
6,1030,1049
6,1042,1031
6,1032,1048
6,1033,1045
6,1036,1034
6,1046,1037
6,1047,1041
6,1069,1050
6,1062,1051
6,1052,1089
6,1054,1053
6,1059,1055
6,1057,1056
6,1058,1064
6,1060,1065
6,1061,1066
6,1088,1063
6,1084,1067
6,1087,1068
6,1070,1082
6,1071,1077
6,1075,1072
6,1083,1073
6,1085,1074
6,1086,1076
6,1078,1079
6,1081,1080
6,1111,1090
6,1110,1091
6,1092,1095
6,1096,1093
6,1100,1094
6,1099,1097
6,1098,1105
6,1107,1101
6,1103,1102
6,1104,1112
6,1109,1106
6,1108,1113
6,1114,1146
6,1115,1149
6,1145,1116
6,1131,1117
6,1118,1128
6,1119,1125
6,1120,1133
6,1121,1136
6,1122,1141
6,1124,1123
6,1126,1127
6,1129,1134
6,1130,1132
6,1143,1135
6,1138,1137
6,1139,1148
6,1140,1147
6,1144,1142
6,1165,1150
6,1151,1171
6,1152,1167
6,1153,1185
6,1154,1175
6,1166,1155
6,1173,1156
6,1157,1162
6,1168,1158
6,1163,1159
6,1191,1160
6,1161,1186
6,1192,1164
6,1189,1169
6,1170,1172
6,1174,1182
6,1176,1183
6,1177,1193
6,1180,1178
6,1179,1187
6,1181,1188
6,1190,1184
6,1194,1195
6,1196,1209
6,1197,1210
6,1203,1198
6,1199,1200
6,1201,1206
6,1205,1202
6,1204,1207
6,1208,1211
6,1212,1223
6,1213,1231
6,1229,1214
6,1220,1215
6,1216,1217
6,1221,1218
6,1219,1227
6,1222,1224
6,1230,1225
6,1228,1226
6,1232,1234
6,1257,1233
6,1235,1250
6,1236,1258
6,1237,1252
6,1238,1240
6,1239,1248
6,1241,1259
6,1251,1242
6,1249,1243
6,1244,1255
6,1254,1245
6,1256,1246
6,1253,1247
6,1260,1275
6,1273,1261
6,1262,1269
6,1263,1265
6,1264,1279
6,1267,1266
6,1268,1280
6,1271,1270
6,1272,1281
6,1278,1274
6,1276,1277
6,1282,1283
6,1301,1284
6,1315,1285
6,1323,1286
6,1287,1316
6,1299,1288
6,1295,1289
6,1290,1300
6,1291,1297
6,1292,1296
6,1293,1318
6,1294,1298
6,1302,1319
6,1308,1303
6,1305,1304
6,1311,1306
6,1322,1307
6,1309,1312
6,1313,1310
6,1320,1314
6,1321,1317
6,1324,1332
6,1325,1330
6,1362,1326
6,1328,1327
6,1329,1354
6,1331,1336
6,1333,1342
6,1334,1358
6,1340,1335
6,1341,1337
6,1338,1339
6,1344,1343
6,1355,1345
6,1346,1347
6,1373,1348
6,1366,1349
6,1350,1368
6,1359,1351
6,1352,1356
6,1374,1353
6,1370,1357
6,1364,1360
6,1361,1375
6,1365,1363
6,1369,1367
6,1372,1371
6,1396,1376
6,1377,1399
6,1380,1378
6,1382,1379
6,1381,1383
6,1384,1398
6,1385,1387
6,1392,1386
6,1393,1388
6,1394,1389
6,1390,1395
6,1397,1391
6,1400,1409
6,1401,1404
6,1402,1429
6,1403,1410
6,1423,1405
6,1408,1406
6,1407,1412
6,1418,1411
6,1413,1433
6,1414,1431
6,1427,1415
6,1416,1428
6,1417,1422
6,1419,1424
6,1420,1430
6,1421,1432
6,1426,1425
6,1434,1436
6,1449,1435
6,1438,1437
6,1465,1439
6,1440,1466
6,1463,1441
6,1464,1442
6,1443,1444
6,1445,1457
6,1458,1446
6,1468,1447
6,1448,1461
6,1467,1450
6,1452,1451
6,1472,1453
6,1454,1473
6,1455,1460
6,1456,1471
6,1459,1462
6,1470,1469
7,0,4
7,1,5
7,12,2
7,6,3
7,15,7
7,8,14
7,11,9
7,10,13
7,29,16
7,19,17
7,18,87
7,25,20
7,21,22
7,23,33
7,28,24
7,36,26
7,27,30
7,46,31
7,32,45
7,84,34
7,44,35
7,37,54
7,56,38
7,39,40
7,41,60
7,53,42
7,43,59
7,47,88
7,61,48
7,50,49
7,51,85
7,57,52
7,55,58
7,95,62
7,75,63
7,76,64
7,65,68
7,73,66
7,67,90
7,69,83
7,81,70
7,71,89
7,74,72
7,82,77
7,78,86
7,79,92
7,80,91
7,94,93
7,135,96
7,97,109
7,150,98
7,99,119
7,100,108
7,103,101
7,149,102
7,112,104
7,188,105
7,106,126
7,107,190
7,164,110
7,111,115
7,113,163
7,118,114
7,136,116
7,117,169
7,127,120
7,122,121
7,123,172
7,125,124
7,128,144
7,143,129
7,160,130
7,134,131
7,162,132
7,133,171
7,170,137
7,178,138
7,139,166
7,185,140
7,151,141
7,187,142
7,155,145
7,146,154
7,147,159
7,153,148
7,152,183
7,156,167
7,182,157
7,158,181
7,189,161
7,165,168
7,173,180
7,186,174
7,191,175
7,176,179
7,184,177
7,196,192
7,193,200
7,194,202
7,195,201
7,199,197
7,203,198
7,204,253
7,205,225
7,206,258
7,217,207
7,208,218
7,222,209
7,224,210
7,213,211
7,212,215
7,220,214
7,226,216
7,219,232
7,227,221
7,233,223
7,231,228
7,254,229
7,250,230
7,234,246
7,243,235
7,239,236
7,237,247
7,257,238
7,240,248
7,241,256
7,244,242
7,245,255
7,249,259
7,263,251
7,262,252
7,260,261
7,264,275
7,265,283
7,289,266
7,306,267
7,276,268
7,319,269
7,270,277
7,280,271
7,282,272
7,273,285
7,274,281
7,302,278
7,287,279
7,286,284
7,318,288
7,290,312
7,291,311
7,292,305
7,293,304
7,294,317
7,295,320
7,296,300
7,297,301
7,303,298
7,309,299
7,307,310
7,314,308
7,313,315
7,321,316
7,322,326
7,323,331
7,324,328
7,325,330
7,327,340
7,338,329
7,342,332
7,333,337
7,334,339
7,335,343
7,341,336
7,345,344
7,346,352
7,347,361
7,348,357
7,368,349
7,350,355
7,351,367
7,379,353
7,382,354
7,375,356
7,358,374
7,359,364
7,360,390
7,362,414
7,363,376
7,415,365
7,366,384
7,369,373
7,371,370
7,388,372
7,413,377
7,378,389
7,411,380
7,381,425
7,387,383
7,386,385
7,391,412
7,392,396
7,404,393
7,410,394
7,395,424
7,422,397
7,405,398
7,420,399
7,408,400
7,401,421
7,418,402
7,403,409
7,406,423
7,407,419
7,417,416
7,426,492
7,427,496
7,428,481
7,429,474
7,430,455
7,447,431
7,454,432
7,490,433
7,434,436
7,450,435
7,437,461
7,439,438
7,457,440
7,467,441
7,442,453
7,443,485
7,444,473
7,445,476
7,522,446
7,449,448
7,451,509
7,508,452
7,456,519
7,500,458
7,510,459
7,460,464
7,498,462
7,463,506
7,465,525
7,470,466
7,468,512
7,505,469
7,493,471
7,513,472
7,478,475
7,514,477
7,479,483
7,482,480
7,484,494
7,486,518
7,487,497
7,501,488
7,489,495
7,499,491
7,502,524
7,503,504
7,520,507
7,523,511
7,516,515
7,517,521
7,529,526
7,543,527
7,539,528
7,536,530
7,531,535
7,542,532
7,534,533
7,537,538
7,540,541
7,544,561
7,545,565
7,546,597
7,547,550
7,569,548
7,549,553
7,563,551
7,557,552
7,554,595
7,555,560
7,572,556
7,558,567
7,559,591
7,570,562
7,571,564
7,566,568
7,573,580
7,578,574
7,587,575
7,576,598
7,579,577
7,581,586
7,593,582
7,583,599
7,584,594
7,590,585
7,589,588
7,592,596
7,610,600
7,601,611
7,616,602
7,621,603
7,604,613
7,614,605
7,617,606
7,607,636
7,608,632
7,619,609
7,612,631
7,633,615
7,625,618
7,644,620
7,626,622
7,623,629
7,634,624
7,651,627
7,637,628
7,642,630
7,641,635
7,655,638
7,639,649
7,640,650
7,652,643
7,645,646
7,653,647
7,648,654
7,668,656
7,661,657
7,658,666
7,659,660
7,662,663
7,664,665
7,667,671
7,672,669
7,673,670
7,674,713
7,675,682
7,717,676
7,677,706
7,684,678
7,680,679
7,698,681
7,699,683
7,696,685
7,686,718
7,687,688
7,689,692
7,690,694
7,729,691
7,693,697
7,705,695
7,700,719
7,704,701
7,702,707
7,726,703
7,708,724
7,709,711
7,722,710
7,716,712
7,723,714
7,728,715
7,720,721
7,725,727
7,742,730
7,731,784
7,732,739
7,733,756
7,782,734
7,743,735
7,751,736
7,760,737
7,779,738
7,740,768
7,741,772
7,744,769
7,776,745
7,755,746
7,778,747
7,748,775
7,770,749
7,750,753
7,773,752
7,754,777
7,757,781
7,758,767
7,789,759
7,771,761
7,766,762
7,774,763
7,786,764
7,788,765
7,780,783
7,785,787
7,790,798
7,791,793
7,792,803
7,794,795
7,796,802
7,797,799
7,800,801
7,835,804
7,805,816
7,806,820
7,807,830
7,808,819
7,821,809
7,814,810
7,815,811
7,817,812
7,813,818
7,826,822
7,837,823
7,824,839
7,827,825
7,838,828
7,832,829
7,831,833
7,834,836
7,840,843
7,841,857
7,875,842
7,844,851
7,856,845
7,854,846
7,847,868
7,848,866
7,853,849
7,855,850
7,852,867
7,858,869
7,865,859
7,863,860
7,864,861
7,872,862
7,874,870
7,873,871
7,876,899
7,877,892
7,878,880
7,887,879
7,881,888
7,883,882
7,885,884
7,886,896
7,891,889
7,890,895
7,893,898
7,897,894
7,929,900
7,937,901
7,906,902
7,917,903
7,904,907
7,905,919
7,914,908
7,909,932
7,930,910
7,911,927
7,935,912
7,913,938
7,921,915
7,922,916
7,939,918
7,924,920
7,926,923
7,925,948
7,928,945
7,949,931
7,934,933
7,936,946
7,944,940
7,943,941
7,942,947
7,955,950
7,952,951
7,953,967
7,989,954
7,962,956
7,957,970
7,965,958
7,959,960
7,986,961
7,984,963
7,964,987
7,999,966
7,983,968
7,969,992
7,971,980
7,995,972
7,973,985
7,996,974
7,975,981
7,998,976
7,978,977
7,993,979
7,982,990
7,988,997
7,991,994
7,1007,1000
7,1001,1002
7,1013,1003
7,1010,1004
7,1005,1009
7,1011,1006
7,1008,1012
7,1026,1014
7,1017,1015
7,1016,1024
7,1038,1018
7,1019,1039
7,1020,1027
7,1029,1021
7,1022,1040
7,1025,1023
7,1028,1030
7,1031,1034
7,1032,1047
7,1048,1033
7,1035,1046
7,1036,1044
7,1049,1037
7,1041,1043
7,1045,1042
7,1051,1050
7,1070,1052
7,1053,1058
7,1086,1054
7,1055,1056
7,1057,1061
7,1059,1076
7,1060,1083
7,1062,1064
7,1063,1079
7,1065,1078
7,1077,1066
7,1069,1067
7,1089,1068
7,1072,1071
7,1073,1084
7,1075,1074
7,1082,1080
7,1081,1087
7,1088,1085
7,1090,1093
7,1091,1111
7,1102,1092
7,1094,1101
7,1095,1099
7,1097,1096
7,1098,1100
7,1109,1103
7,1110,1104
7,1105,1107
7,1113,1106
7,1108,1112
7,1114,1140
7,1148,1115
7,1141,1116
7,1117,1132
7,1129,1118
7,1131,1119
7,1120,1143
7,1138,1121
7,1136,1122
7,1123,1149
7,1125,1124
7,1126,1134
7,1127,1133
7,1128,1144
7,1142,1130
7,1139,1135
7,1137,1145
7,1146,1147
7,1150,1154
7,1159,1151
7,1155,1152
7,1153,1163
7,1156,1189
7,1161,1157
7,1171,1158
7,1160,1169
7,1162,1184
7,1164,1175
7,1172,1165
7,1186,1166
7,1167,1193
7,1168,1170
7,1182,1173
7,1194,1174
7,1176,1195
7,1187,1177
7,1191,1178
7,1188,1179
7,1192,1180
7,1183,1181
7,1185,1190
7,1207,1196
7,1197,1199
7,1198,1208
7,1200,1206
7,1210,1201
7,1202,1209
7,1203,1204
7,1211,1205
7,1225,1212
7,1217,1213
7,1214,1222
7,1215,1221
7,1227,1216
7,1218,1219
7,1220,1229
7,1226,1223
7,1224,1228
7,1231,1230
7,1248,1232
7,1250,1233
7,1234,1238
7,1235,1239
7,1236,1247
7,1242,1237
7,1240,1252
7,1246,1241
7,1245,1243
7,1244,1249
7,1251,1254
7,1255,1253
7,1256,1259
7,1258,1257
7,1280,1260
7,1261,1272
7,1268,1262
7,1267,1263
7,1283,1264
7,1281,1265
7,1274,1266
7,1269,1282
7,1270,1273
7,1271,1276
7,1279,1275
7,1278,1277
7,1284,1290
7,1316,1285
7,1286,1315
7,1287,1311
7,1288,1292
7,1289,1294
7,1293,1291
7,1295,1302
7,1296,1299
7,1319,1297
7,1300,1298
7,1301,1306
7,1303,1322
7,1314,1304
7,1317,1305
7,1321,1307
7,1309,1308
7,1312,1310
7,1320,1313
7,1323,1318
7,1345,1324
7,1328,1325
7,1326,1357
7,1327,1362
7,1340,1329
7,1330,1338
7,1358,1331
7,1332,1334
7,1365,1333
7,1375,1335
7,1336,1344
7,1339,1337
7,1360,1341
7,1356,1342
7,1343,1364
7,1349,1346
7,1367,1347
7,1348,1370
7,1353,1350
7,1351,1355
7,1368,1352
7,1354,1359
7,1369,1361
7,1363,1372
7,1374,1366
7,1371,1373
7,1383,1376
7,1377,1379
7,1378,1393
7,1380,1384
7,1395,1381
7,1389,1382
7,1396,1385
7,1386,1397
7,1387,1390
7,1388,1392
7,1391,1399
7,1398,1394
7,1403,1400
7,1409,1401
7,1402,1404
7,1405,1410
7,1406,1423
7,1428,1407
7,1408,1411
7,1412,1420
7,1413,1416
7,1422,1414
7,1415,1430
7,1425,1417
7,1418,1424
7,1429,1419
7,1426,1421
7,1433,1427
7,1431,1432
7,1434,1457
7,1435,1455
7,1463,1436
7,1444,1437
7,1438,1441
7,1439,1443
7,1452,1440
7,1442,1449
7,1456,1445
7,1446,1453
7,1447,1472
7,1450,1448
7,1451,1460
7,1469,1454
7,1461,1458
7,1464,1459
7,1462,1465
7,1466,1470
7,1473,1467
7,1471,1468
8,0,1
8,13,2
8,3,15
8,14,4
8,5,10
8,9,6
8,7,8
8,12,11
8,70,16
8,24,17
8,18,37
8,88,19
8,87,20
8,92,21
8,22,25
8,35,23
8,26,84
8,49,27
8,51,28
8,33,29
8,38,30
8,48,31
8,46,32
8,34,45
8,56,36
8,39,58
8,40,57
8,53,41
8,42,59
8,54,43
8,44,47
8,85,50
8,52,55
8,62,60
8,86,61
8,63,79
8,64,93
8,95,65
8,66,74
8,68,67
8,80,69
8,91,71
8,72,78
8,73,75
8,94,76
8,77,81
8,89,82
8,90,83
8,97,96
8,98,104
8,102,99
8,105,100
8,132,101
8,109,103
8,172,106
8,107,189
8,130,108
8,110,131
8,144,111
8,163,112
8,115,113
8,114,162
8,116,123
8,117,164
8,118,134
8,168,119
8,122,120
8,121,126
8,170,124
8,125,127
8,128,151
8,129,179
8,133,136
8,177,135
8,138,137
8,171,139
8,140,149
8,141,152
8,174,142
8,143,178
8,145,180
8,155,146
8,147,150
8,148,185
8,159,153
8,156,154
8,157,191
8,167,158
8,161,160
8,165,188
8,190,166
8,169,176
8,183,173
8,175,182
8,181,184
8,187,186
8,192,203
8,197,193
8,199,194
8,200,195
8,198,196
8,202,201
8,208,204
8,258,205
8,259,206
8,207,219
8,229,209
8,217,210
8,211,231
8,212,213
8,214,223
8,216,215
8,218,227
8,221,220
8,230,222
8,228,224
8,233,225
8,232,226
8,245,234
8,235,261
8,236,260
8,238,237
8,255,239
8,256,240
8,241,250
8,242,263
8,247,243
8,244,262
8,246,248
8,249,254
8,257,251
8,252,253
8,264,279
8,265,286
8,266,274
8,267,319
8,268,287
8,269,298
8,275,270
8,271,297
8,272,309
8,289,273
8,303,276
8,277,284
8,278,285
8,300,280
8,281,302
8,301,282
8,283,310
8,305,288
8,296,290
8,304,291
8,316,292
8,294,293
8,313,295
8,307,299
8,306,317
8,308,320
8,311,314
8,312,315
8,318,321
8,340,322
8,330,323
8,324,342
8,339,325
8,331,326
8,328,327
8,329,336
8,332,334
8,333,341
8,338,335
8,337,343
8,344,391
8,404,345
8,353,346
8,416,347
8,376,348
8,349,415
8,384,350
8,354,351
8,352,378
8,355,420
8,356,362
8,374,357
8,363,358
8,365,359
8,360,413
8,361,417
8,364,366
8,367,385
8,381,368
8,388,369
8,370,386
8,389,371
8,387,372
8,373,383
8,377,375
8,414,379
8,380,402
8,382,393
8,390,411
8,397,392
8,394,396
8,395,407
8,398,424
8,399,408
8,409,400
8,412,401
8,403,405
8,419,406
8,425,410
8,421,418
8,422,423
8,475,426
8,481,427
8,428,470
8,455,429
8,451,430
8,431,524
8,432,478
8,433,435
8,453,434
8,436,441
8,440,437
8,438,449
8,439,444
8,519,442
8,443,487
8,446,445
8,447,456
8,501,448
8,491,450
8,452,510
8,454,517
8,461,457
8,458,498
8,459,460
8,462,509
8,463,508
8,464,467
8,512,465
8,466,496
8,484,468
8,469,506
8,471,477
8,472,514
8,473,521
8,474,482
8,476,516
8,497,479
8,518,480
8,483,492
8,507,485
8,495,486
8,488,499
8,489,520
8,490,500
8,493,503
8,494,505
8,511,502
8,504,525
8,515,513
8,522,523
8,526,542
8,527,536
8,535,528
8,530,529
8,541,531
8,532,537
8,540,533
8,538,534
8,539,543
8,544,547
8,577,545
8,591,546
8,548,572
8,549,550
8,562,551
8,571,552
8,567,553
8,588,554
8,555,563
8,560,556
8,557,559
8,565,558
8,561,566
8,564,569
8,568,570
8,597,573
8,598,574
8,594,575
8,599,576
8,578,587
8,580,579
8,589,581
8,582,596
8,584,583
8,585,593
8,586,592
8,595,590
8,600,601
8,602,609
8,603,616
8,604,619
8,607,605
8,606,640
8,611,608
8,630,610
8,614,612
8,613,631
8,615,617
8,646,618
8,635,620
8,632,621
8,637,622
8,623,652
8,624,627
8,643,625
8,649,626
8,628,647
8,650,629
8,636,633
8,634,651
8,638,648
8,653,639
8,642,641
8,654,644
8,655,645
8,656,662
8,657,659
8,658,664
8,660,665
8,661,672
8,663,673
8,666,670
8,669,667
8,671,668
8,695,674
8,713,675
8,676,716
8,677,708
8,678,705
8,693,679
8,699,680
8,681,697
8,706,682
8,683,700
8,684,696
8,702,685
8,686,726
8,687,727
8,721,688
8,719,689
8,692,690
8,701,691
8,704,694
8,707,698
8,703,725
8,712,709
8,710,714
8,715,711
8,717,720
8,718,724
8,722,723
8,729,728
8,761,730
8,787,731
8,758,732
8,733,748
8,734,789
8,735,782
8,760,736
8,750,737
8,756,738
8,739,740
8,741,769
8,746,742
8,743,751
8,744,773
8,745,778
8,747,777
8,784,749
8,752,768
8,753,754
8,781,755
8,763,757
8,759,779
8,762,783
8,775,764
8,765,771
8,766,780
8,767,785
8,786,770
8,772,776
8,774,788
8,799,790
8,792,791
8,793,796
8,802,794
8,795,800
8,797,803
8,798,801
8,804,808
8,830,805
8,809,806
8,813,807
8,810,816
8,811,831
8,812,820
8,833,814
8,818,815
8,817,819
8,821,822
8,828,823
8,836,824
8,825,837
8,826,827
8,829,838
8,839,832
8,835,834
8,869,840
8,854,841
8,866,842
8,855,843
8,849,844
8,845,847
8,846,865
8,868,848
8,850,852
8,867,851
8,856,853
8,857,858
8,872,859
8,860,864
8,861,873
8,875,862
8,870,863
8,871,874
8,896,876
8,877,889
8,884,878
8,879,885
8,880,897
8,887,881
8,888,882
8,883,886
8,894,890
8,891,893
8,895,892
8,899,898
8,900,930
8,901,906
8,902,944
8,903,907
8,915,904
8,918,905
8,908,935
8,937,909
8,910,926
8,932,911
8,916,912
8,913,941
8,920,914
8,923,917
8,919,938
8,922,921
8,936,924
8,927,925
8,940,928
8,931,929
8,933,945
8,946,934
8,943,939
8,948,942
8,947,949
8,950,954
8,951,971
8,985,952
8,970,953
8,958,955
8,956,963
8,960,957
8,966,959
8,961,999
8,962,964
8,965,984
8,967,986
8,974,968
8,969,993
8,972,998
8,994,973
8,975,997
8,979,976
8,977,989
8,990,978
8,980,996
8,981,982
8,992,983
8,987,991
8,988,995
8,1000,1011
8,1001,1005
8,1002,1009
8,1003,1010
8,1004,1008
8,1006,1013
8,1012,1007
8,1040,1014
8,1015,1043
8,1044,1016
8,1019,1017
8,1041,1018
8,1024,1020
8,1021,1026
8,1022,1025
8,1039,1023
8,1027,1029
8,1028,1036
8,1047,1030
8,1045,1031
8,1042,1032
8,1033,1038
8,1034,1048
8,1037,1035
8,1046,1049
8,1050,1062
8,1051,1059
8,1079,1052
8,1053,1086
8,1054,1087
8,1055,1061
8,1056,1063
8,1078,1057
8,1080,1058
8,1082,1060
8,1064,1081
8,1076,1065
8,1066,1075
8,1067,1070
8,1068,1088
8,1085,1069
8,1071,1073
8,1077,1072
8,1074,1089
8,1083,1084
8,1096,1090
8,1106,1091
8,1092,1098
8,1093,1103
8,1094,1110
8,1095,1102
8,1101,1097
8,1099,1104
8,1100,1108
8,1112,1105
8,1107,1109
8,1113,1111
8,1127,1114
8,1115,1131
8,1116,1117
8,1124,1118
8,1132,1119
8,1142,1120
8,1121,1141
8,1122,1148
8,1123,1128
8,1125,1126
8,1133,1129
8,1134,1130
8,1135,1136
8,1149,1137
8,1147,1138
8,1140,1139
8,1144,1143
8,1146,1145
8,1150,1151
8,1152,1188
8,1169,1153
8,1154,1165
8,1155,1162
8,1166,1156
8,1157,1163
8,1158,1159
8,1186,1160
8,1189,1161
8,1170,1164
8,1167,1176
8,1175,1168
8,1172,1171
8,1173,1194
8,1174,1185
8,1178,1177
8,1182,1179
8,1180,1187
8,1181,1190
8,1193,1183
8,1184,1191
8,1195,1192
8,1196,1205
8,1208,1197
8,1206,1198
8,1209,1199
8,1200,1210
8,1201,1203
8,1207,1202
8,1211,1204
8,1212,1227
8,1213,1216
8,1219,1214
8,1215,1218
8,1217,1229
8,1222,1220
8,1221,1225
8,1223,1224
8,1231,1226
8,1228,1230
8,1232,1255
8,1233,1236
8,1240,1234
8,1254,1235
8,1237,1250
8,1238,1248
8,1241,1239
8,1252,1242
8,1243,1246
8,1258,1244
8,1245,1253
8,1247,1257
8,1249,1256
8,1259,1251
8,1260,1271
8,1266,1261
8,1279,1262
8,1263,1268
8,1277,1264
8,1265,1274
8,1272,1267
8,1273,1269
8,1283,1270
8,1275,1280
8,1276,1281
8,1282,1278
8,1319,1284
8,1285,1320
8,1297,1286
8,1315,1287
8,1288,1293
8,1299,1289
8,1312,1290
8,1318,1291
8,1292,1300
8,1296,1294
8,1298,1295
8,1313,1301
8,1305,1302
8,1314,1303
8,1304,1321
8,1306,1308
8,1307,1317
8,1311,1309
8,1310,1323
8,1322,1316
8,1324,1328
8,1325,1348
8,1335,1326
8,1371,1327
8,1329,1358
8,1330,1339
8,1331,1360
8,1337,1332
8,1333,1336
8,1334,1365
8,1364,1338
8,1351,1340
8,1341,1350
8,1342,1343
8,1344,1367
8,1345,1356
8,1346,1362
8,1347,1361
8,1349,1374
8,1352,1359
8,1353,1366
8,1355,1354
8,1357,1372
8,1373,1363
8,1368,1369
8,1375,1370
8,1376,1392
8,1382,1377
8,1381,1378
8,1379,1393
8,1394,1380
8,1383,1391
8,1399,1384
8,1386,1385
8,1387,1395
8,1389,1388
8,1397,1390
8,1398,1396
8,1400,1402
8,1401,1423
8,1409,1403
8,1404,1408
8,1411,1405
8,1410,1406
8,1427,1407
8,1431,1412
8,1424,1413
8,1414,1418
8,1415,1419
8,1430,1416
8,1417,1421
8,1420,1426
8,1429,1422
8,1432,1425
8,1433,1428
8,1449,1434
8,1435,1456
8,1436,1446
8,1437,1466
8,1442,1438
8,1439,1463
8,1440,1443
8,1441,1444
8,1445,1471
8,1447,1467
8,1453,1448
8,1454,1450
8,1451,1455
8,1457,1452
8,1458,1462
8,1461,1459
8,1460,1469
8,1473,1464
8,1465,1472
8,1468,1470
9,11,0
9,1,12
9,2,3
9,4,15
9,14,5
9,13,6
9,7,9
9,10,8
9,16,51
9,17,92
9,30,18
9,19,24
9,20,21
9,22,38
9,23,62
9,49,25
9,26,50
9,27,85
9,28,87
9,29,40
9,31,32
9,84,33
9,34,46
9,35,42
9,36,53
9,37,52
9,41,39
9,58,43
9,88,44
9,45,61
9,54,47
9,48,95
9,59,55
9,57,56
9,60,94
9,63,72
9,66,64
9,65,78
9,67,73
9,86,68
9,69,81
9,70,91
9,83,71
9,74,89
9,93,75
9,79,76
9,77,80
9,82,90
9,96,143
9,151,97
9,142,98
9,99,103
9,190,100
9,101,118
9,112,102
9,104,115
9,119,105
9,106,125
9,164,107
9,108,161
9,186,109
9,110,170
9,116,111
9,136,113
9,114,133
9,160,117
9,120,169
9,139,121
9,124,122
9,126,123
9,127,171
9,149,128
9,144,129
9,130,188
9,131,132
9,163,134
9,141,135
9,137,175
9,138,177
9,150,140
9,166,145
9,146,181
9,152,147
9,184,148
9,153,174
9,154,167
9,191,155
9,176,156
9,180,157
9,182,158
9,159,187
9,172,162
9,189,165
9,179,168
9,173,185
9,178,183
9,198,192
9,193,194
9,202,195
9,200,196
9,203,197
9,201,199
9,204,249
9,226,205
9,253,206
9,232,207
9,210,208
9,209,227
9,216,211
9,214,212
9,213,241
9,215,233
9,221,217
9,218,219
9,231,220
9,228,222
9,223,224
9,225,258
9,229,240
9,255,230
9,247,234
9,235,246
9,250,236
9,248,237
9,254,238
9,261,239
9,242,245
9,243,244
9,251,256
9,252,260
9,259,257
9,263,262
9,310,264
9,282,265
9,268,266
9,267,301
9,270,269
9,321,271
9,281,272
9,273,286
9,274,283
9,275,309
9,276,307
9,279,277
9,278,303
9,280,290
9,284,289
9,285,297
9,320,287
9,288,293
9,291,296
9,319,292
9,316,294
9,299,295
9,298,302
9,300,306
9,304,318
9,317,305
9,308,312
9,315,311
9,314,313
9,331,322
9,326,323
9,325,324
9,327,330
9,340,328
9,329,332
9,339,333
9,343,334
9,341,335
9,336,338
9,342,337
9,408,344
9,345,367
9,351,346
9,396,347
9,348,386
9,349,416
9,366,350
9,415,352
9,368,353
9,354,379
9,355,399
9,356,374
9,357,361
9,358,360
9,376,359
9,362,365
9,385,363
9,364,413
9,369,381
9,370,388
9,383,371
9,372,389
9,373,382
9,424,375
9,377,414
9,378,384
9,380,401
9,393,387
9,390,425
9,391,409
9,392,419
9,407,394
9,398,395
9,423,397
9,400,403
9,402,421
9,405,404
9,406,410
9,411,417
9,420,412
9,418,422
9,426,501
9,427,428
9,429,440
9,508,430
9,431,518
9,473,432
9,442,433
9,434,487
9,435,457
9,453,436
9,437,462
9,438,444
9,461,439
9,441,490
9,466,443
9,479,445
9,446,456
9,496,447
9,448,498
9,491,449
9,500,450
9,460,451
9,459,452
9,521,454
9,488,455
9,499,458
9,483,463
9,480,464
9,513,465
9,520,467
9,505,468
9,503,469
9,470,486
9,517,471
9,472,484
9,507,474
9,475,489
9,495,476
9,477,515
9,478,504
9,502,481
9,523,482
9,485,511
9,492,519
9,494,493
9,506,497
9,509,510
9,525,512
9,514,516
9,524,522
9,530,526
9,541,527
9,528,538
9,529,535
9,531,543
9,533,532
9,534,542
9,536,539
9,537,540
9,562,544
9,550,545
9,546,549
9,547,568
9,548,564
9,551,569
9,552,559
9,553,561
9,581,554
9,572,555
9,556,565
9,563,557
9,558,560
9,566,567
9,570,571
9,587,573
9,574,577
9,575,578
9,583,576
9,579,594
9,580,599
9,590,582
9,598,584
9,585,595
9,596,586
9,592,588
9,593,589
9,597,591
9,640,600
9,651,601
9,602,621
9,629,603
9,618,604
9,605,636
9,627,606
9,612,607
9,616,608
9,609,617
9,610,635
9,615,611
9,613,655
9,620,614
9,619,642
9,622,649
9,625,623
9,652,624
9,638,626
9,628,645
9,641,630
9,631,637
9,632,633
9,650,634
9,654,639
9,647,643
9,646,644
9,648,653
9,665,656
9,666,657
9,662,658
9,667,659
9,671,660
9,664,661
9,668,663
9,673,669
9,670,672
9,711,674
9,675,729
9,688,676
9,698,677
9,678,683
9,679,692
9,680,700
9,681,708
9,682,702
9,694,684
9,685,695
9,712,686
9,726,687
9,689,690
9,691,693
9,696,704
9,697,709
9,719,699
9,701,707
9,703,721
9,705,706
9,723,710
9,716,713
9,714,725
9,715,722
9,727,717
9,718,728
9,724,720
9,730,743
9,745,731
9,736,732
9,779,733
9,785,734
9,752,735
9,737,789
9,738,765
9,747,739
9,740,772
9,773,741
9,742,753
9,777,744
9,769,746
9,748,759
9,749,767
9,751,750
9,768,754
9,755,757
9,756,774
9,787,758
9,770,760
9,761,780
9,762,781
9,764,763
9,783,766
9,771,784
9,788,775
9,776,778
9,782,786
9,790,800
9,791,797
9,796,792
9,793,794
9,801,795
9,798,802
9,803,799
9,810,804
9,808,805
9,806,811
9,831,807
9,833,809
9,812,825
9,819,813
9,814,815
9,816,821
9,820,817
9,818,835
9,822,838
9,823,826
9,824,837
9,834,827
9,839,828
9,836,829
9,830,832
9,840,855
9,841,844
9,842,854
9,843,868
9,851,845
9,874,846
9,847,870
9,848,875
9,867,849
9,850,853
9,852,856
9,857,864
9,858,871
9,859,866
9,862,860
9,861,865
9,863,873
9,869,872
9,886,876
9,897,877
9,878,894
9,882,879
9,880,887
9,881,885
9,889,883
9,888,884
9,898,890
9,892,891
9,893,896
9,895,899
9,910,900
9,901,931
9,902,927
9,935,903
9,904,923
9,907,905
9,906,918
9,932,908
9,909,924
9,911,936
9,912,917
9,916,913
9,914,949
9,941,915
9,919,921
9,920,922
9,925,933
9,945,926
9,944,928
9,938,929
9,930,946
9,940,934
9,939,937
9,942,943
9,947,948
9,950,962
9,951,975
9,967,952
9,953,990
9,954,988
9,986,955
9,996,956
9,957,965
9,958,966
9,961,959
9,964,960
9,963,970
9,968,979
9,983,969
9,971,998
9,977,972
9,974,973
9,976,985
9,982,978
9,994,980
9,997,981
9,987,984
9,995,989
9,991,993
9,999,992
9,1002,1000
9,1010,1001
9,1008,1003
9,1004,1012
9,1005,1011
9,1009,1006
9,1007,1013
9,1014,1032
9,1030,1015
9,1016,1026
9,1040,1017
9,1018,1046
9,1043,1019
9,1020,1022
9,1023,1021
9,1024,1039
9,1027,1025
9,1048,1028
9,1029,1037
9,1031,1047
9,1033,1036
9,1034,1045
9,1044,1035
9,1038,1042
9,1049,1041
9,1050,1085
9,1054,1051
9,1052,1088
9,1076,1053
9,1080,1055
9,1056,1064
9,1069,1057
9,1058,1078
9,1059,1060
9,1061,1081
9,1075,1062
9,1070,1063
9,1079,1065
9,1074,1066
9,1073,1067
9,1068,1082
9,1071,1089
9,1072,1086
9,1084,1077
9,1087,1083
9,1090,1094
9,1091,1113
9,1105,1092
9,1093,1108
9,1097,1095
9,1099,1096
9,1112,1098
9,1100,1110
9,1102,1101
9,1103,1107
9,1104,1106
9,1111,1109
9,1114,1131
9,1119,1115
9,1143,1116
9,1117,1121
9,1118,1134
9,1130,1120
9,1140,1122
9,1126,1123
9,1124,1129
9,1128,1125
9,1132,1127
9,1133,1142
9,1138,1135
9,1145,1136
9,1148,1137
9,1139,1146
9,1141,1147
9,1149,1144
9,1171,1150
9,1151,1175
9,1183,1152
9,1179,1153
9,1168,1154
9,1163,1155
9,1162,1156
9,1157,1169
9,1158,1172
9,1159,1186
9,1160,1167
9,1161,1194
9,1164,1189
9,1165,1170
9,1195,1166
9,1173,1176
9,1178,1174
9,1177,1182
9,1188,1180
9,1191,1181
9,1184,1192
9,1187,1185
9,1190,1193
9,1196,1197
9,1199,1198
9,1205,1200
9,1201,1207
9,1202,1203
9,1204,1208
9,1209,1206
9,1210,1211
9,1226,1212
9,1219,1213
9,1214,1215
9,1216,1221
9,1218,1217
9,1220,1227
9,1230,1222
9,1223,1231
9,1225,1224
9,1229,1228
9,1232,1241
9,1246,1233
9,1259,1234
9,1235,1237
9,1242,1236
9,1239,1238
9,1250,1240
9,1243,1244
9,1256,1245
9,1247,1251
9,1252,1248
9,1257,1249
9,1253,1258
9,1255,1254
9,1260,1265
9,1263,1261
9,1262,1273
9,1264,1269
9,1272,1266
9,1271,1267
9,1270,1268
9,1281,1274
9,1277,1275
9,1276,1282
9,1278,1283
9,1280,1279
9,1294,1284
9,1285,1289
9,1286,1311
9,1308,1287
9,1302,1288
9,1290,1315
9,1291,1292
9,1298,1293
9,1299,1295
9,1300,1296
9,1316,1297
9,1301,1317
9,1303,1319
9,1307,1304
9,1305,1314
9,1310,1306
9,1321,1309
9,1320,1312
9,1323,1313
9,1318,1322
9,1324,1373
9,1334,1325
9,1326,1329
9,1327,1348
9,1338,1328
9,1337,1330
9,1364,1331
9,1341,1332
9,1344,1333
9,1354,1335
9,1336,1339
9,1366,1340
9,1342,1345
9,1343,1365
9,1350,1346
9,1347,1369
9,1361,1349
9,1356,1351
9,1357,1352
9,1367,1353
9,1359,1355
9,1360,1358
9,1362,1374
9,1363,1368
9,1370,1371
9,1372,1375
9,1376,1387
9,1377,1383
9,1385,1378
9,1380,1379
9,1382,1381
9,1384,1397
9,1388,1386
9,1399,1389
9,1390,1396
9,1393,1391
9,1392,1394
9,1395,1398
9,1405,1400
9,1407,1401
9,1406,1402
9,1404,1403
9,1410,1408
9,1423,1409
9,1411,1427
9,1417,1412
9,1430,1413
9,1428,1414
9,1425,1415
9,1416,1433
9,1419,1418
9,1432,1420
9,1421,1431
9,1426,1422
9,1424,1429
9,1434,1445
9,1437,1435
9,1436,1471
9,1438,1468
9,1464,1439
9,1463,1440
9,1459,1441
9,1443,1442
9,1466,1444
9,1455,1446
9,1458,1447
9,1448,1454
9,1449,1461
9,1465,1450
9,1469,1451
9,1460,1452
9,1467,1453
9,1470,1456
9,1462,1457
9,1472,1473
