2486,Heuristic,i04,1
Time,Value 
7230,185634
7200,185634
7170,185634
7140,185669
7110,185669
7080,185669
7050,185669
7020,185692
6990,185705
6960,185705
6930,185705
6900,185705
6870,185741
6840,185741
6810,185743
6780,185751
6750,185751
6720,185756
6690,185763
6660,185771
6630,185771
6600,185771
6570,185771
6540,185771
6510,185771
6480,185773
6450,185775
6420,185775
6390,185817
6360,185817
6330,185817
6300,185817
6270,185817
6240,185817
6210,185817
6180,185817
6150,185817
6120,185817
6090,185817
6060,185817
6030,185817
6000,185817
5970,185817
5940,185817
5910,185817
5880,185822
5850,185845
5820,185869
5790,185869
5760,185875
5730,185895
5700,185910
5670,185910
5640,185911
5610,185929
5580,185965
5550,185965
5520,185967
5490,185967
5460,185972
5430,185972
5400,185972
5370,185972
5340,185979
5310,185981
5280,185982
5250,185982
5220,185982
5190,185985
5160,185985
5130,186026
5100,186026
5070,186027
5040,186028
5010,186035
4980,186045
4950,186045
4920,186057
4890,186064
4860,186091
4830,186134
4800,186158
4770,186187
4740,186200
4710,186214
4680,186223
4650,186224
4620,186262
4590,186277
4560,186277
4530,186278
4500,186288
4470,186288
4440,186288
4410,186310
4380,186320
4350,186321
4320,186321
4290,186352
4260,186352
4230,186402
4200,186411
4170,186437
4140,186438
4110,186439
4080,186449
4050,186466
4020,186471
3990,186471
3960,186507
3930,186507
3900,186523
3870,186526
3840,186545
3810,186554
1740,188358
1710,188392
1680,188439
1650,188455
1620,188469
1590,188590
1560,188671
1530,188706
1500,188733
1470,188766
1440,188784
1410,188827
1380,188854
1350,188907
1320,188937
1290,188940
1260,189105
1230,189134
1200,189235
1170,189252
1140,189279
1110,189322
1080,189343
1050,189390
1020,189431
990,189446
960,189483
930,189516
900,189569
870,189635
360,190487
330,190524
300,190546
270,190600
240,190647
210,190678
180,190707
150,190731
120,190758
90,190798
60,190809
30,190817
0,190861
390,190485
420,190273
450,190154
480,190139
510,190082
540,190071
570,190063
600,190061
630,189980
660,189959
690,189945
720,189821
750,189806
780,189778
810,189701
840,189658
1770,188274
1800,188160
1830,188156
1860,188148
1890,188038
1920,188025
1950,188015
1980,187987
2010,187886
2040,187867
2070,187830
2100,187822
2130,187802
2160,187783
2190,187742
2220,187715
2250,187620
2280,187582
2310,187574
2340,187541
2370,187535
2400,187497
2430,187435
2460,187428
2490,187383
2520,187379
2550,187376
2580,187357
2610,187348
2640,187344
2670,187316
2700,187298
2730,187296
2760,187273
2790,187270
2820,187153
2850,187153
2880,187136
2910,187080
2940,187078
2970,187066
3000,187059
3030,187035
3060,187018
3090,187013
3120,187004
3150,186976
3180,186919
3210,186918
3240,186892
3270,186847
3300,186842
3330,186836
3360,186824
3390,186808
3420,186773
3450,186734
3480,186720
3510,186711
3540,186685
3570,186649
3600,186647
3630,186647
3660,186619
3690,186600
3720,186568
3750,186558
3780,186556
Final, 185634,7231

Round,H_team,A_team 
0,8,0
0,1,3
0,7,2
0,4,9
0,6,5
0,14,10
0,12,11
0,22,13
0,25,15
0,16,17
0,19,18
0,20,21
0,24,23
0,32,26
0,36,27
0,30,28
0,29,33
0,31,37
0,35,34
0,38,46
0,39,51
0,53,40
0,42,41
0,43,48
0,44,52
0,55,45
0,68,47
0,50,49
0,56,54
0,57,65
0,58,62
0,70,59
0,60,61
0,67,63
0,64,71
0,69,66
0,99,72
0,73,115
0,95,74
0,75,79
0,91,76
0,100,77
0,78,103
0,104,80
0,120,81
0,82,86
0,85,83
0,84,125
0,87,88
0,89,101
0,90,105
0,92,128
0,93,130
0,131,94
0,96,97
0,102,98
0,114,106
0,107,117
0,108,148
0,116,109
0,135,110
0,111,127
0,113,112
0,145,118
0,119,144
0,121,133
0,123,122
0,146,124
0,147,126
0,136,129
0,132,137
0,149,134
0,138,141
0,139,140
0,143,142
0,152,150
0,151,228
0,153,166
0,154,169
0,155,172
0,156,179
0,158,157
0,160,159
0,161,162
0,163,173
0,190,164
0,165,180
0,171,167
0,176,168
0,170,214
0,174,223
0,215,175
0,177,219
0,178,188
0,181,224
0,182,206
0,212,183
0,185,184
0,186,194
0,213,187
0,189,233
0,191,207
0,237,192
0,193,204
0,195,198
0,196,200
0,197,209
0,208,199
0,201,202
0,203,230
0,205,234
0,222,210
0,211,216
0,218,217
0,220,229
0,227,221
0,226,225
0,232,231
0,236,235
0,238,246
0,244,239
0,240,252
0,245,241
0,247,242
0,249,243
0,248,253
0,251,250
0,266,254
0,274,255
0,256,259
0,257,265
0,271,258
0,261,260
0,262,268
0,263,287
0,264,270
0,267,273
0,272,269
0,275,296
0,276,279
0,297,277
0,278,284
0,280,294
0,283,281
0,282,292
0,291,285
0,293,286
0,295,288
0,289,299
0,298,290
0,300,325
0,301,316
0,302,342
0,303,304
0,310,305
0,306,307
0,308,330
0,309,334
0,311,312
0,322,313
0,335,314
0,321,315
0,317,318
0,320,319
0,347,323
0,338,324
0,326,350
0,327,345
0,340,328
0,351,329
0,333,331
0,332,348
0,336,339
0,349,337
0,341,352
0,343,344
0,346,353
0,356,354
0,362,355
0,374,357
0,358,379
0,361,359
0,364,360
0,366,363
0,365,371
0,378,367
0,381,368
0,369,370
0,372,387
0,373,383
0,375,385
0,384,376
0,382,377
0,380,386
0,397,388
0,443,389
0,390,392
0,391,408
0,393,399
0,400,394
0,411,395
0,396,415
0,413,398
0,401,423
0,403,402
0,404,417
0,405,407
0,418,406
0,419,409
0,424,410
0,412,448
0,416,414
0,462,420
0,422,421
0,435,425
0,426,427
0,460,428
0,431,429
0,430,454
0,432,453
0,433,434
0,436,461
0,438,437
0,446,439
0,440,455
0,441,442
0,444,445
0,447,451
0,449,457
0,452,450
0,465,456
0,459,458
0,464,463
0,488,466
0,467,481
0,495,468
0,469,476
0,471,470
0,472,483
0,484,473
0,522,474
0,475,482
0,477,491
0,478,487
0,479,494
0,480,521
0,485,540
0,486,499
0,532,489
0,523,490
0,492,498
0,493,524
0,496,497
0,500,545
0,502,501
0,504,503
0,543,505
0,519,506
0,514,507
0,508,535
0,509,544
0,511,510
0,512,546
0,518,513
0,515,527
0,516,547
0,517,531
0,539,520
0,538,525
0,528,526
0,530,529
0,534,533
0,536,537
0,541,542
0,548,552
0,554,549
0,550,566
0,551,556
0,558,553
0,567,555
0,557,570
0,559,561
0,569,560
0,563,562
0,565,564
0,572,568
0,571,573
0,603,574
0,575,606
0,584,576
0,577,581
0,578,586
0,579,580
0,611,582
0,583,593
0,589,585
0,597,587
0,591,588
0,595,590
0,594,592
0,612,596
0,605,598
0,623,599
0,600,608
0,618,601
0,613,602
0,604,615
0,607,616
0,610,609
0,614,622
0,617,620
0,621,619
0,624,675
0,632,625
0,673,626
0,639,627
0,628,631
0,629,674
0,636,630
0,633,637
0,638,634
0,635,641
0,647,640
0,642,643
0,670,644
0,645,646
0,648,678
0,653,649
0,676,650
0,660,651
0,652,679
0,654,656
0,671,655
0,663,657
0,677,658
0,667,659
0,661,662
0,669,664
0,665,666
0,672,668
1,0,7
1,1,24
1,9,2
1,15,3
1,5,4
1,6,8
1,10,20
1,11,19
1,13,12
1,21,14
1,16,25
1,17,23
1,18,22
1,26,35
1,27,37
1,28,31
1,30,29
1,32,36
1,33,34
1,38,71
1,53,39
1,49,40
1,41,45
1,68,42
1,52,43
1,56,44
1,46,55
1,47,48
1,50,66
1,54,51
1,57,64
1,65,58
1,63,59
1,69,60
1,61,62
1,70,67
1,76,72
1,73,137
1,74,147
1,75,96
1,105,77
1,78,87
1,88,79
1,80,102
1,81,95
1,82,93
1,83,92
1,84,91
1,86,85
1,89,90
1,94,125
1,98,97
1,106,99
1,103,100
1,101,104
1,107,138
1,108,126
1,109,114
1,144,110
1,112,111
1,146,113
1,115,122
1,139,116
1,134,117
1,118,119
1,128,120
1,121,127
1,145,123
1,124,135
1,129,132
1,130,131
1,143,133
1,149,136
1,141,140
1,148,142
1,171,150
1,194,151
1,152,184
1,172,153
1,166,154
1,161,155
1,158,156
1,157,168
1,159,173
1,162,160
1,163,236
1,164,170
1,174,165
1,167,179
1,169,218
1,175,188
1,180,176
1,183,177
1,187,178
1,181,215
1,228,182
1,186,185
1,227,189
1,224,190
1,212,191
1,209,192
1,210,193
1,221,195
1,235,196
1,199,197
1,198,230
1,200,202
1,237,201
1,208,203
1,204,205
1,225,206
1,207,226
1,232,211
1,213,214
1,216,222
1,223,217
1,219,229
1,233,220
1,231,234
1,253,238
1,239,247
1,242,240
1,248,241
1,243,245
1,250,244
1,246,251
1,252,249
1,286,254
1,260,255
1,269,256
1,257,262
1,258,259
1,268,261
1,288,263
1,273,264
1,265,272
1,271,266
1,267,270
1,298,274
1,275,284
1,277,276
1,279,278
1,280,283
1,281,294
1,299,282
1,285,293
1,287,295
1,289,297
1,292,290
1,296,291
1,342,300
1,332,301
1,302,304
1,350,303
1,305,309
1,334,306
1,307,314
1,308,317
1,312,310
1,315,311
1,313,341
1,316,322
1,330,318
1,319,337
1,340,320
1,331,321
1,338,323
1,324,346
1,343,325
1,336,326
1,351,327
1,344,328
1,329,352
1,333,335
1,339,345
1,348,347
1,353,349
1,354,373
1,355,381
1,384,356
1,357,369
1,380,358
1,359,379
1,360,361
1,362,366
1,363,364
1,365,378
1,368,367
1,374,370
1,371,382
1,372,375
1,376,386
1,385,377
1,383,387
1,388,398
1,396,389
1,420,390
1,416,391
1,419,392
1,447,393
1,394,423
1,395,444
1,414,397
1,399,400
1,409,401
1,402,417
1,418,403
1,408,404
1,450,405
1,406,407
1,410,411
1,457,412
1,415,413
1,421,452
1,424,422
1,425,426
1,427,451
1,428,435
1,429,438
1,437,430
1,459,431
1,463,432
1,433,461
1,434,460
1,456,436
1,439,443
1,440,465
1,458,441
1,455,442
1,445,462
1,453,446
1,448,449
1,454,464
1,466,497
1,467,470
1,468,476
1,469,513
1,483,471
1,542,472
1,473,541
1,474,492
1,481,475
1,490,477
1,493,478
1,482,479
1,488,480
1,485,484
1,498,486
1,487,524
1,529,489
1,491,522
1,494,496
1,495,539
1,499,507
1,500,508
1,501,516
1,502,515
1,503,532
1,504,518
1,505,545
1,506,543
1,525,509
1,510,526
1,511,533
1,520,512
1,531,514
1,547,517
1,540,519
1,521,523
1,527,536
1,535,528
1,530,538
1,534,544
1,537,546
1,566,548
1,549,551
1,555,550
1,553,552
1,557,554
1,556,567
1,558,569
1,564,559
1,560,565
1,562,561
1,571,563
1,570,568
1,573,572
1,574,594
1,601,575
1,576,611
1,577,597
1,582,578
1,579,591
1,580,584
1,581,587
1,592,583
1,585,586
1,596,588
1,590,589
1,593,595
1,615,598
1,599,605
1,616,600
1,602,620
1,603,613
1,604,617
1,606,619
1,622,607
1,608,610
1,612,609
1,614,623
1,621,618
1,637,624
1,625,641
1,626,630
1,643,627
1,657,628
1,629,642
1,639,631
1,632,638
1,633,648
1,659,634
1,645,635
1,636,647
1,646,640
1,644,663
1,664,649
1,660,650
1,651,673
1,652,671
1,662,653
1,654,658
1,655,672
1,656,668
1,661,666
1,669,665
1,679,667
1,678,670
1,674,676
1,675,677
2,0,1
2,2,4
2,3,16
2,5,8
2,24,6
2,7,17
2,9,15
2,10,22
2,13,11
2,21,12
2,23,14
2,25,18
2,20,19
2,37,26
2,28,27
2,31,29
2,34,30
2,35,32
2,33,36
2,41,38
2,45,39
2,40,54
2,51,42
2,43,68
2,46,44
2,47,53
2,48,52
2,71,49
2,67,50
2,55,56
2,62,57
2,66,58
2,59,69
2,60,70
2,61,63
2,64,65
2,72,100
2,99,73
2,97,74
2,125,75
2,77,76
2,88,78
2,79,98
2,101,80
2,81,87
2,90,82
2,83,105
2,85,84
2,104,86
2,91,89
2,92,120
2,131,93
2,94,129
2,96,95
2,102,103
2,133,106
2,116,107
2,117,108
2,148,109
2,110,113
2,111,145
2,112,146
2,114,115
2,123,118
2,119,124
2,122,121
2,126,149
2,127,144
2,147,128
2,130,132
2,137,134
2,135,143
2,136,141
2,140,138
2,142,139
2,150,185
2,151,182
2,194,152
2,153,159
2,154,176
2,155,166
2,156,231
2,157,167
2,179,158
2,160,172
2,236,161
2,173,162
2,235,163
2,165,164
2,168,171
2,169,174
2,217,170
2,178,175
2,191,177
2,214,180
2,187,181
2,183,207
2,184,186
2,188,223
2,203,189
2,220,190
2,192,200
2,193,212
2,230,195
2,201,196
2,197,210
2,225,198
2,199,237
2,202,209
2,234,204
2,205,232
2,206,216
2,226,208
2,222,211
2,215,213
2,218,224
2,219,228
2,229,221
2,233,227
2,238,242
2,240,239
2,241,251
2,243,248
2,244,247
2,245,253
2,252,246
2,249,250
2,254,274
2,255,268
2,264,256
2,266,257
2,272,258
2,259,265
2,262,260
2,261,295
2,263,271
2,269,267
2,270,273
2,276,275
2,290,277
2,278,285
2,284,279
2,296,280
2,292,281
2,294,282
2,283,289
2,299,286
2,287,288
2,291,293
2,297,298
2,300,308
2,324,301
2,307,302
2,303,305
2,304,319
2,306,310
2,335,309
2,311,333
2,321,312
2,337,313
2,314,331
2,315,330
2,316,332
2,322,317
2,318,334
2,320,349
2,323,348
2,325,338
2,326,351
2,327,343
2,328,350
2,344,329
2,345,336
2,346,339
2,352,340
2,342,341
2,347,353
2,354,355
2,369,356
2,357,375
2,363,358
2,359,380
2,379,360
2,367,361
2,364,362
2,386,365
2,381,366
2,368,374
2,370,384
2,387,371
2,378,372
2,377,373
2,383,376
2,385,382
2,389,388
2,390,445
2,391,415
2,392,395
2,393,394
2,398,396
2,397,425
2,399,409
2,400,447
2,401,419
2,402,412
2,417,403
2,407,404
2,452,405
2,406,413
2,408,414
2,410,421
2,411,424
2,426,416
2,427,418
2,444,420
2,423,422
2,434,428
2,429,437
2,430,463
2,431,462
2,432,458
2,439,433
2,435,436
2,438,464
2,442,440
2,454,441
2,443,460
2,461,446
2,448,457
2,451,449
2,456,450
2,453,459
2,465,455
2,479,466
2,475,467
2,497,468
2,489,469
2,470,485
2,472,471
2,473,483
2,474,490
2,476,488
2,477,478
2,480,504
2,481,482
2,519,484
2,486,491
2,492,487
2,498,493
2,524,494
2,546,495
2,521,496
2,532,499
2,543,500
2,513,501
2,517,502
2,518,503
2,533,505
2,506,541
2,507,534
2,544,508
2,510,509
2,526,511
2,536,512
2,514,528
2,515,547
2,520,516
2,522,523
2,529,525
2,531,527
2,545,530
2,538,535
2,539,537
2,542,540
2,567,548
2,550,549
2,551,566
2,552,556
2,554,553
2,555,557
2,564,558
2,569,559
2,568,560
2,561,570
2,565,562
2,563,573
2,572,571
2,575,574
2,609,576
2,584,577
2,578,579
2,580,590
2,594,581
2,597,582
2,588,583
2,593,585
2,586,592
2,587,612
2,595,589
2,591,614
2,596,611
2,598,599
2,600,622
2,601,617
2,606,602
2,618,603
2,605,604
2,610,607
2,608,616
2,619,613
2,623,615
2,620,621
2,625,624
2,647,626
2,627,628
2,643,629
2,630,648
2,631,638
2,635,632
2,646,633
2,634,637
2,640,636
2,642,639
2,641,645
2,659,644
2,649,677
2,650,679
2,651,674
2,672,652
2,653,675
2,666,654
2,678,655
2,662,656
2,657,671
2,658,669
2,667,660
2,668,661
2,663,670
2,665,664
2,673,676
3,2,0
3,7,1
3,3,9
3,4,6
3,17,5
3,8,24
3,11,10
3,12,18
3,14,13
3,15,16
3,19,23
3,20,25
3,22,21
3,36,26
3,27,34
3,29,28
3,30,35
3,32,31
3,37,33
3,68,38
3,39,52
3,40,55
3,51,41
3,42,47
3,45,43
3,44,48
3,54,46
3,49,66
3,50,61
3,58,53
3,59,56
3,63,57
3,60,62
3,70,64
3,65,71
3,67,69
3,72,118
3,73,90
3,74,81
3,75,78
3,100,76
3,99,77
3,79,97
3,80,88
3,131,82
3,84,83
3,85,94
3,86,92
3,87,103
3,102,89
3,105,91
3,93,137
3,95,101
3,96,130
3,98,104
3,106,119
3,107,140
3,108,116
3,109,149
3,110,145
3,113,111
3,124,112
3,139,114
3,115,142
3,126,117
3,120,147
3,121,123
3,135,122
3,132,125
3,127,133
3,129,128
3,136,134
3,138,148
3,141,143
3,146,144
3,150,184
3,151,180
3,186,152
3,155,153
3,170,154
3,167,156
3,179,157
3,168,158
3,161,159
3,173,160
3,162,236
3,172,163
3,164,178
3,165,217
3,166,235
3,176,169
3,171,213
3,190,174
3,218,175
3,177,228
3,223,181
3,182,183
3,185,194
3,188,187
3,189,224
3,208,191
3,201,192
3,211,193
3,195,219
3,196,237
3,226,197
3,198,222
3,209,199
3,229,200
3,202,230
3,206,203
3,204,231
3,216,205
3,207,212
3,210,225
3,214,215
3,227,220
3,221,233
3,234,232
3,239,238
3,240,241
3,242,244
3,251,243
3,246,245
3,247,248
3,253,249
3,250,252
3,261,254
3,255,273
3,256,270
3,267,257
3,258,269
3,288,259
3,266,260
3,262,298
3,274,263
3,265,264
3,268,287
3,271,272
3,277,275
3,285,276
3,295,278
3,279,296
3,280,292
3,289,281
3,282,286
3,291,283
3,293,284
3,290,297
3,294,299
3,331,300
3,301,346
3,349,302
3,303,320
3,309,304
3,305,306
3,335,307
3,321,308
3,310,314
3,334,311
3,337,312
3,313,332
3,318,315
3,323,316
3,317,333
3,319,342
3,330,322
3,353,324
3,348,325
3,352,326
3,340,327
3,345,328
3,329,343
3,350,336
3,339,338
3,341,351
3,347,344
3,370,354
3,356,355
3,373,357
3,358,381
3,365,359
3,367,360
3,361,363
3,362,368
3,366,364
3,369,385
3,371,383
3,372,384
3,374,377
3,375,378
3,382,376
3,379,380
3,387,386
3,388,401
3,436,389
3,462,390
3,413,391
3,392,444
3,400,393
3,394,399
3,395,447
3,396,424
3,397,398
3,405,402
3,403,427
3,404,418
3,417,406
3,407,408
3,409,410
3,422,411
3,412,432
3,414,426
3,419,415
3,451,416
3,420,445
3,423,421
3,457,425
3,428,456
3,441,429
3,465,430
3,440,431
3,433,435
3,446,434
3,437,453
3,459,438
3,460,439
3,442,454
3,461,443
3,452,448
3,449,450
3,464,455
3,463,458
3,466,481
3,471,467
3,468,520
3,469,477
3,472,470
3,540,473
3,482,474
3,488,475
3,494,476
3,478,521
3,524,479
3,497,480
3,484,483
3,485,542
3,487,486
3,504,489
3,490,503
3,523,491
3,493,492
3,502,495
3,496,522
3,499,498
3,509,500
3,501,514
3,535,505
3,525,506
3,526,507
3,508,531
3,543,510
3,538,511
3,512,539
3,547,513
3,537,515
3,516,517
3,518,532
3,541,519
3,528,527
3,545,529
3,530,534
3,544,533
3,546,536
3,548,565
3,566,549
3,556,550
3,551,554
3,552,555
3,557,553
3,573,558
3,559,560
3,561,572
3,562,571
3,563,564
3,570,567
3,569,568
3,574,601
3,577,575
3,576,591
3,589,578
3,583,579
3,609,580
3,581,596
3,582,612
3,584,586
3,620,585
3,587,595
3,588,594
3,590,593
3,592,597
3,598,604
3,622,599
3,600,623
3,602,621
3,619,603
3,617,605
3,613,606
3,607,608
3,611,610
3,615,614
3,616,618
3,624,639
3,647,625
3,626,636
3,631,627
3,628,663
3,629,657
3,635,630
3,641,632
3,638,633
3,634,640
3,637,646
3,674,642
3,671,643
3,644,645
3,648,659
3,661,649
3,652,650
3,679,651
3,668,653
3,677,654
3,655,667
3,656,669
3,658,665
3,676,660
3,675,662
3,666,664
3,670,672
3,673,678
4,0,9
4,1,2
4,8,3
4,4,17
4,16,5
4,6,7
4,24,10
4,23,11
4,12,20
4,15,13
4,18,14
4,19,21
4,25,22
4,26,27
4,28,37
4,29,32
4,33,30
4,34,31
4,35,36
4,38,51
4,46,39
4,44,40
4,43,41
4,52,42
4,47,45
4,48,55
4,49,67
4,53,50
4,54,58
4,56,68
4,57,61
4,66,59
4,71,60
4,62,65
4,63,64
4,69,70
4,87,72
4,77,73
4,74,120
4,75,129
4,76,85
4,78,97
4,147,79
4,80,119
4,81,96
4,82,84
4,91,83
4,89,86
4,104,88
4,90,100
4,92,136
4,93,99
4,137,94
4,98,95
4,101,102
4,103,105
4,111,106
4,149,107
4,134,108
4,109,141
4,115,110
4,112,127
4,144,113
4,133,114
4,143,116
4,117,148
4,118,121
4,124,122
4,123,135
4,125,130
4,128,126
4,132,131
4,138,139
4,142,140
4,145,146
4,194,150
4,177,151
4,152,185
4,169,153
4,154,172
4,160,155
4,156,176
4,157,171
4,158,173
4,159,236
4,163,161
4,162,235
4,175,164
4,189,165
4,166,170
4,167,168
4,174,227
4,213,178
4,231,179
4,180,215
4,181,218
4,184,182
4,186,183
4,187,214
4,217,188
4,233,190
4,191,203
4,192,230
4,207,193
4,200,195
4,196,229
4,225,197
4,198,199
4,209,201
4,237,202
4,232,204
4,205,226
4,212,206
4,211,208
4,210,216
4,221,219
4,228,220
4,222,234
4,224,223
4,248,238
4,239,242
4,246,240
4,241,253
4,243,252
4,244,245
4,250,247
4,251,249
4,254,283
4,257,255
4,287,256
4,258,262
4,269,259
4,260,288
4,267,261
4,268,263
4,264,271
4,270,265
4,274,266
4,273,272
4,275,290
4,276,297
4,296,277
4,281,278
4,279,291
4,298,280
4,284,282
4,289,285
4,286,294
4,292,293
4,299,295
4,316,300
4,322,301
4,302,305
4,307,303
4,304,337
4,306,335
4,308,313
4,309,310
4,311,330
4,312,319
4,314,315
4,317,321
4,331,318
4,342,320
4,353,323
4,324,348
4,325,339
4,326,327
4,328,341
4,329,340
4,332,347
4,333,334
4,336,344
4,338,346
4,343,345
4,349,350
4,351,352
4,377,354
4,355,357
4,356,379
4,364,358
4,359,362
4,360,366
4,381,361
4,363,365
4,380,367
4,384,368
4,373,369
4,382,370
4,376,371
4,386,372
4,385,374
4,375,383
4,378,387
4,388,423
4,389,401
4,444,390
4,391,402
4,445,392
4,393,395
4,447,394
4,413,396
4,424,397
4,415,398
4,399,449
4,410,400
4,403,451
4,404,406
4,418,405
4,450,407
4,408,452
4,411,409
4,425,412
4,422,414
4,416,417
4,421,419
4,448,420
4,426,457
4,427,456
4,428,436
4,440,429
4,430,459
4,431,441
4,464,432
4,458,433
4,434,443
4,435,446
4,455,437
4,463,438
4,439,461
4,462,442
4,460,453
4,454,465
4,476,466
4,467,482
4,536,468
4,469,504
4,470,540
4,484,471
4,541,472
4,542,473
4,474,478
4,475,524
4,503,477
4,481,479
4,480,523
4,483,485
4,493,486
4,487,538
4,496,488
4,489,499
4,522,490
4,491,497
4,529,492
4,521,494
4,495,512
4,498,532
4,500,544
4,547,501
4,520,502
4,505,526
4,506,509
4,507,508
4,510,519
4,511,543
4,513,528
4,514,518
4,517,515
4,531,516
4,525,530
4,527,537
4,533,545
4,534,535
4,539,546
4,553,548
4,549,556
4,550,551
4,554,552
4,555,561
4,567,557
4,558,570
4,572,559
4,560,563
4,562,564
4,571,565
4,568,566
4,573,569
4,574,600
4,575,587
4,589,576
4,577,595
4,580,578
4,579,590
4,581,588
4,583,582
4,585,584
4,586,594
4,591,609
4,593,592
4,596,597
4,623,598
4,599,608
4,621,601
4,603,602
4,604,616
4,610,605
4,606,620
4,614,607
4,612,611
4,613,617
4,615,622
4,618,619
4,636,624
4,649,625
4,626,648
4,627,642
4,632,628
4,660,629
4,630,647
4,657,631
4,633,644
4,639,634
4,640,635
4,637,638
4,646,641
4,643,674
4,645,670
4,650,655
4,671,651
4,652,676
4,653,661
4,654,665
4,656,658
4,659,663
4,662,668
4,664,677
4,672,666
4,667,673
4,669,675
4,678,679
5,5,0
5,9,1
5,2,16
5,3,6
5,24,4
5,7,8
5,10,15
5,11,17
5,22,12
5,13,19
5,14,20
5,21,18
5,23,25
5,34,26
5,27,33
5,32,28
5,36,29
5,31,30
5,37,35
5,42,38
5,39,43
5,40,50
5,41,52
5,45,44
5,46,68
5,55,47
5,56,48
5,58,49
5,53,51
5,65,54
5,57,69
5,61,59
5,64,60
5,62,63
5,66,70
5,71,67
5,119,72
5,92,73
5,88,74
5,120,75
5,76,90
5,77,89
5,78,96
5,95,79
5,103,80
5,97,81
5,83,82
5,86,84
5,85,93
5,99,87
5,100,91
5,94,132
5,125,98
5,105,101
5,104,102
5,106,137
5,134,107
5,140,108
5,142,109
5,110,112
5,144,111
5,113,135
5,114,123
5,133,115
5,116,138
5,117,147
5,118,146
5,121,124
5,122,143
5,126,136
5,145,127
5,128,131
5,130,129
5,141,139
5,148,149
5,213,150
5,152,151
5,153,163
5,158,154
5,155,170
5,156,232
5,172,157
5,159,162
5,236,160
5,173,161
5,164,187
5,223,165
5,169,166
5,176,167
5,180,168
5,224,171
5,174,181
5,217,175
5,190,177
5,178,214
5,179,205
5,191,182
5,183,194
5,184,207
5,185,212
5,203,186
5,215,188
5,228,189
5,192,198
5,193,234
5,195,201
5,202,196
5,197,208
5,199,225
5,200,233
5,204,211
5,206,222
5,230,209
5,231,210
5,216,226
5,220,218
5,219,227
5,235,221
5,229,237
5,238,240
5,253,239
5,242,241
5,247,243
5,244,251
5,245,250
5,249,246
5,252,248
5,254,282
5,261,255
5,256,288
5,273,257
5,265,258
5,259,287
5,260,274
5,263,262
5,294,264
5,266,267
5,272,268
5,299,269
5,270,271
5,278,275
5,276,291
5,277,284
5,285,279
5,297,280
5,286,281
5,283,292
5,293,289
5,290,295
5,298,296
5,300,322
5,301,308
5,310,302
5,303,309
5,304,349
5,305,335
5,311,306
5,333,307
5,318,312
5,320,313
5,314,321
5,315,331
5,316,342
5,334,317
5,340,319
5,323,324
5,346,325
5,343,326
5,327,329
5,328,351
5,330,337
5,339,332
5,352,336
5,338,347
5,344,341
5,345,350
5,348,353
5,354,374
5,355,370
5,357,356
5,358,366
5,363,359
5,380,360
5,361,362
5,364,381
5,379,365
5,367,372
5,368,378
5,383,369
5,386,371
5,385,373
5,387,375
5,377,376
5,384,382
5,443,388
5,389,435
5,390,393
5,396,391
5,392,399
5,394,444
5,395,400
5,421,397
5,398,409
5,401,411
5,402,404
5,408,403
5,405,416
5,406,452
5,407,413
5,410,422
5,412,465
5,414,415
5,417,427
5,418,426
5,419,424
5,420,431
5,423,451
5,436,425
5,446,428
5,429,459
5,438,430
5,432,455
5,433,460
5,461,434
5,437,458
5,453,439
5,454,440
5,441,464
5,442,463
5,445,449
5,450,447
5,448,462
5,456,457
5,466,480
5,472,467
5,468,488
5,518,469
5,483,470
5,471,541
5,473,485
5,474,493
5,486,475
5,476,482
5,477,521
5,491,478
5,479,496
5,494,481
5,540,484
5,499,487
5,489,513
5,490,498
5,492,524
5,537,495
5,497,522
5,533,500
5,501,517
5,512,502
5,523,503
5,532,504
5,505,529
5,506,538
5,528,507
5,527,508
5,511,509
5,510,534
5,514,535
5,515,536
5,516,539
5,519,542
5,546,520
5,545,525
5,526,543
5,544,530
5,531,547
5,564,548
5,565,549
5,557,550
5,553,551
5,552,558
5,556,554
5,570,555
5,559,563
5,560,573
5,571,561
5,568,562
5,566,567
5,572,569
5,585,574
5,575,596
5,576,614
5,588,577
5,578,591
5,609,579
5,611,580
5,612,581
5,582,587
5,597,583
5,584,593
5,595,586
5,592,589
5,594,590
5,608,598
5,607,599
5,604,600
5,601,606
5,619,602
5,603,621
5,605,615
5,616,610
5,620,613
5,617,618
5,622,623
5,641,624
5,625,626
5,627,629
5,642,628
5,644,630
5,631,643
5,632,637
5,634,633
5,635,636
5,638,646
5,639,657
5,640,659
5,663,645
5,654,647
5,648,670
5,658,649
5,667,650
5,651,652
5,653,656
5,655,666
5,679,660
5,664,661
5,662,677
5,665,675
5,668,669
5,674,671
5,673,672
5,676,678
6,0,6
6,1,4
6,2,3
6,9,5
6,10,7
6,8,15
6,20,11
6,12,19
6,18,13
6,22,14
6,16,23
6,17,24
6,25,21
6,26,31
6,29,27
6,28,35
6,30,36
6,33,32
6,37,34
6,38,39
6,58,40
6,54,41
6,48,42
6,43,71
6,44,47
6,45,46
6,51,49
6,50,56
6,52,53
6,68,55
6,60,57
6,59,64
6,69,61
6,70,62
6,65,63
6,67,66
6,72,106
6,73,82
6,74,75
6,105,76
6,91,77
6,98,78
6,79,120
6,80,95
6,81,88
6,93,83
6,84,89
6,102,85
6,130,86
6,87,101
6,90,99
6,94,92
6,96,104
6,97,103
6,136,100
6,107,109
6,108,138
6,127,110
6,135,111
6,112,144
6,113,118
6,143,114
6,141,115
6,140,116
6,149,117
6,119,142
6,146,121
6,122,145
6,124,123
6,131,125
6,126,148
6,137,128
6,129,147
6,132,134
6,139,133
6,150,180
6,151,186
6,183,152
6,153,154
6,218,155
6,168,156
6,157,176
6,167,158
6,196,159
6,161,160
6,162,163
6,188,164
6,165,224
6,166,172
6,170,169
6,171,215
6,235,173
6,175,174
6,177,203
6,178,189
6,204,179
6,181,213
6,182,194
6,212,184
6,207,185
6,187,217
6,190,228
6,225,191
6,195,192
6,226,193
6,197,198
6,230,199
6,201,200
6,229,202
6,205,210
6,208,206
6,209,221
6,211,231
6,214,223
6,234,216
6,219,233
6,220,236
6,232,222
6,227,237
6,241,238
6,239,243
6,240,245
6,250,242
6,252,244
6,253,246
6,249,247
6,248,251
6,281,254
6,255,267
6,271,256
6,257,261
6,264,258
6,259,270
6,263,260
6,262,273
6,265,269
6,272,266
6,288,268
6,295,274
6,275,285
6,290,276
6,279,277
6,291,278
6,280,286
6,282,293
6,283,294
6,284,299
6,287,298
6,292,289
6,296,297
6,313,300
6,331,301
6,302,309
6,353,303
6,305,304
6,306,314
6,320,307
6,308,318
6,349,310
6,321,311
6,312,333
6,337,315
6,319,316
6,317,330
6,342,322
6,339,323
6,347,324
6,325,345
6,326,344
6,350,327
6,329,328
6,332,338
6,335,334
6,336,351
6,341,340
6,352,343
6,346,348
6,354,384
6,369,355
6,373,356
6,357,368
6,360,358
6,359,381
6,366,361
6,362,363
6,372,364
6,365,380
6,379,367
6,370,377
6,371,385
6,374,383
6,375,382
6,376,387
6,378,386
6,388,428
6,460,389
6,395,390
6,391,406
6,394,392
6,393,448
6,397,396
6,398,412
6,399,410
6,400,411
6,443,401
6,407,402
6,403,405
6,404,447
6,415,408
6,409,421
6,413,414
6,416,418
6,426,417
6,422,419
6,449,420
6,423,424
6,425,456
6,457,427
6,458,429
6,464,430
6,442,431
6,438,432
6,446,433
6,434,435
6,439,436
6,437,440
6,455,441
6,462,444
6,452,445
6,451,450
6,453,461
6,459,454
6,465,463
6,482,466
6,467,483
6,539,468
6,522,469
6,470,542
6,485,471
6,473,472
6,524,474
6,494,475
6,480,476
6,504,477
6,478,486
6,487,479
6,488,481
6,484,506
6,503,489
6,490,491
6,492,532
6,499,493
6,495,536
6,496,523
6,521,497
6,498,525
6,500,505
6,501,518
6,502,516
6,507,533
6,508,528
6,509,526
6,530,510
6,534,511
6,537,512
6,513,520
6,517,514
6,515,531
6,543,519
6,546,527
6,544,529
6,535,547
6,538,545
6,541,540
6,548,556
6,549,553
6,550,567
6,551,557
6,566,552
6,554,564
6,573,555
6,558,568
6,565,559
6,561,560
6,562,572
6,563,570
6,569,571
6,574,620
6,602,575
6,576,579
6,594,577
6,609,578
6,580,585
6,590,581
6,582,588
6,583,612
6,589,584
6,586,593
6,587,611
6,591,597
6,592,595
6,596,610
6,598,603
6,599,614
6,600,619
6,613,601
6,607,604
6,623,605
6,606,618
6,608,622
6,616,615
6,621,617
6,624,640
6,625,635
6,645,626
6,637,627
6,628,674
6,629,638
6,630,663
6,631,642
6,647,632
6,633,659
6,657,634
6,646,636
6,643,639
6,649,641
6,648,644
6,650,673
6,651,672
6,666,652
6,677,653
6,669,654
6,679,655
6,661,656
6,658,664
6,678,660
6,665,662
6,670,667
6,675,668
6,676,671
7,23,0
7,6,1
7,8,2
7,4,3
7,24,5
7,7,9
7,19,10
7,11,14
7,25,12
7,13,21
7,15,17
7,18,16
7,20,22
7,33,26
7,27,32
7,28,34
7,35,29
7,30,37
7,36,31
7,47,38
7,39,41
7,40,56
7,42,43
7,44,54
7,48,45
7,46,53
7,49,65
7,55,50
7,51,52
7,57,70
7,67,58
7,62,59
7,63,60
7,61,66
7,64,69
7,71,68
7,88,72
7,76,73
7,128,74
7,75,81
7,86,77
7,78,79
7,118,80
7,82,92
7,131,83
7,90,84
7,85,91
7,87,102
7,89,105
7,93,94
7,95,97
7,125,96
7,101,98
7,100,99
7,103,104
7,123,106
7,107,126
7,109,108
7,124,110
7,111,122
7,135,112
7,121,113
7,142,114
7,115,143
7,127,116
7,117,140
7,146,119
7,129,120
7,134,130
7,147,132
7,133,141
7,137,136
7,138,149
7,148,139
7,144,145
7,150,151
7,152,213
7,160,153
7,154,167
7,155,159
7,172,156
7,232,157
7,158,171
7,161,235
7,166,162
7,163,169
7,164,218
7,175,165
7,168,170
7,173,196
7,174,224
7,181,176
7,194,177
7,180,178
7,234,179
7,185,182
7,193,183
7,228,184
7,186,212
7,223,187
7,188,214
7,189,190
7,191,206
7,199,192
7,233,195
7,201,197
7,198,227
7,200,230
7,202,219
7,203,207
7,210,204
7,211,205
7,208,225
7,237,209
7,215,217
7,231,216
7,221,220
7,222,226
7,236,229
7,245,238
7,246,239
7,240,250
7,247,241
7,242,253
7,243,244
7,248,249
7,251,252
7,287,254
7,256,255
7,274,257
7,258,288
7,260,259
7,261,262
7,266,263
7,267,264
7,273,265
7,268,295
7,269,271
7,270,272
7,275,299
7,278,276
7,277,280
7,298,279
7,281,282
7,293,283
7,284,291
7,285,297
7,286,292
7,289,294
7,296,290
7,300,318
7,301,347
7,353,302
7,349,303
7,304,320
7,314,305
7,309,306
7,307,310
7,316,308
7,317,311
7,312,334
7,342,313
7,319,315
7,333,321
7,322,325
7,323,346
7,324,332
7,340,326
7,327,328
7,329,341
7,330,331
7,335,337
7,343,336
7,345,338
7,348,339
7,344,352
7,351,350
7,369,354
7,367,355
7,356,362
7,384,357
7,358,365
7,366,359
7,381,360
7,361,364
7,363,380
7,368,372
7,385,370
7,375,371
7,373,374
7,376,378
7,377,383
7,386,379
7,382,387
7,411,388
7,389,446
7,390,399
7,427,391
7,392,400
7,420,393
7,445,394
7,452,395
7,421,396
7,397,413
7,414,398
7,401,422
7,418,402
7,416,403
7,405,404
7,406,408
7,415,407
7,424,409
7,410,423
7,412,426
7,450,417
7,447,419
7,425,434
7,428,453
7,429,462
7,430,458
7,431,437
7,459,432
7,436,433
7,435,443
7,441,438
7,456,439
7,440,464
7,465,442
7,444,449
7,451,448
7,463,454
7,455,457
7,460,461
7,466,504
7,479,467
7,468,546
7,469,490
7,482,470
7,471,473
7,472,485
7,474,491
7,475,487
7,481,476
7,477,492
7,478,503
7,480,496
7,519,483
7,484,541
7,486,524
7,497,488
7,489,498
7,493,532
7,523,494
7,520,495
7,545,499
7,500,510
7,527,501
7,502,518
7,505,530
7,542,506
7,531,507
7,508,514
7,534,509
7,525,511
7,512,528
7,513,517
7,516,515
7,522,521
7,526,544
7,529,538
7,535,533
7,536,539
7,547,537
7,543,540
7,548,558
7,555,549
7,550,554
7,552,551
7,553,556
7,557,566
7,559,562
7,560,571
7,561,563
7,564,572
7,568,565
7,567,573
7,570,569
7,574,602
7,575,597
7,586,576
7,577,587
7,578,584
7,579,612
7,589,580
7,581,583
7,596,582
7,585,595
7,588,609
7,590,592
7,611,591
7,593,594
7,614,598
7,604,599
7,618,600
7,601,620
7,603,606
7,605,607
7,615,608
7,610,623
7,613,621
7,622,616
7,617,619
7,638,624
7,636,625
7,626,635
7,627,674
7,643,628
7,639,629
7,645,630
7,634,631
7,632,646
7,663,633
7,659,637
7,641,640
7,657,642
7,644,679
7,647,649
7,660,648
7,650,651
7,652,655
7,653,669
7,654,670
7,656,675
7,666,658
7,677,661
7,664,662
7,668,665
7,667,676
7,671,673
7,672,678
8,3,0
8,5,1
8,2,6
8,4,7
8,9,8
8,10,18
8,21,11
8,12,16
8,13,20
8,14,19
8,15,24
8,17,25
8,22,23
8,26,28
8,27,35
8,34,29
8,32,30
8,31,33
8,37,36
8,52,38
8,68,39
8,40,67
8,41,48
8,42,45
8,43,51
8,53,44
8,47,46
8,56,49
8,50,58
8,54,55
8,71,57
8,59,60
8,61,64
8,62,69
8,63,70
8,66,65
8,72,80
8,73,100
8,74,78
8,97,75
8,89,76
8,77,84
8,79,81
8,82,85
8,83,94
8,86,131
8,104,87
8,99,88
8,91,90
8,92,93
8,125,95
8,102,96
8,98,105
8,101,103
8,106,136
8,148,107
8,108,147
8,109,139
8,110,111
8,145,112
8,113,127
8,114,121
8,115,124
8,116,134
8,117,138
8,144,118
8,122,119
8,120,130
8,123,146
8,126,129
8,128,132
8,133,135
8,149,137
8,140,143
8,141,142
8,177,150
8,151,212
8,228,152
8,153,161
8,154,157
8,236,155
8,156,234
8,178,158
8,159,163
8,160,235
8,172,162
8,224,164
8,165,188
8,217,166
8,169,167
8,179,168
8,170,218
8,176,171
8,229,173
8,189,174
8,213,175
8,194,180
8,214,181
8,182,186
8,184,183
8,185,203
8,187,215
8,223,190
8,193,191
8,192,196
8,227,195
8,197,221
8,209,198
8,199,201
8,237,200
8,202,233
8,204,226
8,225,205
8,206,207
8,230,208
8,210,211
8,216,232
8,220,219
8,231,222
8,238,249
8,239,245
8,244,240
8,241,246
8,242,243
8,251,247
8,250,248
8,252,253
8,254,267
8,255,269
8,256,265
8,257,260
8,270,258
8,259,271
8,263,261
8,288,262
8,264,272
8,273,266
8,268,298
8,274,287
8,279,275
8,276,296
8,291,277
8,297,278
8,293,280
8,299,281
8,282,283
8,295,284
8,285,290
8,286,289
8,294,292
8,330,300
8,301,348
8,303,302
8,310,304
8,305,349
8,306,333
8,334,307
8,322,308
8,314,309
8,311,335
8,315,312
8,313,316
8,331,317
8,318,321
8,341,319
8,337,320
8,323,332
8,339,324
8,325,342
8,328,326
8,352,327
8,350,329
8,336,353
8,338,343
8,351,340
8,344,345
8,346,347
8,354,362
8,355,384
8,356,385
8,367,357
8,358,361
8,364,359
8,360,365
8,381,363
8,380,366
8,368,379
8,374,369
8,370,373
8,371,378
8,372,376
8,386,375
8,387,377
8,383,382
8,436,388
8,389,397
8,390,394
8,391,407
8,420,392
8,393,444
8,419,395
8,396,414
8,398,425
8,399,411
8,409,400
8,401,410
8,402,416
8,403,404
8,405,451
8,406,415
8,408,413
8,427,412
8,417,418
8,424,421
8,422,450
8,423,447
8,456,426
8,428,439
8,429,442
8,430,441
8,438,431
8,432,465
8,433,443
8,434,453
8,461,435
8,437,459
8,463,440
8,448,445
8,446,460
8,449,462
8,457,452
8,454,455
8,458,464
8,496,466
8,485,467
8,468,480
8,503,469
8,470,484
8,540,471
8,481,472
8,473,482
8,486,474
8,475,479
8,476,495
8,498,477
8,490,478
8,483,541
8,487,493
8,488,523
8,530,489
8,491,521
8,518,492
8,497,494
8,525,499
8,511,500
8,512,501
8,514,502
8,504,513
8,505,544
8,506,526
8,507,535
8,533,508
8,509,519
8,510,538
8,546,515
8,527,516
8,517,536
8,520,537
8,524,522
8,528,531
8,529,534
8,532,545
8,539,547
8,542,543
8,554,548
8,549,558
8,570,550
8,551,567
8,552,557
8,555,553
8,556,566
8,571,559
8,572,560
8,564,561
8,562,569
8,565,563
8,573,568
8,621,574
8,610,575
8,576,578
8,583,577
8,579,589
8,580,586
8,581,582
8,584,592
8,585,590
8,587,588
8,599,591
8,612,593
8,595,594
8,609,596
8,597,611
8,598,622
8,615,600
8,602,601
8,620,603
8,614,604
8,608,605
8,617,606
8,607,623
8,618,613
8,619,616
8,624,632
8,640,625
8,626,644
8,627,657
8,628,639
8,629,631
8,630,633
8,634,646
8,635,648
8,663,636
8,637,643
8,641,638
8,642,671
8,659,645
8,670,647
8,649,654
8,672,650
8,655,651
8,673,652
8,665,653
8,656,677
8,675,658
8,674,660
8,661,669
8,662,666
8,668,664
8,678,667
8,676,679
9,0,4
9,1,8
9,5,2
9,3,7
9,6,9
9,21,10
9,11,25
9,14,12
9,17,13
9,23,15
9,16,24
9,18,20
9,19,22
9,26,30
9,31,27
9,36,28
9,29,37
9,34,32
9,35,33
9,38,43
9,39,42
9,45,40
9,41,68
9,55,44
9,48,46
9,51,47
9,49,53
9,52,50
9,60,54
9,58,56
9,59,57
9,70,61
9,64,62
9,69,63
9,65,67
9,66,71
9,72,144
9,136,73
9,79,74
9,147,75
9,76,99
9,77,90
9,81,78
9,80,87
9,94,82
9,83,86
9,84,93
9,132,85
9,88,101
9,100,89
9,103,91
9,137,92
9,95,102
9,96,98
9,97,125
9,105,104
9,106,115
9,139,107
9,143,108
9,138,109
9,110,146
9,111,123
9,112,121
9,122,113
9,114,141
9,116,117
9,118,124
9,119,145
9,120,149
9,134,126
9,127,135
9,130,128
9,129,131
9,142,133
9,140,148
9,150,186
9,233,151
9,180,152
9,173,153
9,168,154
9,162,155
9,157,156
9,176,158
9,159,172
9,163,160
9,170,161
9,164,174
9,214,165
9,175,166
9,167,181
9,217,169
9,171,187
9,182,177
9,215,178
9,179,232
9,183,185
9,184,191
9,188,213
9,221,189
9,190,227
9,192,202
9,206,193
9,212,194
9,195,199
9,196,236
9,230,197
9,198,237
9,200,209
9,219,201
9,203,228
9,216,204
9,205,231
9,207,208
9,226,210
9,234,211
9,218,223
9,224,220
9,222,225
9,235,229
9,238,250
9,241,239
9,243,240
9,245,242
9,249,244
9,246,248
9,247,252
9,253,251
9,254,263
9,255,266
9,258,256
9,281,257
9,259,264
9,260,268
9,288,261
9,262,287
9,265,299
9,272,267
9,269,270
9,271,273
9,290,274
9,297,275
9,280,276
9,277,298
9,278,296
9,295,279
9,282,289
9,283,286
9,284,285
9,292,291
9,294,293
9,300,301
9,302,306
9,310,303
9,304,342
9,307,305
9,308,331
9,309,349
9,318,311
9,312,335
9,313,340
9,334,314
9,315,317
9,320,316
9,319,322
9,321,330
9,325,323
9,324,344
9,326,329
9,327,336
9,328,352
9,332,346
9,337,333
9,348,338
9,347,339
9,341,343
9,345,351
9,350,353
9,357,354
9,355,374
9,370,356
9,359,358
9,360,363
9,361,368
9,362,367
9,365,364
9,366,386
9,377,369
9,371,372
9,382,373
9,376,375
9,378,380
9,379,381
9,383,385
9,387,384
9,388,410
9,411,389
9,449,390
9,414,391
9,392,393
9,394,420
9,395,399
9,409,396
9,415,397
9,398,423
9,400,419
9,421,401
9,402,406
9,426,403
9,404,416
9,417,405
9,407,418
9,447,408
9,412,456
9,413,422
9,450,424
9,425,446
9,462,427
9,461,428
9,464,429
9,432,430
9,431,463
9,453,433
9,439,434
9,435,460
9,443,436
9,442,437
9,458,438
9,441,440
9,444,448
9,445,465
9,451,452
9,457,454
9,455,459
9,466,468
9,467,484
9,532,469
9,470,473
9,471,481
9,482,472
9,477,474
9,476,475
9,478,504
9,479,488
9,495,480
9,483,542
9,541,485
9,492,486
9,494,487
9,489,518
9,521,490
9,491,493
9,524,496
9,523,497
9,545,498
9,499,530
9,526,500
9,501,546
9,513,502
9,503,522
9,538,505
9,540,506
9,507,527
9,508,534
9,509,543
9,533,510
9,519,511
9,516,512
9,547,514
9,515,539
9,528,517
9,536,520
9,544,525
9,535,529
9,537,531
9,548,551
9,549,552
9,553,550
9,566,554
9,569,555
9,556,557
9,558,565
9,559,570
9,560,562
9,561,573
9,563,572
9,567,564
9,568,571
9,595,574
9,620,575
9,597,576
9,582,577
9,578,581
9,586,579
9,591,580
9,594,583
9,590,584
9,592,585
9,587,596
9,588,612
9,593,589
9,598,607
9,599,610
9,600,617
9,601,603
9,602,618
9,622,604
9,605,614
9,606,621
9,623,608
9,611,609
9,616,613
9,619,615
9,624,643
9,625,654
9,670,626
9,671,627
9,628,629
9,630,667
9,631,637
9,640,632
9,633,645
9,642,634
9,644,635
9,636,641
9,638,639
9,646,659
9,679,647
9,648,663
9,649,656
9,650,678
9,651,676
9,674,652
9,658,653
9,655,673
9,660,657
9,675,661
9,669,662
9,664,672
9,677,665
9,666,668
