2486,MiaoAlgo,i04
NrSuccesfullMatchings,3709,NrInfeasibleMatchings,308
Time,Value 
0,196041
Final, 192364,11

Round,H_team,A_team 
0,0,7
0,1,9
0,2,3
0,4,14
0,5,10
0,6,8
0,24,11
0,15,12
0,22,13
0,16,17
0,18,20
0,19,21
0,23,25
0,26,32
0,27,36
0,30,28
0,29,33
0,31,37
0,34,35
0,43,38
0,39,44
0,51,40
0,41,42
0,46,45
0,48,47
0,65,49
0,58,50
0,52,53
0,68,54
0,55,56
0,60,57
0,59,64
0,62,61
0,71,63
0,67,66
0,70,69
0,72,118
0,73,84
0,74,79
0,75,81
0,76,77
0,95,78
0,100,80
0,94,82
0,93,83
0,92,85
0,132,86
0,88,87
0,89,105
0,91,90
0,96,97
0,98,104
0,99,101
0,103,102
0,106,115
0,107,109
0,116,108
0,110,135
0,113,111
0,112,127
0,143,114
0,148,117
0,145,119
0,131,120
0,121,122
0,124,123
0,130,125
0,126,147
0,129,128
0,138,133
0,134,149
0,136,137
0,140,139
0,142,141
0,146,144
0,194,150
0,152,151
0,154,153
0,172,155
0,156,179
0,158,157
0,161,159
0,162,160
0,163,173
0,165,164
0,166,170
0,167,180
0,168,181
0,176,169
0,171,213
0,218,174
0,175,215
0,228,177
0,178,214
0,212,182
0,186,183
0,185,184
0,187,188
0,189,233
0,190,221
0,191,203
0,209,192
0,193,216
0,195,230
0,196,200
0,208,197
0,199,198
0,202,201
0,232,204
0,234,205
0,206,207
0,211,210
0,217,219
0,227,220
0,231,222
0,224,223
0,226,225
0,237,229
0,235,236
0,241,238
0,240,239
0,244,242
0,243,247
0,246,245
0,248,253
0,249,250
0,251,252
0,254,266
0,268,255
0,259,256
0,274,257
0,258,269
0,260,267
0,263,261
0,262,288
0,264,265
0,271,270
0,272,273
0,275,296
0,290,276
0,280,277
0,278,297
0,279,291
0,281,282
0,283,289
0,284,285
0,294,286
0,298,287
0,293,292
0,299,295
0,300,322
0,308,301
0,302,307
0,303,304
0,309,305
0,310,306
0,317,311
0,318,312
0,313,320
0,314,335
0,315,321
0,325,316
0,351,319
0,339,323
0,332,324
0,343,326
0,344,327
0,329,328
0,331,330
0,349,333
0,337,334
0,336,350
0,338,342
0,352,340
0,345,341
0,353,346
0,348,347
0,357,354
0,356,355
0,361,358
0,380,359
0,362,360
0,364,363
0,379,365
0,366,381
0,368,367
0,369,370
0,371,376
0,387,372
0,373,385
0,374,384
0,383,375
0,382,377
0,378,386
0,388,396
0,389,443
0,393,390
0,391,447
0,394,392
0,395,400
0,398,397
0,419,399
0,401,411
0,402,418
0,403,416
0,404,417
0,415,405
0,414,406
0,408,407
0,409,410
0,412,445
0,413,448
0,462,420
0,422,421
0,423,424
0,425,457
0,426,427
0,428,453
0,429,430
0,431,444
0,432,456
0,433,434
0,436,435
0,437,438
0,446,439
0,440,454
0,441,442
0,450,449
0,451,452
0,465,455
0,458,459
0,460,461
0,463,464
0,488,466
0,467,481
0,495,468
0,469,489
0,470,471
0,473,472
0,478,474
0,475,541
0,480,476
0,477,493
0,479,482
0,483,519
0,484,485
0,486,487
0,522,490
0,521,491
0,524,492
0,523,494
0,496,497
0,498,499
0,531,500
0,501,502
0,503,504
0,514,505
0,532,506
0,507,543
0,508,526
0,509,511
0,528,510
0,512,517
0,513,518
0,515,527
0,516,547
0,520,535
0,525,538
0,530,529
0,533,534
0,537,536
0,546,539
0,540,542
0,545,544
0,555,548
0,570,549
0,550,556
0,551,552
0,553,554
0,566,557
0,567,558
0,559,571
0,560,572
0,561,573
0,562,563
0,564,565
0,569,568
0,574,575
0,591,576
0,577,583
0,578,579
0,580,584
0,581,587
0,582,588
0,593,585
0,592,586
0,589,590
0,594,619
0,595,612
0,597,596
0,605,598
0,599,608
0,623,600
0,606,601
0,603,602
0,604,618
0,610,607
0,611,609
0,622,613
0,614,617
0,615,616
0,620,621
0,624,675
0,636,625
0,626,656
0,639,627
0,629,628
0,635,630
0,633,631
0,637,632
0,634,646
0,638,641
0,645,640
0,643,642
0,644,648
0,647,653
0,654,649
0,650,678
0,655,651
0,673,652
0,657,660
0,658,677
0,659,663
0,662,661
0,672,664
0,666,665
0,667,676
0,669,668
0,670,679
0,674,671
1,6,0
1,2,1
1,8,3
1,10,4
1,23,5
1,7,9
1,11,14
1,12,13
1,15,16
1,17,24
1,21,18
1,20,19
1,25,22
1,35,26
1,37,27
1,28,31
1,30,29
1,32,36
1,33,34
1,42,38
1,53,39
1,40,44
1,43,41
1,45,47
1,48,46
1,49,50
1,52,51
1,54,56
1,61,55
1,57,63
1,66,58
1,59,69
1,64,60
1,70,62
1,65,67
1,71,68
1,72,100
1,73,137
1,147,74
1,87,75
1,105,76
1,77,90
1,78,79
1,80,99
1,88,81
1,82,136
1,83,94
1,84,125
1,86,85
1,91,89
1,92,93
1,97,95
1,98,96
1,101,128
1,102,131
1,104,103
1,114,106
1,139,107
1,108,117
1,109,134
1,141,110
1,111,112
1,144,113
1,115,133
1,116,148
1,118,119
1,120,129
1,121,146
1,122,124
1,123,145
1,149,126
1,135,127
1,130,132
1,138,140
1,143,142
1,150,152
1,180,151
1,153,172
1,166,154
1,160,155
1,158,156
1,157,168
1,159,173
1,161,162
1,163,236
1,174,164
1,175,165
1,171,167
1,170,169
1,181,176
1,177,194
1,188,178
1,232,179
1,182,191
1,184,183
1,186,185
1,215,187
1,224,189
1,223,190
1,192,237
1,206,193
1,195,209
1,219,196
1,199,197
1,198,226
1,200,201
1,202,229
1,203,228
1,204,205
1,212,207
1,225,208
1,210,216
1,222,211
1,214,213
1,218,217
1,220,233
1,221,235
1,227,230
1,231,234
1,238,253
1,242,239
1,240,246
1,245,241
1,244,243
1,247,248
1,252,249
1,250,251
1,263,254
1,255,257
1,256,270
1,259,258
1,260,261
1,262,294
1,273,264
1,272,265
1,267,266
1,268,274
1,269,271
1,275,284
1,276,280
1,277,290
1,278,279
1,287,281
1,299,282
1,293,283
1,285,292
1,289,286
1,288,298
1,295,291
1,297,296
1,342,300
1,322,301
1,304,302
1,329,303
1,311,305
1,306,307
1,330,308
1,309,310
1,312,317
1,319,313
1,333,314
1,315,331
1,316,323
1,320,318
1,337,321
1,324,348
1,327,325
1,336,326
1,328,353
1,343,332
1,334,335
1,338,347
1,339,346
1,340,341
1,345,344
1,350,349
1,351,352
1,355,354
1,373,356
1,385,357
1,359,358
1,386,360
1,361,366
1,367,362
1,365,363
1,381,364
1,384,368
1,369,374
1,377,370
1,375,371
1,372,378
1,376,387
1,380,379
1,383,382
1,419,388
1,436,389
1,390,420
1,427,391
1,392,406
1,393,394
1,395,408
1,396,398
1,413,397
1,399,452
1,400,451
1,410,401
1,405,402
1,404,403
1,447,407
1,411,409
1,457,412
1,415,414
1,426,416
1,418,417
1,421,423
1,424,422
1,456,425
1,428,435
1,438,429
1,464,430
1,431,462
1,459,432
1,433,461
1,460,434
1,437,458
1,439,443
1,442,440
1,441,463
1,445,444
1,453,446
1,449,448
1,465,450
1,454,455
1,466,537
1,467,470
1,476,468
1,490,469
1,485,471
1,542,472
1,541,473
1,474,513
1,482,475
1,477,478
1,479,496
1,488,480
1,481,494
1,483,484
1,524,486
1,487,498
1,489,514
1,491,503
1,492,493
1,495,539
1,497,523
1,499,532
1,500,526
1,501,515
1,502,516
1,504,518
1,544,505
1,506,543
1,509,507
1,534,508
1,510,511
1,520,512
1,547,517
1,540,519
1,522,521
1,525,535
1,527,531
1,533,528
1,529,545
1,538,530
1,536,546
1,548,551
1,549,554
1,558,550
1,552,553
1,567,555
1,556,557
1,563,559
1,571,560
1,572,561
1,564,562
1,565,570
1,568,566
1,573,569
1,574,595
1,603,575
1,576,610
1,596,577
1,578,585
1,579,580
1,588,581
1,587,582
1,583,594
1,584,586
1,589,592
1,590,593
1,591,611
1,601,597
1,614,598
1,599,605
1,600,622
1,602,620
1,613,604
1,606,619
1,607,608
1,609,612
1,621,615
1,616,623
1,618,617
1,632,624
1,625,646
1,626,647
1,627,643
1,628,657
1,642,629
1,630,659
1,639,631
1,633,634
1,636,635
1,663,637
1,648,638
1,640,641
1,644,645
1,656,649
1,679,650
1,676,651
1,671,652
1,653,662
1,654,670
1,661,655
1,668,658
1,660,674
1,665,664
1,669,666
1,667,673
1,678,672
1,677,675
2,0,10
2,3,1
2,8,2
2,4,16
2,5,24
2,9,6
2,7,23
2,11,21
2,12,22
2,13,19
2,14,20
2,17,15
2,25,18
2,34,26
2,27,28
2,36,29
2,37,30
2,33,31
2,32,35
2,38,68
2,41,39
2,40,49
2,47,42
2,46,43
2,44,52
2,45,48
2,50,66
2,51,53
2,55,54
2,56,61
2,69,57
2,58,65
2,62,59
2,60,70
2,63,64
2,67,71
2,137,72
2,109,73
2,81,74
2,79,75
2,76,80
2,77,91
2,132,78
2,82,86
2,83,92
2,85,84
2,100,87
2,99,88
2,89,96
2,90,102
2,94,93
2,95,98
2,125,97
2,103,101
2,105,104
2,106,122
2,148,107
2,147,108
2,110,111
2,112,135
2,113,145
2,114,115
2,140,116
2,117,149
2,142,118
2,119,146
2,128,120
2,124,121
2,133,123
2,126,129
2,127,144
2,131,130
2,134,136
2,139,138
2,141,143
2,151,150
2,219,152
2,162,153
2,172,154
2,155,170
2,156,168
2,157,167
2,179,158
2,159,160
2,173,161
2,235,163
2,164,175
2,189,165
2,236,166
2,169,171
2,174,224
2,217,176
2,190,177
2,178,180
2,188,181
2,182,185
2,183,212
2,184,186
2,214,187
2,191,206
2,201,192
2,207,193
2,228,194
2,198,195
2,229,196
2,197,226
2,230,199
2,200,202
2,225,203
2,234,204
2,205,231
2,210,208
2,237,209
2,216,211
2,213,215
2,223,218
2,221,220
2,222,232
2,233,227
2,245,238
2,239,244
2,247,240
2,241,242
2,243,248
2,253,246
2,251,249
2,252,250
2,254,280
2,266,255
2,256,288
2,257,268
2,258,271
2,265,259
2,274,260
2,261,262
2,270,263
2,264,299
2,273,267
2,269,272
2,290,275
2,277,276
2,296,278
2,297,279
2,286,281
2,282,294
2,292,283
2,298,284
2,291,285
2,287,295
2,289,293
2,300,317
2,301,330
2,303,302
2,342,304
2,305,310
2,333,306
2,307,309
2,323,308
2,335,311
2,334,312
2,313,337
2,314,315
2,347,316
2,348,318
2,320,319
2,321,331
2,332,322
2,324,345
2,325,339
2,326,350
2,327,329
2,340,328
2,352,336
2,346,338
2,341,351
2,344,343
2,353,349
2,354,356
2,355,357
2,358,380
2,363,359
2,360,381
2,362,361
2,366,364
2,365,386
2,367,384
2,368,379
2,385,369
2,370,374
2,371,372
2,377,373
2,375,382
2,376,383
2,378,387
2,389,388
2,390,445
2,391,426
2,392,393
2,394,419
2,399,395
2,396,436
2,397,425
2,398,415
2,400,447
2,401,409
2,408,402
2,406,403
2,407,404
2,452,405
2,410,411
2,451,412
2,414,413
2,416,418
2,417,427
2,420,431
2,424,421
2,422,423
2,434,428
2,429,437
2,430,459
2,432,458
2,439,433
2,435,453
2,463,438
2,455,440
2,462,441
2,442,464
2,443,460
2,444,456
2,461,446
2,448,454
2,449,465
2,450,457
2,466,475
2,471,467
2,468,480
2,469,477
2,472,470
2,473,485
2,493,474
2,476,488
2,504,478
2,494,479
2,482,481
2,543,483
2,519,484
2,486,497
2,487,524
2,489,490
2,492,491
2,517,495
2,521,496
2,532,498
2,538,499
2,511,500
2,514,501
2,513,502
2,518,503
2,505,534
2,506,540
2,526,507
2,535,508
2,510,509
2,539,512
2,515,536
2,516,520
2,523,522
2,529,525
2,528,527
2,545,530
2,531,547
2,544,533
2,537,546
2,541,542
2,548,558
2,553,549
2,557,550
2,554,551
2,552,567
2,570,555
2,556,566
2,559,572
2,560,569
2,561,571
2,562,565
2,563,564
2,573,568
2,585,574
2,575,606
2,579,576
2,577,597
2,586,578
2,580,611
2,590,581
2,592,582
2,583,588
2,584,621
2,612,587
2,593,589
2,609,591
2,594,595
2,596,610
2,598,599
2,600,616
2,602,601
2,620,603
2,604,605
2,607,614
2,608,622
2,617,613
2,615,623
2,619,618
2,625,624
2,670,626
2,627,628
2,629,648
2,645,630
2,631,638
2,632,633
2,634,637
2,640,635
2,641,636
2,642,639
2,643,674
2,647,644
2,646,659
2,649,677
2,650,660
2,651,671
2,652,676
2,675,653
2,658,654
2,655,667
2,662,656
2,657,663
2,668,661
2,664,666
2,665,669
2,672,679
2,673,678
3,3,0
3,1,17
3,2,5
3,24,4
3,6,7
3,9,8
3,19,10
3,22,11
3,18,12
3,13,14
3,15,23
3,16,25
3,21,20
3,26,37
3,35,27
3,29,28
3,30,34
3,31,32
3,36,33
3,38,45
3,39,42
3,54,40
3,41,51
3,71,43
3,48,44
3,56,46
3,52,47
3,58,49
3,50,53
3,68,55
3,64,57
3,59,61
3,69,60
3,62,67
3,70,63
3,66,65
3,72,80
3,73,99
3,74,87
3,75,78
3,91,76
3,95,77
3,79,81
3,93,82
3,130,83
3,86,84
3,104,85
3,88,100
3,90,89
3,92,94
3,96,125
3,98,97
3,101,132
3,102,105
3,103,131
3,136,106
3,107,140
3,108,139
3,126,109
3,145,110
3,111,127
3,144,112
3,121,113
3,122,114
3,115,142
3,117,116
3,146,118
3,119,124
3,120,147
3,123,135
3,128,149
3,129,137
3,143,133
3,134,148
3,138,141
3,150,228
3,194,151
3,152,186
3,235,153
3,154,157
3,161,155
3,167,156
3,158,181
3,236,159
3,160,163
3,173,162
3,178,164
3,165,188
3,172,166
3,168,215
3,169,223
3,170,174
3,171,214
3,218,175
3,176,180
3,185,177
3,179,231
3,183,182
3,193,184
3,187,213
3,227,189
3,195,190
3,207,191
3,192,230
3,196,201
3,197,198
3,209,199
3,229,200
3,202,237
3,208,203
3,204,210
3,216,205
3,206,212
3,211,225
3,224,217
3,220,219
3,233,221
3,226,222
3,234,232
3,238,239
3,240,241
3,242,245
3,243,250
3,244,247
3,246,251
3,248,252
3,249,253
3,254,261
3,255,273
3,271,256
3,257,266
3,265,258
3,278,259
3,268,260
3,262,263
3,283,264
3,267,272
3,270,269
3,280,274
3,285,275
3,276,297
3,284,277
3,279,296
3,281,299
3,282,286
3,293,287
3,295,288
3,294,289
3,298,290
3,291,292
3,331,300
3,301,324
3,302,309
3,349,303
3,310,304
3,305,351
3,306,314
3,307,334
3,308,322
3,311,315
3,312,320
3,313,344
3,316,342
3,317,330
3,318,321
3,319,341
3,348,323
3,325,332
3,345,326
3,350,327
3,352,328
3,343,329
3,335,333
3,353,336
3,337,340
3,339,338
3,346,347
3,354,370
3,372,355
3,356,362
3,357,384
3,364,358
3,359,361
3,379,360
3,366,363
3,380,365
3,386,367
3,381,368
3,369,377
3,371,383
3,374,373
3,387,375
3,378,376
3,382,385
3,388,401
3,409,389
3,462,390
3,391,415
3,445,392
3,393,400
3,395,394
3,425,396
3,412,397
3,398,414
3,447,399
3,402,404
3,403,418
3,405,424
3,406,407
3,408,413
3,423,410
3,421,411
3,416,417
3,419,422
3,420,444
3,426,455
3,427,448
3,436,428
3,440,429
3,432,430
3,431,442
3,433,453
3,446,434
3,457,435
3,437,459
3,458,438
3,460,439
3,441,464
3,443,461
3,451,449
3,452,450
3,454,465
3,456,463
3,468,466
3,467,482
3,469,504
3,470,540
3,484,471
3,472,541
3,479,473
3,523,474
3,475,542
3,521,476
3,522,477
3,478,492
3,480,494
3,488,481
3,483,485
3,496,486
3,493,487
3,499,489
3,490,491
3,512,495
3,497,524
3,498,538
3,500,510
3,547,501
3,502,520
3,503,513
3,530,505
3,519,506
3,507,531
3,508,533
3,526,509
3,543,511
3,528,514
3,546,515
3,517,516
3,518,532
3,525,545
3,527,537
3,535,529
3,534,544
3,536,539
3,549,548
3,550,567
3,551,556
3,554,552
3,557,553
3,555,561
3,558,564
3,559,562
3,565,560
3,569,563
3,566,570
3,572,568
3,571,573
3,601,574
3,618,575
3,576,578
3,581,577
3,611,579
3,612,580
3,582,583
3,620,584
3,585,586
3,587,588
3,597,589
3,622,590
3,599,591
3,594,592
3,595,593
3,623,596
3,598,604
3,615,600
3,606,602
3,603,621
3,605,607
3,608,614
3,610,609
3,613,619
3,616,617
3,624,640
3,677,625
3,635,626
3,674,627
3,628,643
3,629,657
3,630,636
3,637,631
3,641,632
3,646,633
3,659,634
3,638,639
3,671,642
3,644,663
3,645,648
3,670,647
3,653,649
3,655,650
3,651,673
3,652,667
3,664,654
3,656,668
3,675,658
3,676,660
3,661,665
3,669,662
3,666,672
3,678,679
4,11,0
4,23,1
4,2,9
4,10,3
4,17,4
4,16,5
4,25,6
4,7,8
4,14,12
4,21,13
4,15,24
4,19,18
4,20,22
4,26,27
4,28,37
4,32,29
4,33,30
4,34,31
4,35,36
4,39,38
4,53,40
4,46,41
4,42,52
4,43,68
4,44,45
4,47,56
4,54,48
4,49,55
4,51,50
4,57,70
4,67,58
4,63,59
4,60,62
4,61,69
4,65,64
4,71,66
4,99,72
4,77,73
4,74,120
4,75,96
4,76,90
4,78,81
4,97,79
4,80,119
4,82,83
4,84,130
4,85,94
4,86,129
4,87,103
4,104,88
4,89,95
4,105,91
4,92,128
4,93,134
4,125,98
4,100,106
4,102,101
4,149,107
4,108,138
4,109,141
4,127,110
4,135,111
4,113,112
4,133,114
4,115,143
4,116,139
4,147,117
4,118,121
4,122,123
4,124,144
4,137,126
4,131,132
4,136,142
4,140,148
4,145,146
4,180,150
4,151,228
4,152,183
4,153,173
4,154,169
4,155,162
4,156,171
4,157,179
4,158,172
4,163,159
4,160,161
4,164,190
4,213,165
4,166,235
4,168,167
4,170,218
4,174,189
4,175,217
4,176,224
4,177,227
4,215,178
4,181,187
4,186,182
4,184,207
4,194,185
4,214,188
4,212,191
4,200,192
4,205,193
4,237,195
4,196,236
4,222,197
4,225,198
4,199,202
4,201,229
4,203,233
4,231,204
4,210,206
4,208,226
4,230,209
4,211,234
4,232,216
4,221,219
4,223,220
4,246,238
4,239,241
4,242,240
4,245,243
4,250,244
4,247,252
4,249,248
4,253,251
4,260,254
4,272,255
4,256,265
4,267,257
4,258,287
4,259,270
4,261,268
4,271,262
4,263,290
4,264,282
4,273,266
4,269,298
4,288,274
4,275,291
4,296,276
4,277,297
4,295,278
4,279,284
4,280,293
4,285,281
4,286,283
4,292,289
4,299,294
4,330,300
4,309,301
4,302,350
4,303,353
4,304,305
4,306,335
4,310,307
4,321,308
4,311,312
4,342,313
4,314,331
4,315,337
4,319,316
4,318,317
4,349,320
4,322,348
4,323,346
4,324,339
4,338,325
4,344,326
4,328,327
4,329,340
4,347,332
4,334,333
4,336,343
4,341,352
4,351,345
4,373,354
4,355,362
4,385,356
4,369,357
4,358,365
4,384,359
4,360,366
4,361,364
4,363,381
4,367,379
4,368,380
4,383,370
4,387,371
4,382,372
4,377,374
4,375,378
4,376,386
4,397,388
4,389,401
4,444,390
4,414,391
4,399,392
4,411,393
4,400,394
4,419,395
4,396,424
4,413,398
4,407,402
4,417,403
4,404,416
4,405,450
4,418,406
4,415,408
4,422,409
4,421,410
4,459,412
4,445,420
4,423,447
4,425,436
4,465,426
4,455,427
4,428,433
4,458,429
4,430,437
4,431,441
4,464,432
4,434,443
4,435,446
4,438,440
4,461,439
4,442,462
4,448,451
4,449,452
4,453,460
4,463,454
4,457,456
4,476,466
4,485,467
4,520,468
4,505,469
4,470,484
4,471,483
4,481,472
4,542,473
4,474,486
4,475,479
4,477,521
4,478,488
4,480,496
4,524,482
4,492,487
4,489,503
4,490,523
4,491,522
4,498,493
4,494,497
4,495,546
4,545,499
4,544,500
4,501,518
4,539,502
4,513,504
4,511,506
4,508,507
4,509,543
4,534,510
4,537,512
4,514,535
4,515,547
4,536,516
4,527,517
4,538,519
4,530,525
4,533,526
4,531,528
4,529,532
4,540,541
4,564,548
4,549,552
4,555,550
4,566,551
4,553,556
4,567,554
4,568,557
4,558,565
4,570,559
4,560,563
4,562,561
4,571,569
4,572,573
4,574,586
4,575,581
4,614,576
4,577,594
4,578,590
4,579,609
4,589,580
4,596,582
4,595,583
4,584,585
4,597,587
4,588,611
4,591,612
4,593,592
4,617,598
4,607,599
4,619,600
4,601,603
4,602,615
4,604,622
4,621,605
4,606,620
4,610,608
4,613,623
4,618,616
4,639,624
4,640,625
4,626,677
4,642,627
4,628,632
4,643,629
4,630,641
4,631,634
4,633,638
4,644,635
4,636,675
4,657,637
4,659,645
4,663,646
4,647,656
4,648,670
4,649,658
4,650,666
4,674,651
4,660,652
4,653,661
4,654,669
4,671,655
4,668,662
4,678,664
4,667,665
4,672,673
4,679,676
5,0,2
5,8,1
5,3,9
5,4,6
5,5,7
5,10,25
5,20,11
5,12,19
5,13,18
5,14,21
5,22,15
5,24,16
5,23,17
5,29,26
5,27,32
5,28,33
5,31,30
5,36,34
5,37,35
5,38,41
5,68,39
5,40,58
5,42,43
5,44,56
5,45,54
5,47,46
5,51,48
5,52,49
5,50,67
5,55,53
5,57,71
5,70,59
5,60,65
5,61,64
5,69,62
5,63,66
5,119,72
5,106,73
5,78,74
5,120,75
5,99,76
5,89,77
5,79,88
5,146,80
5,81,87
5,130,82
5,83,86
5,94,84
5,125,85
5,90,105
5,100,91
5,131,92
5,132,93
5,95,104
5,96,103
5,101,97
5,98,102
5,107,134
5,148,108
5,139,109
5,110,113
5,111,144
5,112,145
5,114,136
5,141,115
5,138,116
5,117,126
5,124,118
5,123,121
5,135,122
5,127,143
5,147,128
5,149,129
5,133,140
5,142,137
5,150,206
5,186,151
5,228,152
5,153,161
5,155,154
5,156,157
5,188,158
5,159,172
5,173,160
5,162,163
5,164,218
5,165,174
5,166,176
5,213,167
5,169,168
5,217,170
5,215,171
5,175,223
5,189,177
5,178,187
5,179,234
5,180,194
5,214,181
5,182,205
5,183,185
5,184,212
5,190,224
5,191,208
5,192,199
5,193,232
5,220,195
5,235,196
5,197,225
5,198,222
5,209,200
5,201,237
5,202,230
5,203,226
5,204,211
5,207,210
5,216,231
5,219,233
5,221,227
5,229,236
5,238,242
5,239,243
5,250,240
5,241,249
5,252,244
5,253,245
5,248,246
5,251,247
5,254,264
5,255,267
5,256,258
5,257,260
5,287,259
5,261,271
5,268,262
5,288,263
5,265,269
5,266,272
5,273,270
5,274,295
5,278,275
5,276,279
5,296,277
5,292,280
5,294,281
5,289,282
5,283,299
5,291,284
5,290,285
5,286,293
5,297,298
5,300,308
5,348,301
5,353,302
5,303,310
5,304,349
5,333,305
5,334,306
5,314,307
5,312,309
5,320,311
5,339,313
5,317,315
5,322,316
5,331,318
5,340,319
5,321,330
5,323,347
5,346,324
5,326,325
5,327,336
5,328,351
5,329,337
5,332,338
5,341,335
5,352,342
5,345,343
5,350,344
5,354,377
5,384,355
5,356,369
5,362,357
5,358,379
5,359,364
5,360,376
5,361,368
5,363,375
5,365,378
5,366,387
5,367,372
5,370,382
5,386,371
5,373,383
5,374,385
5,381,380
5,436,388
5,389,411
5,390,400
5,391,404
5,392,420
5,409,393
5,394,399
5,447,395
5,397,396
5,398,425
5,401,421
5,402,426
5,403,405
5,408,406
5,407,418
5,410,422
5,412,456
5,413,415
5,414,423
5,416,455
5,417,465
5,424,419
5,427,457
5,446,428
5,429,431
5,454,430
5,432,463
5,433,460
5,461,434
5,443,435
5,437,442
5,438,459
5,439,453
5,440,441
5,448,444
5,449,445
5,450,451
5,452,462
5,464,458
5,466,480
5,472,467
5,468,488
5,469,521
5,485,470
5,471,542
5,473,475
5,487,474
5,476,495
5,477,491
5,503,478
5,481,479
5,482,494
5,541,483
5,540,484
5,486,493
5,489,498
5,504,490
5,499,492
5,496,523
5,497,522
5,509,500
5,517,501
5,502,547
5,505,529
5,506,538
5,507,534
5,511,508
5,510,533
5,512,536
5,514,513
5,537,515
5,516,531
5,518,524
5,519,525
5,539,520
5,526,543
5,546,527
5,528,535
5,544,530
5,532,545
5,548,553
5,565,549
5,550,566
5,557,551
5,552,564
5,556,554
5,568,555
5,573,558
5,561,559
5,560,562
5,563,571
5,567,570
5,569,572
5,584,574
5,575,602
5,609,576
5,580,577
5,578,591
5,589,579
5,581,596
5,582,597
5,583,587
5,585,621
5,586,593
5,594,588
5,590,612
5,592,595
5,598,607
5,614,599
5,600,618
5,620,601
5,619,603
5,604,615
5,605,622
5,617,606
5,608,623
5,611,610
5,616,613
5,624,633
5,625,626
5,627,629
5,642,628
5,648,630
5,646,631
5,632,643
5,634,639
5,635,645
5,640,636
5,638,637
5,641,659
5,670,644
5,658,647
5,664,649
5,650,663
5,665,651
5,655,652
5,656,653
5,666,654
5,676,657
5,679,660
5,661,669
5,662,677
5,667,678
5,675,668
5,673,671
5,672,674
6,0,8
6,1,15
6,7,2
6,6,3
6,5,4
6,9,24
6,18,10
6,11,13
6,12,20
6,19,14
6,16,23
6,25,17
6,22,21
6,26,31
6,29,27
6,35,28
6,30,36
6,32,33
6,37,34
6,38,52
6,39,43
6,40,50
6,41,68
6,48,42
6,46,44
6,56,45
6,55,47
6,49,51
6,53,54
6,62,57
6,58,61
6,59,60
6,67,63
6,64,70
6,65,71
6,66,69
6,72,146
6,73,136
6,74,75
6,76,89
6,77,100
6,88,78
6,79,147
6,80,98
6,81,125
6,84,82
6,85,83
6,91,86
6,87,99
6,90,93
6,129,92
6,120,94
6,96,95
6,97,132
6,104,101
6,102,130
6,103,105
6,137,106
6,107,117
6,140,108
6,109,138
6,144,110
6,145,111
6,121,112
6,113,127
6,141,114
6,115,124
6,116,149
6,118,123
6,119,122
6,126,148
6,128,131
6,142,133
6,134,139
6,143,135
6,185,150
6,151,183
6,152,184
6,163,153
6,154,156
6,167,155
6,157,176
6,168,158
6,196,159
6,236,160
6,161,235
6,172,162
6,187,164
6,165,178
6,169,166
6,170,223
6,171,180
6,229,173
6,217,174
6,224,175
6,177,203
6,205,179
6,181,215
6,194,182
6,212,186
6,188,213
6,220,189
6,233,190
6,226,191
6,222,192
6,204,193
6,195,221
6,210,197
6,211,198
6,199,237
6,230,200
6,225,201
6,209,202
6,206,208
6,207,228
6,218,214
6,234,216
6,227,219
6,232,231
6,240,238
6,246,239
6,241,248
6,242,250
6,243,251
6,244,245
6,247,249
6,252,253
6,267,254
6,255,261
6,269,256
6,262,257
6,270,258
6,259,264
6,260,263
6,266,265
6,295,268
6,272,271
6,274,273
6,279,275
6,284,276
6,298,277
6,285,278
6,280,296
6,281,289
6,282,292
6,283,294
6,291,286
6,287,288
6,297,290
6,293,299
6,316,300
6,301,346
6,302,314
6,305,303
6,337,304
6,306,312
6,307,311
6,308,331
6,349,309
6,310,353
6,313,322
6,315,334
6,333,317
6,330,318
6,319,342
6,320,341
6,335,321
6,338,323
6,347,324
6,325,348
6,326,329
6,327,340
6,350,328
6,332,339
6,336,345
6,343,351
6,344,352
6,374,354
6,355,366
6,356,384
6,357,361
6,368,358
6,379,359
6,364,360
6,362,363
6,371,365
6,378,367
6,383,369
6,370,373
6,372,381
6,376,375
6,385,377
6,380,386
6,387,382
6,388,410
6,460,389
6,392,390
6,406,391
6,393,419
6,394,409
6,395,407
6,396,415
6,423,397
6,421,398
6,399,400
6,443,401
6,402,403
6,404,408
6,418,405
6,411,424
6,425,412
6,427,413
6,426,414
6,450,416
6,457,417
6,420,448
6,451,422
6,439,428
6,459,429
6,430,463
6,440,431
6,465,432
6,446,433
6,434,436
6,435,461
6,441,437
6,442,438
6,444,449
6,462,445
6,447,452
6,453,458
6,456,454
6,455,464
6,479,466
6,467,473
6,468,546
6,522,469
6,470,541
6,482,471
6,484,472
6,474,498
6,475,481
6,497,476
6,490,477
6,491,478
6,480,502
6,483,540
6,542,485
6,492,486
6,494,487
6,488,503
6,532,489
6,493,499
6,495,537
6,524,496
6,500,534
6,501,513
6,523,504
6,545,505
6,525,506
6,507,528
6,508,531
6,538,509
6,510,526
6,533,511
6,547,512
6,530,514
6,516,515
6,535,517
6,521,518
6,543,519
6,536,520
6,527,539
6,529,544
6,548,565
6,549,556
6,554,550
6,551,553
6,557,552
6,555,566
6,558,568
6,559,564
6,573,560
6,561,570
6,571,562
6,572,563
6,569,567
6,577,574
6,582,575
6,576,584
6,580,578
6,586,579
6,581,583
6,585,592
6,587,609
6,588,597
6,595,589
6,590,594
6,591,614
6,612,593
6,611,596
6,598,608
6,599,604
6,607,600
6,621,601
6,602,618
6,603,606
6,605,617
6,623,610
6,613,620
6,615,619
6,622,616
6,624,641
6,649,625
6,626,644
6,627,638
6,628,648
6,629,674
6,663,630
6,631,659
6,677,632
6,637,633
6,645,634
6,647,635
6,636,670
6,643,639
6,646,640
6,657,642
6,673,650
6,651,678
6,652,672
6,653,654
6,669,655
6,656,661
6,658,666
6,660,667
6,662,675
6,664,679
6,668,665
6,671,676
7,15,0
7,16,1
7,2,6
7,3,7
7,8,4
7,17,5
7,25,9
7,10,14
7,11,19
7,21,12
7,13,20
7,18,22
7,24,23
7,36,26
7,34,27
7,32,28
7,31,29
7,35,30
7,33,37
7,46,38
7,39,55
7,45,40
7,52,41
7,42,51
7,43,50
7,47,44
7,53,48
7,49,67
7,54,60
7,68,56
7,57,66
7,58,62
7,59,65
7,70,61
7,69,63
7,71,64
7,144,72
7,112,73
7,128,74
7,75,98
7,113,76
7,105,77
7,78,120
7,87,79
7,80,97
7,95,81
7,82,85
7,83,91
7,84,90
7,86,89
7,88,103
7,92,132
7,93,130
7,136,94
7,101,96
7,99,100
7,102,104
7,111,106
7,108,107
7,115,109
7,110,124
7,114,142
7,127,116
7,117,140
7,145,118
7,121,119
7,122,137
7,146,123
7,125,131
7,134,126
7,147,129
7,133,141
7,135,138
7,143,139
7,149,148
7,184,150
7,151,185
7,182,152
7,160,153
7,167,154
7,155,169
7,156,232
7,157,181
7,158,234
7,162,159
7,236,161
7,166,163
7,164,188
7,218,165
7,168,171
7,172,170
7,173,196
7,174,175
7,176,214
7,177,183
7,213,178
7,179,204
7,180,215
7,186,207
7,224,187
7,190,189
7,191,225
7,197,192
7,193,222
7,212,194
7,195,233
7,198,209
7,226,199
7,200,220
7,230,201
7,221,202
7,203,206
7,210,205
7,208,216
7,231,211
7,223,217
7,237,219
7,228,227
7,235,229
7,248,238
7,239,252
7,245,240
7,253,241
7,243,242
7,251,244
7,249,246
7,250,247
7,254,255
7,267,256
7,257,261
7,258,288
7,271,259
7,260,262
7,263,268
7,264,272
7,265,270
7,286,266
7,273,269
7,290,274
7,275,297
7,285,276
7,277,291
7,284,278
7,295,279
7,289,280
7,281,283
7,293,282
7,299,287
7,292,294
7,296,298
7,300,313
7,301,332
7,349,302
7,303,337
7,304,319
7,307,305
7,309,306
7,308,316
7,310,335
7,311,333
7,331,312
7,314,334
7,318,315
7,317,321
7,342,320
7,322,330
7,324,323
7,340,325
7,328,326
7,341,327
7,352,329
7,344,336
7,343,338
7,345,339
7,348,346
7,353,347
7,351,350
7,354,371
7,369,355
7,368,356
7,367,357
7,358,360
7,381,359
7,363,361
7,366,362
7,364,380
7,365,376
7,385,370
7,375,372
7,382,373
7,387,374
7,377,383
7,384,378
7,379,386
7,388,443
7,389,434
7,390,394
7,391,413
7,395,392
7,445,393
7,422,396
7,415,397
7,398,436
7,399,411
7,400,410
7,424,401
7,417,402
7,403,407
7,418,404
7,405,451
7,406,447
7,408,414
7,409,421
7,432,412
7,416,427
7,419,423
7,420,449
7,425,433
7,452,426
7,428,460
7,429,441
7,430,465
7,431,437
7,435,439
7,438,464
7,458,440
7,442,455
7,444,462
7,456,446
7,448,450
7,461,453
7,454,457
7,463,459
7,466,482
7,475,467
7,513,468
7,469,503
7,499,470
7,472,471
7,545,473
7,477,474
7,522,476
7,478,493
7,486,479
7,480,497
7,524,481
7,526,483
7,509,484
7,519,485
7,491,487
7,496,488
7,489,530
7,490,494
7,498,492
7,520,495
7,500,508
7,546,501
7,502,518
7,504,532
7,505,525
7,506,542
7,533,507
7,544,510
7,511,541
7,512,516
7,517,514
7,515,528
7,521,523
7,547,527
7,538,529
7,531,536
7,534,535
7,537,539
7,543,540
7,552,548
7,566,549
7,551,550
7,553,558
7,554,557
7,556,555
7,565,559
7,568,560
7,563,561
7,562,572
7,564,571
7,567,573
7,570,569
7,574,602
7,575,586
7,576,611
7,587,577
7,588,578
7,579,591
7,583,580
7,597,581
7,612,582
7,593,584
7,595,585
7,594,589
7,592,590
7,596,609
7,615,598
7,599,623
7,600,608
7,601,613
7,618,603
7,604,607
7,614,605
7,606,621
7,610,622
7,620,616
7,619,617
7,628,624
7,641,625
7,626,649
7,631,627
7,639,629
7,630,640
7,642,632
7,633,645
7,638,634
7,663,635
7,659,636
7,637,646
7,643,671
7,644,667
7,654,647
7,648,679
7,652,650
7,651,672
7,653,669
7,655,673
7,675,656
7,674,657
7,665,658
7,660,670
7,661,664
7,666,662
7,677,668
7,678,676
8,0,12
8,1,6
8,4,2
8,3,5
8,7,15
8,8,21
8,9,16
8,20,10
8,23,11
8,17,13
8,14,18
8,22,19
8,24,25
8,28,26
8,27,33
8,29,34
8,30,32
8,31,35
8,36,37
8,47,38
8,51,39
8,56,40
8,41,48
8,68,42
8,44,43
8,61,45
8,54,46
8,66,49
8,50,52
8,67,53
8,62,55
8,57,59
8,63,58
8,60,71
8,64,69
8,65,70
8,72,73
8,74,88
8,75,147
8,100,76
8,94,77
8,78,87
8,98,79
8,103,80
8,81,120
8,131,82
8,83,84
8,85,91
8,86,90
8,89,99
8,130,92
8,129,93
8,125,95
8,96,102
8,97,104
8,101,105
8,106,113
8,138,107
8,108,126
8,109,143
8,122,110
8,146,111
8,124,112
8,114,121
8,136,115
8,141,116
8,139,117
8,118,144
8,123,119
8,127,145
8,132,128
8,133,135
8,137,134
8,149,140
8,148,142
8,150,177
8,203,151
8,152,180
8,153,166
8,181,154
8,159,155
8,234,156
8,231,157
8,204,158
8,219,160
8,229,161
8,162,235
8,233,163
8,164,213
8,165,217
8,214,167
8,179,168
8,169,172
8,170,176
8,175,171
8,173,236
8,174,223
8,178,224
8,182,184
8,183,206
8,185,212
8,194,186
8,187,218
8,215,188
8,189,228
8,220,190
8,193,191
8,192,221
8,227,195
8,202,196
8,197,230
8,198,208
8,199,225
8,237,200
8,201,209
8,205,232
8,216,207
8,222,210
8,211,226
8,238,244
8,249,239
8,253,240
8,241,246
8,242,247
8,252,243
8,250,245
8,248,251
8,268,254
8,255,260
8,256,287
8,257,273
8,258,262
8,259,269
8,261,295
8,272,263
8,264,271
8,288,265
8,266,274
8,270,267
8,277,275
8,276,291
8,278,290
8,279,285
8,298,280
8,292,281
8,282,283
8,296,284
8,299,286
8,289,297
8,294,293
8,300,319
8,347,301
8,302,310
8,309,303
8,312,304
8,305,349
8,315,306
8,335,307
8,318,308
8,334,311
8,313,341
8,321,314
8,316,324
8,317,331
8,337,320
8,322,342
8,323,353
8,346,325
8,326,338
8,327,352
8,328,336
8,329,350
8,330,333
8,332,348
8,339,343
8,340,345
8,351,344
8,362,354
8,355,368
8,357,356
8,381,358
8,359,366
8,360,363
8,361,379
8,365,364
8,380,367
8,373,369
8,370,384
8,371,378
8,372,376
8,374,382
8,375,377
8,383,385
8,386,387
8,460,388
8,428,389
8,449,390
8,407,391
8,392,444
8,410,393
8,394,420
8,450,395
8,414,396
8,397,421
8,443,398
8,409,399
8,411,400
8,401,422
8,416,402
8,403,408
8,405,404
8,413,406
8,412,426
8,424,415
8,417,452
8,427,418
8,447,419
8,423,451
8,446,425
8,429,442
8,455,430
8,459,431
8,457,432
8,433,456
8,434,435
8,436,461
8,437,462
8,453,438
8,439,458
8,464,440
8,441,454
8,448,445
8,465,463
8,466,504
8,467,479
8,481,468
8,518,469
8,470,483
8,471,532
8,472,505
8,473,529
8,474,491
8,485,475
8,476,546
8,492,477
8,478,490
8,523,480
8,482,488
8,484,533
8,486,522
8,487,496
8,493,489
8,494,524
8,536,495
8,497,521
8,498,545
8,499,530
8,519,500
8,503,501
8,502,512
8,506,509
8,535,507
8,510,508
8,511,534
8,513,520
8,514,547
8,539,515
8,527,516
8,528,517
8,540,525
8,526,544
8,531,537
8,542,538
8,541,543
8,548,566
8,549,551
8,550,553
8,556,552
8,558,554
8,555,557
8,569,559
8,560,561
8,562,570
8,563,573
8,572,564
8,571,565
8,568,567
8,574,594
8,601,575
8,586,576
8,602,577
8,578,593
8,585,579
8,580,591
8,581,582
8,589,583
8,584,592
8,596,587
8,609,588
8,590,595
8,597,612
8,622,598
8,616,599
8,617,600
8,603,611
8,608,604
8,605,615
8,613,606
8,623,607
8,610,614
8,621,618
8,619,620
8,635,624
8,625,675
8,636,626
8,671,627
8,639,628
8,629,631
8,634,630
8,632,638
8,633,659
8,640,637
8,641,646
8,674,642
8,657,643
8,676,644
8,645,663
8,667,647
8,648,660
8,649,662
8,650,651
8,679,652
8,668,653
8,654,665
8,672,655
8,656,677
8,658,669
8,666,661
8,673,664
8,670,678
9,9,0
9,1,7
9,10,2
9,4,3
9,5,8
9,6,24
9,18,11
9,12,23
9,13,16
9,14,22
9,21,15
9,19,17
9,20,25
9,26,30
9,27,31
9,28,36
9,37,29
9,34,32
9,33,35
9,38,71
9,56,39
9,40,52
9,45,41
9,42,46
9,43,51
9,44,54
9,49,47
9,48,68
9,50,65
9,53,58
9,55,59
9,61,57
9,63,60
9,64,62
9,66,70
9,69,67
9,87,72
9,73,100
9,129,74
9,128,75
9,76,83
9,77,99
9,97,78
9,79,95
9,80,88
9,81,147
9,82,92
9,84,103
9,85,89
9,93,86
9,90,101
9,91,102
9,94,131
9,104,96
9,105,98
9,106,133
9,107,115
9,142,108
9,140,109
9,110,121
9,111,124
9,112,146
9,135,113
9,119,114
9,116,143
9,117,134
9,118,122
9,120,130
9,123,127
9,132,125
9,126,136
9,137,149
9,148,138
9,139,141
9,144,145
9,150,182
9,151,184
9,185,152
9,153,170
9,154,168
9,155,173
9,176,156
9,171,157
9,167,158
9,159,229
9,160,235
9,161,166
9,236,162
9,163,172
9,180,164
9,187,165
9,217,169
9,233,174
9,213,175
9,177,186
9,223,178
9,206,179
9,181,224
9,183,194
9,188,218
9,189,221
9,190,227
9,191,231
9,192,202
9,226,193
9,219,195
9,196,237
9,209,197
9,230,198
9,200,199
9,201,220
9,207,203
9,216,204
9,205,211
9,208,234
9,232,210
9,228,212
9,215,214
9,225,222
9,238,252
9,239,250
9,240,243
9,251,241
9,246,242
9,244,249
9,245,248
9,247,253
9,294,254
9,274,255
9,266,256
9,282,257
9,263,258
9,262,259
9,288,260
9,261,267
9,269,264
9,265,299
9,287,268
9,270,272
9,271,273
9,275,295
9,276,298
9,283,277
9,291,278
9,280,279
9,281,293
9,284,289
9,297,285
9,286,292
9,290,296
9,301,300
9,305,302
9,306,303
9,304,309
9,307,349
9,308,317
9,333,310
9,311,318
9,312,314
9,316,313
9,330,315
9,319,352
9,320,340
9,321,334
9,331,322
9,323,343
9,324,353
9,325,344
9,326,327
9,341,328
9,336,329
9,346,332
9,335,337
9,338,348
9,347,339
9,342,351
9,350,345
9,354,369
9,370,355
9,356,374
9,357,373
9,358,366
9,359,365
9,360,361
9,364,362
9,363,367
9,372,368
9,382,371
9,386,375
9,376,385
9,377,387
9,378,383
9,379,381
9,384,380
9,388,409
9,410,389
9,390,448
9,402,391
9,400,392
9,393,395
9,445,394
9,396,413
9,397,414
9,422,398
9,420,399
9,401,460
9,452,403
9,404,450
9,407,405
9,406,424
9,418,408
9,411,423
9,412,427
9,415,425
9,444,416
9,426,417
9,421,419
9,461,428
9,463,429
9,430,442
9,438,431
9,454,432
9,435,433
9,434,439
9,456,436
9,440,437
9,459,441
9,453,443
9,458,446
9,451,447
9,462,449
9,455,457
9,464,465
9,481,466
9,483,467
9,468,497
9,501,469
9,473,470
9,471,540
9,485,472
9,474,490
9,488,475
9,479,476
9,504,477
9,487,478
9,495,480
9,484,482
9,494,486
9,518,489
9,491,523
9,532,492
9,493,524
9,496,522
9,530,498
9,529,499
9,500,533
9,546,502
9,503,521
9,505,538
9,541,506
9,507,511
9,508,509
9,543,510
9,512,527
9,539,513
9,516,514
9,515,531
9,517,536
9,542,519
9,520,537
9,525,544
9,534,526
9,547,528
9,535,545
9,554,548
9,557,549
9,550,571
9,551,555
9,552,558
9,553,567
9,564,556
9,559,560
9,561,568
9,573,562
9,570,563
9,565,572
9,566,569
9,587,574
9,575,620
9,576,585
9,577,595
9,609,578
9,579,584
9,592,580
9,612,581
9,582,589
9,583,590
9,586,601
9,588,596
9,591,610
9,593,594
9,611,597
9,598,619
9,622,599
9,600,613
9,621,602
9,617,603
9,616,604
9,608,605
9,618,606
9,607,615
9,623,614
9,624,643
9,625,654
9,630,626
9,627,657
9,631,628
9,638,629
9,632,640
9,663,633
9,634,670
9,635,648
9,647,636
9,637,639
9,649,641
9,651,642
9,659,644
9,646,645
9,676,650
9,652,674
9,677,653
9,678,655
9,669,656
9,662,658
9,660,671
9,661,672
9,664,668
9,665,673
9,675,666
9,679,667
