0,MiaoAlgo,i06
NrSuccesfullMatchings,3618,NrInfeasibleMatchings,330
Time,Value 
0,195928
Final, 190230,12

Round,H_team,A_team 
0,25,0
0,33,1
0,27,2
0,15,3
0,9,4
0,11,5
0,26,6
0,7,10
0,8,12
0,13,19
0,16,14
0,20,17
0,21,18
0,22,24
0,28,23
0,30,29
0,32,31
0,42,34
0,62,35
0,43,36
0,39,37
0,38,57
0,40,41
0,44,63
0,48,45
0,46,56
0,47,49
0,50,51
0,52,53
0,58,54
0,59,55
0,60,61
0,65,64
0,66,68
0,137,67
0,70,69
0,71,140
0,87,72
0,83,73
0,114,74
0,75,76
0,77,102
0,138,78
0,89,79
0,113,80
0,94,81
0,82,126
0,85,84
0,86,142
0,88,141
0,91,90
0,92,107
0,95,93
0,132,96
0,97,149
0,98,100
0,139,99
0,135,101
0,103,104
0,136,105
0,108,106
0,110,109
0,112,111
0,150,115
0,151,116
0,117,119
0,118,120
0,121,122
0,128,123
0,127,124
0,125,148
0,129,147
0,131,130
0,133,134
0,144,143
0,146,145
0,152,153
0,154,192
0,158,155
0,156,191
0,157,199
0,159,208
0,160,209
0,218,161
0,215,162
0,163,165
0,202,164
0,166,214
0,168,167
0,169,210
0,177,170
0,171,207
0,200,172
0,182,173
0,181,174
0,175,179
0,187,176
0,196,178
0,180,213
0,184,183
0,219,185
0,195,186
0,220,188
0,221,189
0,190,211
0,194,193
0,197,198
0,201,212
0,204,203
0,206,205
0,217,216
0,230,222
0,228,223
0,224,240
0,226,225
0,227,241
0,229,231
0,232,237
0,233,238
0,239,234
0,235,236
0,242,248
0,243,244
0,249,245
0,246,252
0,253,247
0,251,250
0,267,254
0,317,255
0,256,259
0,257,272
0,290,258
0,261,260
0,262,263
0,282,264
0,322,265
0,266,277
0,268,293
0,269,270
0,294,271
0,291,273
0,292,274
0,296,275
0,295,276
0,278,324
0,279,316
0,280,288
0,281,323
0,284,283
0,306,285
0,307,286
0,287,289
0,297,300
0,299,298
0,305,301
0,303,302
0,304,310
0,308,309
0,311,312
0,325,313
0,314,315
0,319,318
0,320,321
0,326,352
0,327,328
0,329,366
0,330,342
0,331,332
0,333,341
0,354,334
0,335,336
0,339,337
0,338,344
0,346,340
0,343,371
0,349,345
0,347,365
0,348,369
0,350,357
0,351,364
0,360,353
0,356,355
0,359,358
0,363,361
0,362,367
0,370,368
0,372,373
0,410,374
0,375,376
0,378,377
0,379,389
0,400,380
0,381,382
0,393,383
0,390,384
0,405,385
0,395,386
0,397,387
0,411,388
0,391,392
0,394,396
0,398,399
0,401,402
0,409,403
0,406,404
0,408,407
0,412,413
0,414,429
0,416,415
0,443,417
0,418,419
0,421,420
0,442,422
0,467,423
0,465,424
0,425,485
0,426,488
0,438,427
0,428,436
0,431,430
0,432,484
0,433,435
0,434,456
0,437,464
0,439,455
0,449,440
0,448,441
0,444,454
0,453,445
0,483,446
0,472,447
0,452,450
0,451,469
0,458,457
0,474,459
0,473,460
0,461,462
0,481,463
0,466,468
0,489,470
0,475,471
0,476,477
0,478,479
0,482,480
0,487,486
0,491,490
0,492,493
0,502,494
0,497,495
0,496,520
0,499,498
0,500,579
0,501,550
0,512,503
0,546,504
0,571,505
0,506,573
0,507,508
0,509,549
0,564,510
0,511,574
0,513,575
0,514,515
0,516,577
0,518,517
0,519,578
0,521,568
0,551,522
0,523,533
0,524,536
0,525,526
0,527,532
0,528,561
0,530,529
0,531,562
0,555,534
0,541,535
0,572,537
0,538,566
0,539,565
0,540,548
0,542,576
0,547,543
0,545,544
0,553,552
0,567,554
0,557,556
0,558,563
0,559,560
0,569,570
0,580,584
0,582,581
0,583,599
0,587,585
0,586,596
0,588,590
0,593,589
0,595,591
0,592,594
0,598,597
0,600,626
0,648,601
0,655,602
0,603,615
0,604,650
0,605,609
0,606,631
0,607,633
0,647,608
0,639,610
0,612,611
0,622,613
0,627,614
0,616,625
0,617,635
0,638,618
0,619,637
0,620,624
0,621,649
0,623,628
0,640,629
0,632,630
0,634,636
0,642,641
0,644,643
0,646,645
0,651,652
0,654,653
0,657,656
0,691,658
0,659,707
0,660,699
0,661,711
0,662,687
0,663,706
0,664,703
0,665,669
0,666,705
0,700,667
0,668,678
0,709,670
0,671,679
0,690,672
0,693,673
0,694,674
0,710,675
0,688,676
0,713,677
0,680,715
0,702,681
0,704,682
0,712,683
0,684,685
0,686,698
0,689,714
0,692,695
0,696,701
0,697,708
0,717,716
1,3,0
1,1,6
1,2,33
1,4,25
1,5,15
1,7,9
1,8,11
1,10,12
1,13,22
1,18,14
1,28,16
1,21,17
1,20,19
1,23,24
1,27,26
1,29,32
1,31,30
1,34,62
1,35,44
1,36,51
1,59,37
1,38,39
1,57,40
1,50,41
1,42,43
1,45,47
1,63,46
1,49,48
1,54,52
1,53,58
1,56,55
1,60,64
1,61,65
1,66,110
1,68,67
1,69,78
1,79,70
1,71,87
1,72,142
1,73,74
1,101,75
1,85,76
1,111,77
1,81,80
1,82,83
1,93,84
1,136,86
1,122,88
1,89,133
1,90,92
1,139,91
1,94,95
1,100,96
1,123,97
1,99,98
1,112,102
1,143,103
1,125,104
1,108,105
1,107,106
1,109,126
1,114,113
1,116,115
1,117,118
1,120,119
1,124,121
1,127,128
1,129,130
1,132,131
1,134,135
1,137,138
1,141,140
1,146,144
1,145,149
1,148,147
1,150,151
1,152,218
1,153,157
1,154,171
1,155,215
1,212,156
1,203,158
1,159,160
1,162,161
1,183,163
1,221,164
1,165,169
1,168,166
1,167,194
1,179,170
1,172,216
1,173,200
1,174,196
1,175,180
1,211,176
1,197,177
1,178,208
1,213,181
1,182,184
1,185,199
1,186,219
1,189,187
1,188,204
1,210,190
1,191,192
1,214,193
1,195,220
1,217,198
1,206,201
1,205,202
1,207,209
1,222,226
1,223,232
1,224,233
1,231,225
1,228,227
1,230,229
1,234,240
1,237,235
1,236,241
1,238,239
1,242,251
1,246,243
1,245,244
1,247,248
1,252,249
1,253,250
1,254,266
1,285,255
1,262,256
1,270,257
1,258,280
1,318,259
1,260,272
1,300,261
1,263,319
1,275,264
1,317,265
1,308,267
1,268,269
1,271,295
1,273,309
1,274,313
1,276,277
1,286,278
1,324,279
1,293,281
1,282,294
1,323,283
1,287,284
1,288,289
1,312,290
1,291,292
1,298,296
1,297,299
1,301,304
1,302,305
1,310,303
1,307,306
1,321,311
1,325,314
1,316,315
1,322,320
1,328,326
1,337,327
1,329,346
1,351,330
1,340,331
1,332,333
1,334,367
1,343,335
1,336,361
1,338,363
1,350,339
1,341,342
1,344,345
1,366,347
1,348,370
1,354,349
1,352,358
1,353,371
1,355,362
1,357,356
1,369,359
1,368,360
1,365,364
1,372,411
1,377,373
1,374,407
1,405,375
1,376,406
1,378,381
1,385,379
1,382,380
1,383,386
1,384,403
1,388,387
1,389,402
1,404,390
1,413,391
1,392,410
1,396,393
1,395,394
1,397,398
1,399,408
1,400,401
1,412,409
1,462,414
1,415,483
1,426,416
1,417,431
1,418,465
1,419,466
1,420,442
1,493,421
1,463,422
1,485,423
1,430,424
1,492,425
1,427,484
1,488,428
1,429,456
1,464,432
1,461,433
1,479,434
1,435,436
1,455,437
1,454,438
1,439,450
1,440,441
1,478,443
1,444,458
1,445,477
1,447,446
1,448,449
1,451,453
1,469,452
1,486,457
1,459,467
1,460,468
1,470,472
1,471,491
1,473,482
1,475,474
1,476,487
1,480,481
1,490,489
1,494,570
1,495,496
1,568,497
1,550,498
1,499,558
1,517,500
1,548,501
1,502,574
1,554,503
1,504,571
1,505,527
1,564,506
1,507,511
1,514,508
1,509,555
1,543,510
1,551,512
1,520,513
1,515,560
1,579,516
1,518,525
1,519,532
1,544,521
1,522,545
1,523,524
1,526,567
1,563,528
1,534,529
1,531,530
1,533,553
1,535,556
1,536,541
1,537,538
1,566,539
1,540,569
1,542,552
1,546,547
1,549,557
1,559,573
1,562,561
1,565,572
1,575,576
1,577,578
1,582,580
1,581,583
1,584,595
1,594,585
1,599,586
1,590,587
1,598,588
1,589,592
1,596,591
1,593,597
1,625,600
1,615,601
1,649,602
1,604,603
1,633,605
1,651,606
1,650,607
1,608,646
1,629,609
1,630,610
1,611,616
1,626,612
1,613,648
1,614,656
1,643,617
1,621,618
1,624,619
1,641,620
1,654,622
1,653,623
1,652,627
1,628,657
1,631,632
1,637,634
1,636,635
1,655,638
1,640,639
1,644,642
1,645,647
1,714,658
1,663,659
1,698,660
1,661,704
1,662,692
1,664,665
1,666,679
1,667,684
1,672,668
1,703,669
1,695,670
1,687,671
1,673,694
1,674,693
1,675,717
1,715,676
1,685,677
1,705,678
1,713,680
1,701,681
1,682,690
1,683,702
1,699,686
1,711,688
1,712,689
1,700,691
1,716,696
1,707,697
1,708,706
1,710,709
2,0,27
2,16,1
2,2,3
2,5,4
2,6,25
2,12,7
2,9,8
2,11,10
2,24,13
2,14,20
2,33,15
2,17,18
2,19,21
2,22,23
2,26,28
2,31,29
2,32,30
2,34,35
2,41,36
2,37,38
2,39,50
2,51,40
2,62,42
2,48,43
2,44,49
2,54,45
2,55,46
2,47,52
2,53,59
2,56,63
2,58,57
2,65,60
2,64,61
2,67,66
2,68,79
2,69,112
2,78,70
2,86,71
2,72,114
2,119,73
2,74,81
2,133,75
2,76,101
2,138,77
2,80,109
2,141,82
2,118,83
2,84,94
2,126,85
2,87,88
2,111,89
2,98,90
2,91,136
2,92,139
2,110,93
2,95,135
2,96,108
2,97,103
2,100,99
2,102,134
2,104,137
2,105,107
2,106,122
2,113,116
2,115,151
2,140,117
2,142,120
2,121,127
2,124,123
2,147,125
2,128,150
2,131,129
2,130,132
2,143,146
2,144,145
2,149,148
2,199,152
2,218,153
2,209,154
2,162,155
2,198,156
2,157,213
2,158,204
2,207,159
2,208,160
2,161,187
2,163,184
2,164,189
2,165,221
2,167,166
2,193,168
2,169,183
2,170,178
2,171,191
2,188,172
2,216,173
2,174,179
2,220,175
2,176,190
2,212,177
2,180,182
2,181,200
2,186,185
2,192,197
2,214,194
2,219,195
2,196,217
2,201,205
2,202,206
2,215,203
2,211,210
2,222,228
2,223,224
2,225,230
2,229,226
2,227,231
2,232,233
2,238,234
2,241,235
2,240,236
2,239,237
2,250,242
2,243,249
2,244,252
2,247,245
2,251,246
2,248,253
2,254,317
2,255,322
2,256,270
2,257,268
2,313,258
2,259,319
2,315,260
2,261,297
2,293,262
2,309,263
2,264,325
2,265,323
2,267,266
2,269,298
2,277,271
2,272,299
2,274,273
2,275,282
2,276,291
2,302,278
2,279,284
2,280,290
2,281,300
2,283,312
2,286,285
2,288,287
2,289,321
2,292,308
2,295,294
2,318,296
2,301,303
2,304,307
2,305,306
2,310,324
2,311,320
2,316,314
2,327,326
2,337,328
2,367,329
2,330,332
2,331,346
2,333,347
2,339,334
2,335,344
2,336,343
2,361,338
2,342,340
2,364,341
2,345,354
2,352,348
2,363,349
2,353,350
2,371,351
2,357,355
2,356,362
2,358,369
2,359,368
2,360,370
2,366,365
2,374,372
2,373,378
2,386,375
2,401,376
2,382,377
2,379,404
2,380,381
2,383,413
2,388,384
2,389,385
2,387,395
2,390,412
2,409,391
2,398,392
2,394,393
2,403,396
2,408,397
2,407,399
2,402,400
2,406,405
2,410,411
2,434,414
2,490,415
2,483,416
2,424,417
2,425,418
2,419,485
2,420,430
2,421,466
2,422,431
2,423,463
2,443,426
2,437,427
2,435,428
2,429,461
2,432,480
2,433,462
2,436,458
2,449,438
2,487,439
2,440,459
2,441,460
2,442,478
2,457,444
2,445,455
2,446,492
2,447,493
2,450,448
2,452,451
2,453,469
2,477,454
2,456,465
2,484,464
2,468,467
2,471,470
2,472,475
2,474,473
2,486,476
2,479,488
2,482,481
2,491,489
2,494,499
2,495,513
2,578,496
2,532,497
2,498,540
2,500,518
2,501,569
2,511,502
2,503,521
2,539,504
2,515,505
2,506,546
2,560,507
2,508,571
2,548,509
2,510,527
2,512,517
2,543,514
2,516,564
2,577,519
2,573,520
2,522,544
2,541,523
2,524,563
2,525,567
2,575,526
2,528,530
2,529,531
2,552,533
2,561,534
2,536,535
2,566,537
2,565,538
2,553,542
2,545,551
2,547,579
2,549,550
2,568,554
2,556,555
2,558,557
2,574,559
2,570,562
2,576,572
2,599,580
2,581,584
2,592,582
2,583,596
2,585,590
2,586,595
2,587,598
2,588,593
2,597,589
2,591,594
2,600,649
2,601,614
2,602,621
2,633,603
2,630,604
2,610,605
2,606,657
2,607,623
2,612,608
2,609,648
2,639,611
2,613,615
2,616,645
2,627,617
2,618,655
2,629,619
2,635,620
2,628,622
2,624,644
2,626,625
2,631,652
2,632,640
2,656,634
2,636,637
2,638,654
2,653,641
2,643,642
2,647,646
2,650,651
2,658,700
2,659,662
2,660,694
2,697,661
2,692,663
2,669,664
2,671,665
2,678,666
2,685,667
2,679,668
2,670,710
2,672,714
2,674,673
2,695,675
2,676,713
2,677,698
2,681,680
2,716,682
2,717,683
2,684,699
2,686,693
2,687,711
2,688,690
2,691,689
2,715,696
2,701,702
2,703,705
2,704,712
2,706,709
2,708,707
3,0,6
3,1,24
3,22,2
3,3,5
3,4,8
3,15,7
3,10,9
3,12,11
3,13,23
3,30,14
3,16,33
3,29,17
3,20,18
3,19,31
3,21,32
3,25,26
3,28,27
3,49,34
3,42,35
3,50,36
3,37,61
3,38,59
3,57,39
3,40,65
3,41,51
3,43,56
3,45,44
3,46,53
3,60,47
3,52,48
3,55,54
3,64,58
3,63,62
3,66,109
3,67,84
3,78,68
3,79,69
3,70,137
3,83,71
3,74,72
3,82,73
3,75,134
3,135,76
3,77,89
3,126,80
3,110,81
3,95,85
3,86,87
3,88,140
3,90,100
3,91,96
3,92,150
3,93,94
3,148,97
3,98,131
3,99,130
3,133,101
3,102,111
3,103,125
3,138,104
3,105,106
3,107,108
3,112,146
3,113,115
3,116,114
3,117,120
3,118,119
3,121,123
3,127,122
3,144,124
3,151,128
3,132,129
3,139,136
3,142,141
3,145,143
3,147,149
3,152,213
3,153,199
3,154,167
3,155,161
3,156,201
3,157,165
3,190,158
3,159,211
3,160,162
3,177,163
3,164,205
3,166,193
3,168,214
3,169,218
3,191,170
3,171,192
3,172,197
3,173,175
3,178,174
3,176,210
3,179,186
3,200,180
3,184,181
3,183,182
3,217,185
3,187,221
3,203,188
3,189,202
3,194,207
3,195,196
3,198,216
3,204,215
3,206,212
3,208,209
3,219,220
3,231,222
3,235,223
3,234,224
3,233,225
3,226,232
3,230,227
3,228,229
3,236,239
3,237,238
3,240,241
3,245,242
3,252,243
3,244,246
3,251,247
3,250,248
3,249,253
3,309,254
3,265,255
3,257,256
3,320,258
3,259,293
3,260,316
3,261,272
3,319,262
3,263,318
3,313,264
3,266,273
3,267,271
3,268,270
3,296,269
3,308,274
3,277,275
3,294,276
3,278,307
3,290,279
3,284,280
3,314,281
3,291,282
3,283,289
3,317,285
3,306,286
3,311,287
3,303,288
3,292,295
3,298,297
3,299,300
3,324,301
3,312,302
3,305,304
3,323,310
3,315,325
3,321,322
3,326,337
3,334,327
3,328,359
3,365,329
3,330,331
3,364,332
3,333,342
3,361,335
3,345,336
3,349,338
3,344,339
3,340,354
3,341,351
3,343,363
3,346,366
3,347,367
3,368,348
3,355,350
3,371,352
3,356,353
3,362,357
3,370,358
3,369,360
3,372,382
3,381,373
3,399,374
3,375,406
3,376,402
3,404,377
3,378,385
3,400,379
3,380,389
3,390,383
3,397,384
3,386,401
3,408,387
3,403,388
3,391,412
3,392,394
3,393,398
3,395,396
3,413,405
3,410,407
3,411,409
3,414,433
3,415,457
3,416,447
3,417,419
3,418,429
3,431,420
3,421,443
3,422,423
3,424,463
3,467,425
3,426,483
3,464,427
3,428,479
3,430,442
3,432,437
3,488,434
3,458,435
3,436,478
3,438,482
3,439,476
3,485,440
3,441,449
3,455,444
3,454,445
3,493,446
3,481,448
3,450,453
3,451,491
3,461,452
3,466,456
3,460,459
3,462,492
3,465,468
3,469,474
3,475,470
3,473,471
3,472,490
3,477,487
3,480,484
3,489,486
3,507,494
3,527,495
3,496,577
3,497,519
3,557,498
3,499,549
3,500,548
3,501,540
3,513,502
3,503,568
3,504,515
3,505,514
3,516,506
3,559,508
3,509,550
3,510,532
3,520,511
3,544,512
3,517,525
3,551,518
3,521,565
3,567,522
3,523,552
3,535,524
3,526,536
3,569,528
3,542,529
3,530,561
3,563,531
3,533,541
3,534,562
3,571,537
3,538,539
3,578,543
3,554,545
3,579,546
3,564,547
3,553,575
3,555,570
3,556,558
3,560,576
3,572,566
3,573,574
3,580,581
3,589,582
3,595,583
3,584,599
3,585,588
3,591,586
3,593,587
3,590,598
3,596,592
3,594,597
3,647,600
3,601,609
3,635,602
3,603,631
3,651,604
3,605,629
3,606,607
3,608,645
3,648,610
3,611,626
3,646,612
3,614,613
3,622,615
3,616,639
3,617,624
3,637,618
3,619,636
3,620,643
3,621,638
3,623,630
3,625,640
3,657,627
3,656,628
3,632,633
3,634,649
3,641,644
3,642,653
3,652,650
3,655,654
3,660,658
3,659,692
3,682,661
3,712,662
3,711,663
3,664,687
3,665,703
3,671,666
3,714,667
3,668,691
3,705,669
3,694,670
3,700,672
3,675,673
3,686,674
3,676,685
3,677,715
3,679,678
3,680,697
3,681,716
3,683,710
3,684,701
3,689,688
3,690,704
3,693,695
3,696,713
3,699,698
3,702,717
3,707,706
3,709,708
4,26,0
4,1,22
4,7,2
4,3,25
4,4,15
4,5,12
4,6,33
4,8,10
4,11,9
4,17,13
4,14,32
4,27,16
4,18,19
4,29,20
4,31,21
4,23,30
4,24,28
4,36,34
4,35,63
4,57,37
4,61,38
4,39,64
4,40,50
4,43,41
4,51,42
4,44,52
4,45,49
4,54,46
4,47,48
4,53,65
4,62,55
4,56,58
4,59,60
4,66,79
4,80,67
4,94,68
4,137,69
4,70,138
4,71,82
4,72,88
4,73,118
4,119,74
4,135,75
4,76,133
4,134,77
4,115,78
4,81,126
4,120,83
4,84,95
4,85,93
4,141,86
4,87,113
4,89,112
4,136,90
4,100,91
4,114,92
4,96,107
4,97,147
4,130,98
4,131,99
4,101,110
4,146,102
4,151,103
4,104,148
4,122,105
4,106,139
4,108,132
4,109,117
4,111,144
4,150,116
4,128,121
4,123,127
4,124,143
4,125,149
4,129,145
4,140,142
4,182,152
4,213,153
4,191,154
4,155,176
4,156,177
4,197,157
4,215,158
4,209,159
4,210,160
4,211,161
4,162,190
4,163,212
4,187,164
4,188,165
4,166,194
4,167,214
4,192,168
4,199,169
4,170,198
4,193,171
4,172,217
4,173,183
4,185,174
4,175,196
4,179,178
4,180,181
4,184,200
4,216,186
4,205,189
4,195,218
4,202,201
4,203,220
4,204,219
4,221,206
4,207,208
4,222,225
4,227,223
4,224,239
4,226,231
4,228,230
4,229,233
4,232,235
4,241,234
4,236,237
4,238,240
4,242,252
4,253,243
4,248,244
4,245,251
4,246,249
4,247,250
4,255,254
4,256,269
4,260,257
4,258,274
4,270,259
4,314,261
4,262,266
4,293,263
4,264,277
4,307,265
4,291,267
4,318,268
4,271,292
4,272,319
4,273,313
4,276,275
4,285,278
4,279,280
4,316,281
4,282,295
4,290,283
4,312,284
4,286,317
4,287,315
4,288,311
4,289,303
4,325,294
4,299,296
4,297,308
4,300,298
4,301,302
4,304,321
4,320,305
4,322,306
4,310,309
4,324,323
4,339,326
4,327,370
4,328,356
4,329,364
4,334,330
4,366,331
4,332,346
4,354,333
4,335,345
4,336,344
4,352,337
4,338,343
4,341,340
4,351,342
4,362,347
4,348,360
4,349,361
4,350,369
4,359,353
4,355,365
4,367,357
4,358,368
4,363,371
4,389,372
4,373,382
4,374,413
4,402,375
4,405,376
4,377,381
4,404,378
4,401,379
4,385,380
4,383,403
4,384,387
4,412,386
4,388,390
4,396,391
4,392,399
4,395,393
4,394,398
4,397,410
4,406,400
4,407,409
4,411,408
4,414,442
4,462,415
4,488,416
4,417,430
4,485,418
4,419,465
4,420,443
4,431,421
4,480,422
4,423,424
4,425,429
4,492,426
4,427,432
4,428,433
4,478,434
4,457,435
4,479,436
4,437,438
4,445,439
4,463,440
4,459,441
4,444,486
4,490,446
4,447,483
4,448,451
4,449,450
4,453,452
4,455,454
4,468,456
4,487,458
4,460,461
4,482,464
4,467,466
4,469,475
4,470,473
4,476,471
4,491,472
4,474,493
4,489,477
4,484,481
4,494,560
4,495,578
4,527,496
4,513,497
4,498,556
4,540,499
4,549,500
4,557,501
4,502,507
4,539,503
4,505,504
4,547,506
4,508,543
4,524,509
4,519,510
4,511,573
4,518,512
4,514,566
4,515,568
4,546,516
4,579,517
4,574,520
4,521,545
4,522,554
4,536,523
4,538,525
4,526,551
4,529,528
4,562,530
4,531,533
4,577,532
4,570,534
4,552,535
4,537,565
4,541,563
4,561,542
4,544,567
4,550,548
4,576,553
4,555,558
4,559,575
4,569,564
4,572,571
4,589,580
4,599,581
4,582,595
4,583,586
4,584,591
4,598,585
4,587,596
4,588,592
4,597,590
4,594,593
4,600,646
4,610,601
4,602,628
4,603,651
4,604,652
4,630,605
4,633,606
4,607,657
4,611,608
4,609,632
4,612,647
4,613,650
4,614,648
4,615,627
4,640,616
4,617,637
4,618,634
4,619,620
4,654,621
4,623,622
4,624,642
4,645,625
4,626,639
4,631,629
4,644,635
4,636,656
4,649,638
4,643,641
4,653,655
4,658,684
4,661,659
4,703,660
4,662,688
4,663,689
4,664,671
4,665,678
4,666,687
4,667,681
4,668,680
4,669,676
4,670,693
4,672,691
4,673,709
4,674,699
4,675,683
4,701,677
4,705,679
4,682,712
4,715,685
4,713,686
4,711,690
4,697,692
4,698,694
4,695,708
4,717,696
4,714,700
4,716,702
4,706,704
4,710,707
5,0,1
5,2,11
5,9,3
5,12,4
5,10,5
5,6,27
5,33,7
5,15,8
5,13,21
5,14,31
5,23,16
5,17,19
5,18,30
5,32,20
5,26,22
5,24,29
5,28,25
5,34,47
5,35,36
5,37,51
5,38,60
5,59,39
5,46,40
5,41,42
5,50,43
5,44,54
5,58,45
5,48,62
5,52,49
5,64,53
5,63,55
5,65,56
5,61,57
5,115,66
5,67,116
5,68,70
5,69,102
5,119,71
5,72,141
5,73,126
5,74,118
5,75,95
5,134,76
5,79,77
5,78,151
5,80,110
5,109,81
5,120,82
5,83,117
5,84,133
5,85,94
5,140,86
5,87,142
5,114,88
5,89,135
5,131,90
5,92,91
5,101,93
5,96,130
5,97,127
5,124,98
5,129,99
5,100,139
5,137,103
5,104,147
5,105,132
5,106,136
5,128,107
5,108,121
5,111,145
5,143,112
5,150,113
5,122,123
5,125,138
5,149,144
5,146,148
5,152,183
5,153,184
5,154,168
5,189,155
5,205,156
5,218,157
5,158,188
5,190,159
5,160,194
5,161,204
5,176,162
5,201,163
5,164,169
5,165,199
5,171,166
5,192,167
5,170,197
5,182,172
5,217,173
5,174,191
5,181,175
5,198,177
5,186,178
5,196,179
5,180,195
5,220,185
5,206,187
5,208,193
5,200,216
5,212,202
5,219,203
5,214,207
5,211,209
5,215,210
5,221,213
5,233,222
5,223,229
5,232,224
5,225,227
5,230,226
5,231,228
5,235,234
5,238,236
5,241,237
5,239,240
5,242,247
5,243,250
5,244,249
5,246,245
5,252,248
5,251,253
5,254,265
5,255,286
5,256,268
5,269,257
5,258,311
5,263,259
5,319,260
5,270,261
5,267,262
5,264,285
5,266,293
5,271,291
5,272,314
5,273,320
5,274,325
5,275,324
5,276,322
5,295,277
5,278,306
5,279,283
5,280,316
5,281,315
5,313,282
5,284,290
5,287,310
5,288,304
5,302,289
5,294,292
5,296,300
5,309,297
5,298,318
5,308,299
5,323,301
5,303,305
5,317,307
5,321,312
5,326,335
5,327,339
5,370,328
5,329,334
5,330,333
5,331,351
5,332,341
5,371,336
5,337,363
5,342,338
5,347,340
5,343,345
5,361,344
5,346,362
5,357,348
5,356,349
5,350,368
5,352,359
5,353,369
5,365,354
5,367,355
5,360,358
5,364,366
5,378,372
5,373,399
5,374,406
5,375,412
5,376,400
5,377,385
5,379,402
5,380,401
5,381,404
5,382,389
5,388,383
5,386,384
5,387,390
5,393,391
5,413,392
5,405,394
5,398,395
5,396,397
5,403,410
5,407,411
5,409,408
5,443,414
5,436,415
5,446,416
5,423,417
5,468,418
5,425,419
5,456,420
5,442,421
5,422,441
5,424,431
5,433,426
5,427,480
5,434,428
5,429,462
5,430,463
5,481,432
5,435,479
5,484,437
5,438,464
5,439,469
5,440,460
5,444,445
5,491,447
5,448,482
5,452,449
5,450,451
5,486,453
5,454,476
5,477,455
5,457,487
5,478,458
5,459,492
5,493,461
5,465,467
5,466,485
5,490,470
5,471,474
5,472,489
5,475,473
5,483,488
5,561,494
5,520,495
5,496,497
5,498,501
5,556,499
5,551,500
5,502,573
5,503,522
5,504,514
5,568,505
5,506,519
5,566,507
5,508,560
5,517,509
5,510,569
5,570,511
5,512,526
5,574,513
5,515,547
5,578,516
5,518,579
5,567,521
5,563,523
5,524,553
5,525,536
5,531,527
5,528,534
5,562,529
5,530,557
5,532,564
5,533,542
5,535,550
5,537,539
5,545,538
5,558,540
5,541,555
5,543,577
5,554,544
5,571,546
5,548,549
5,552,576
5,565,559
5,575,572
5,580,596
5,581,595
5,582,584
5,591,583
5,592,585
5,586,594
5,588,587
5,590,589
5,593,598
5,597,599
5,655,600
5,601,613
5,638,602
5,652,603
5,627,604
5,605,648
5,640,606
5,628,607
5,608,626
5,609,610
5,646,611
5,625,612
5,636,614
5,650,615
5,647,616
5,642,617
5,618,654
5,644,619
5,620,623
5,621,656
5,622,651
5,624,641
5,629,632
5,639,630
5,631,633
5,634,657
5,637,635
5,653,643
5,649,645
5,658,668
5,708,659
5,713,660
5,692,661
5,700,662
5,704,663
5,679,664
5,687,665
5,669,666
5,667,672
5,674,670
5,678,671
5,710,673
5,693,675
5,676,684
5,677,686
5,696,680
5,681,717
5,702,682
5,715,683
5,685,714
5,688,712
5,689,690
5,691,711
5,694,695
5,706,697
5,698,703
5,699,705
5,701,716
5,709,707
6,0,24
6,1,23
6,2,28
6,3,10
6,11,4
6,5,9
6,22,6
6,8,7
6,12,15
6,20,13
6,21,14
6,16,29
6,30,17
6,31,18
6,19,32
6,25,27
6,33,26
6,43,34
6,49,35
6,36,40
6,37,64
6,51,38
6,60,39
6,41,61
6,42,50
6,55,44
6,45,62
6,46,65
6,63,47
6,53,48
6,58,52
6,56,54
6,57,59
6,81,66
6,67,79
6,68,80
6,138,69
6,70,115
6,71,120
6,113,72
6,117,73
6,74,140
6,94,75
6,76,84
6,77,137
6,116,78
6,82,119
6,86,83
6,110,85
6,141,87
6,88,136
6,95,89
6,90,96
6,91,131
6,99,92
6,93,134
6,112,97
6,98,129
6,132,100
6,126,101
6,102,143
6,103,150
6,149,104
6,144,105
6,121,106
6,107,122
6,145,108
6,118,109
6,130,111
6,142,114
6,123,125
6,148,124
6,127,151
6,139,128
6,133,135
6,147,146
6,157,152
6,153,180
6,166,154
6,155,190
6,156,197
6,210,158
6,159,204
6,207,160
6,161,176
6,162,211
6,163,202
6,164,206
6,218,165
6,193,167
6,168,171
6,169,221
6,203,170
6,172,181
6,173,184
6,186,174
6,175,219
6,177,217
6,178,192
6,191,179
6,213,182
6,183,200
6,185,195
6,187,205
6,188,215
6,189,201
6,194,208
6,216,196
6,198,212
6,199,220
6,209,214
6,234,222
6,223,241
6,224,238
6,225,232
6,226,228
6,227,229
6,240,230
6,236,231
6,237,233
6,235,239
6,249,242
6,243,245
6,250,244
6,253,246
6,252,247
6,248,251
6,285,254
6,278,255
6,261,256
6,257,319
6,312,258
6,259,298
6,260,270
6,318,262
6,300,263
6,265,264
6,266,291
6,292,267
6,268,294
6,269,308
6,282,271
6,315,272
6,325,273
6,274,276
6,275,295
6,277,313
6,314,279
6,283,280
6,324,281
6,311,284
6,305,286
6,303,287
6,320,288
6,289,301
6,290,321
6,323,293
6,296,297
6,299,309
6,304,302
6,306,317
6,307,322
6,316,310
6,326,348
6,363,327
6,345,328
6,355,329
6,347,330
6,333,331
6,351,332
6,334,362
6,335,338
6,336,339
6,358,337
6,340,364
6,341,366
6,342,365
6,361,343
6,344,349
6,346,367
6,370,350
6,369,352
6,368,353
6,354,356
6,357,360
6,371,359
6,372,377
6,413,373
6,375,374
6,376,379
6,389,378
6,404,380
6,402,381
6,385,382
6,384,383
6,390,386
6,387,407
6,410,388
6,391,395
6,392,396
6,411,393
6,394,397
6,409,398
6,399,412
6,400,405
6,406,401
6,408,403
6,428,414
6,415,444
6,416,457
6,417,422
6,418,423
6,440,419
6,465,420
6,421,429
6,466,424
6,460,425
6,426,462
6,463,427
6,467,430
6,431,468
6,432,454
6,433,434
6,435,478
6,488,436
6,480,437
6,438,448
6,453,439
6,441,485
6,443,442
6,445,476
6,446,472
6,447,490
6,449,455
6,450,486
6,451,487
6,473,452
6,456,479
6,458,483
6,461,459
6,464,481
6,469,477
6,470,491
6,471,489
6,492,474
6,493,475
6,482,484
6,511,494
6,506,495
6,516,496
6,497,520
6,523,498
6,499,555
6,500,512
6,501,558
6,560,502
6,505,503
6,568,504
6,507,574
6,513,508
6,509,551
6,577,510
6,565,514
6,566,515
6,526,517
6,522,518
6,547,519
6,521,554
6,556,524
6,550,525
6,569,527
6,528,531
6,529,561
6,534,530
6,532,578
6,533,563
6,535,548
6,536,549
6,576,537
6,538,544
6,539,571
6,540,557
6,542,541
6,546,543
6,545,567
6,575,552
6,553,562
6,572,559
6,564,579
6,573,570
6,580,586
6,591,581
6,596,582
6,584,583
6,585,593
6,587,597
6,594,588
6,589,598
6,599,590
6,595,592
6,600,638
6,632,601
6,602,618
6,603,627
6,615,604
6,605,631
6,606,628
6,639,607
6,608,655
6,614,609
6,610,633
6,611,647
6,612,649
6,651,613
6,616,653
6,617,644
6,641,619
6,650,620
6,645,621
6,634,622
6,656,623
6,635,624
6,625,630
6,626,640
6,648,629
6,652,636
6,657,637
6,646,642
6,654,643
6,665,658
6,659,706
6,660,674
6,661,663
6,662,682
6,705,664
6,666,667
6,668,700
6,671,669
6,670,708
6,672,715
6,673,695
6,675,709
6,686,676
6,684,677
6,678,687
6,703,679
6,680,702
6,696,681
6,683,704
6,685,701
6,691,688
6,711,689
6,690,717
6,707,692
6,694,693
6,697,710
6,714,698
6,699,713
6,712,716
7,4,0
7,1,26
7,10,2
7,7,3
7,8,5
7,6,23
7,9,12
7,11,33
7,13,28
7,29,14
7,15,25
7,32,16
7,17,31
7,18,24
7,19,30
7,20,21
7,27,22
7,48,34
7,47,35
7,36,57
7,50,37
7,38,41
7,39,51
7,40,43
7,42,46
7,44,53
7,56,45
7,62,49
7,64,52
7,54,63
7,55,65
7,60,58
7,61,59
7,66,116
7,85,67
7,81,68
7,76,69
7,70,125
7,71,141
7,140,72
7,73,107
7,110,74
7,75,137
7,77,146
7,101,78
7,79,104
7,84,80
7,118,82
7,83,119
7,88,86
7,120,87
7,134,89
7,90,139
7,102,91
7,92,98
7,93,148
7,135,94
7,95,138
7,106,96
7,124,97
7,136,99
7,100,130
7,103,149
7,105,121
7,127,108
7,109,150
7,133,111
7,112,144
7,142,113
7,117,114
7,115,132
7,122,129
7,151,123
7,126,128
7,145,131
7,147,143
7,152,180
7,182,153
7,154,178
7,211,155
7,202,156
7,157,169
7,158,187
7,214,159
7,160,193
7,190,161
7,210,162
7,197,163
7,212,164
7,165,201
7,208,166
7,167,171
7,207,168
7,192,170
7,184,172
7,213,173
7,174,216
7,200,175
7,176,215
7,191,177
7,179,198
7,181,219
7,183,218
7,185,196
7,217,186
7,195,188
7,206,189
7,209,194
7,203,199
7,204,220
7,205,221
7,222,235
7,239,223
7,229,224
7,228,225
7,233,226
7,232,227
7,231,230
7,234,236
7,237,240
7,241,238
7,246,242
7,248,243
7,253,244
7,245,250
7,247,249
7,251,252
7,292,254
7,255,306
7,319,256
7,318,257
7,258,279
7,259,269
7,297,260
7,316,261
7,262,296
7,299,263
7,294,264
7,301,265
7,309,266
7,267,275
7,298,268
7,270,300
7,271,276
7,281,272
7,273,277
7,317,274
7,322,278
7,280,312
7,325,282
7,283,311
7,284,304
7,285,307
7,286,323
7,287,302
7,288,315
7,289,314
7,320,290
7,291,308
7,293,324
7,313,295
7,321,303
7,310,305
7,356,326
7,348,327
7,328,357
7,329,341
7,362,330
7,331,342
7,332,347
7,364,333
7,334,346
7,349,335
7,338,336
7,360,337
7,339,354
7,340,351
7,344,343
7,345,363
7,350,371
7,352,361
7,358,353
7,366,355
7,359,370
7,367,365
7,368,369
7,372,413
7,373,374
7,379,375
7,378,376
7,380,377
7,381,389
7,382,400
7,383,387
7,393,384
7,385,404
7,386,411
7,388,407
7,403,390
7,391,394
7,395,392
7,412,396
7,397,409
7,398,408
7,399,410
7,401,405
7,402,406
7,414,456
7,415,488
7,416,435
7,417,421
7,460,418
7,419,468
7,420,466
7,422,424
7,423,430
7,462,425
7,458,426
7,427,481
7,428,442
7,429,434
7,431,465
7,463,432
7,478,433
7,444,436
7,437,482
7,484,438
7,439,451
7,448,440
7,480,441
7,479,443
7,470,445
7,491,446
7,489,447
7,464,449
7,476,450
7,455,452
7,474,453
7,454,493
7,477,457
7,475,459
7,492,461
7,485,467
7,469,473
7,487,471
7,472,483
7,486,490
7,494,528
7,495,569
7,543,496
7,497,577
7,498,548
7,557,499
7,509,500
7,501,556
7,502,562
7,503,545
7,504,521
7,538,505
7,510,506
7,520,507
7,508,511
7,525,512
7,573,513
7,514,568
7,515,565
7,519,516
7,517,522
7,544,518
7,523,550
7,541,524
7,537,526
7,527,564
7,529,558
7,530,563
7,570,531
7,546,532
7,534,533
7,549,535
7,553,536
7,539,572
7,555,540
7,542,575
7,578,547
7,551,567
7,559,552
7,579,554
7,574,560
7,576,561
7,571,566
7,583,580
7,581,586
7,582,591
7,596,584
7,597,585
7,592,587
7,588,589
7,593,590
7,598,594
7,595,599
7,628,600
7,601,605
7,654,602
7,642,603
7,604,632
7,627,606
7,607,626
7,621,608
7,609,625
7,613,610
7,657,611
7,655,612
7,615,614
7,616,646
7,619,617
7,618,656
7,620,637
7,622,652
7,623,641
7,624,639
7,633,629
7,630,631
7,635,634
7,636,650
7,644,638
7,643,640
7,653,645
7,649,647
7,651,648
7,698,658
7,697,659
7,660,705
7,661,671
7,662,711
7,663,687
7,664,666
7,667,665
7,688,668
7,669,678
7,673,670
7,672,703
7,674,675
7,676,701
7,677,680
7,700,679
7,681,686
7,682,683
7,715,684
7,713,685
7,689,704
7,690,712
7,717,691
7,708,692
7,693,699
7,709,694
7,695,707
7,702,696
7,706,710
7,716,714
8,0,15
8,25,1
8,9,2
8,26,3
8,4,10
8,5,7
8,24,6
8,28,8
8,27,11
8,33,12
8,18,13
8,14,19
8,22,16
8,17,32
8,30,20
8,29,21
8,23,31
8,34,63
8,35,41
8,64,36
8,37,60
8,43,38
8,61,39
8,40,42
8,48,44
8,45,55
8,52,46
8,53,47
8,49,54
8,59,50
8,51,57
8,62,56
8,65,58
8,111,66
8,138,67
8,69,68
8,149,70
8,136,71
8,72,120
8,73,110
8,78,74
8,75,84
8,79,76
8,143,77
8,80,85
8,104,81
8,87,82
8,114,83
8,139,86
8,106,88
8,89,94
8,99,90
8,91,133
8,108,92
8,135,93
8,137,95
8,96,121
8,97,151
8,98,102
8,131,100
8,101,134
8,148,103
8,105,117
8,107,127
8,119,109
8,129,112
8,128,113
8,122,115
8,116,126
8,141,118
8,123,140
8,125,124
8,130,145
8,146,132
8,150,142
8,144,147
8,169,152
8,153,183
8,193,154
8,187,155
8,163,156
8,220,157
8,176,158
8,159,167
8,190,160
8,161,210
8,204,162
8,201,164
8,165,189
8,166,207
8,194,168
8,170,185
8,171,209
8,172,213
8,173,198
8,174,217
8,175,195
8,177,206
8,178,191
8,179,192
8,180,184
8,196,181
8,200,182
8,186,203
8,219,188
8,216,197
8,199,218
8,221,202
8,212,205
8,214,208
8,215,211
8,229,222
8,223,234
8,225,224
8,227,226
8,236,228
8,230,237
8,233,231
8,238,232
8,240,235
8,241,239
8,242,253
8,247,243
8,244,251
8,252,245
8,250,246
8,249,248
8,254,323
8,255,307
8,256,260
8,257,316
8,258,321
8,281,259
8,261,319
8,308,262
8,263,296
8,264,271
8,265,285
8,266,292
8,313,267
8,268,299
8,269,297
8,298,270
8,272,318
8,276,273
8,274,275
8,277,282
8,278,305
8,279,304
8,280,311
8,306,283
8,284,288
8,286,324
8,314,287
8,315,289
8,302,290
8,294,291
8,293,303
8,295,325
8,300,309
8,310,301
8,312,320
8,322,317
8,370,326
8,327,356
8,328,358
8,357,329
8,330,364
8,331,341
8,342,332
8,333,351
8,355,334
8,339,335
8,336,363
8,337,368
8,338,345
8,365,340
8,343,349
8,354,344
8,347,346
8,348,350
8,353,352
8,359,360
8,361,371
8,369,362
8,366,367
8,379,372
8,373,404
8,374,380
8,413,375
8,412,376
8,377,401
8,382,378
8,381,385
8,396,383
8,384,394
8,387,386
8,408,388
8,400,389
8,390,397
8,398,391
8,393,392
8,403,395
8,411,399
8,405,402
8,407,406
8,410,409
8,436,414
8,426,415
8,462,416
8,468,417
8,420,418
8,467,419
8,434,421
8,422,440
8,423,431
8,424,480
8,425,465
8,482,427
8,429,428
8,430,466
8,438,432
8,443,433
8,435,444
8,481,437
8,452,439
8,441,463
8,442,479
8,487,445
8,446,489
8,447,492
8,453,448
8,449,484
8,473,450
8,451,475
8,454,464
8,476,455
8,456,478
8,457,472
8,490,458
8,459,493
8,485,460
8,488,461
8,471,469
8,474,470
8,477,486
8,483,491
8,494,573
8,495,510
8,496,513
8,547,497
8,558,498
8,499,501
8,550,500
8,520,502
8,503,504
8,554,505
8,532,506
8,507,559
8,574,508
8,518,509
8,560,511
8,512,545
8,514,576
8,571,515
8,516,569
8,517,551
8,519,546
8,521,539
8,522,526
8,555,523
8,524,533
8,525,549
8,577,527
8,562,528
8,563,529
8,530,570
8,531,542
8,552,534
8,567,535
8,548,536
8,537,575
8,572,538
8,540,556
8,557,541
8,568,543
8,544,579
8,561,553
8,564,578
8,566,565
8,591,580
8,581,588
8,583,582
8,584,597
8,585,596
8,586,598
8,587,599
8,589,594
8,590,595
8,592,593
8,600,654
8,631,601
8,602,653
8,603,650
8,604,657
8,625,605
8,606,620
8,607,627
8,608,616
8,609,622
8,610,614
8,611,621
8,645,612
8,613,636
8,648,615
8,641,617
8,647,618
8,639,619
8,634,623
8,629,624
8,646,626
8,640,628
8,630,652
8,632,644
8,633,651
8,656,635
8,637,643
8,638,642
8,649,655
8,658,667
8,704,659
8,693,660
8,687,661
8,671,662
8,707,663
8,678,664
8,665,668
8,666,703
8,679,669
8,670,706
8,705,672
8,683,673
8,695,674
8,675,697
8,696,676
8,699,677
8,680,690
8,685,681
8,688,682
8,684,714
8,686,694
8,717,689
8,691,702
8,692,709
8,698,713
8,716,700
8,701,715
8,710,708
8,711,712
9,23,0
9,21,1
9,2,8
9,3,4
9,6,5
9,7,11
9,15,9
9,10,33
9,12,28
9,30,13
9,14,27
9,16,17
9,32,18
9,19,29
9,31,20
9,25,22
9,24,26
9,34,56
9,35,48
9,36,42
9,41,37
9,52,38
9,39,40
9,51,43
9,47,44
9,63,45
9,46,64
9,49,60
9,57,50
9,55,53
9,54,62
9,58,61
9,65,59
9,80,66
9,67,70
9,68,75
9,69,125
9,88,71
9,86,72
9,120,73
9,74,141
9,76,95
9,77,112
9,78,137
9,81,79
9,82,117
9,83,136
9,84,135
9,134,85
9,119,87
9,93,89
9,90,129
9,99,91
9,113,92
9,94,133
9,96,105
9,104,97
9,132,98
9,123,100
9,109,101
9,102,139
9,103,138
9,145,106
9,107,124
9,149,108
9,126,110
9,143,111
9,140,114
9,115,128
9,116,127
9,142,118
9,121,150
9,151,122
9,130,146
9,147,131
9,148,144
9,184,152
9,181,153
9,194,154
9,155,204
9,156,206
9,158,157
9,210,159
9,160,211
9,161,215
9,162,203
9,198,163
9,164,165
9,209,166
9,167,207
9,168,191
9,205,169
9,170,174
9,208,171
9,183,172
9,177,173
9,218,175
9,188,176
9,178,195
9,185,179
9,220,180
9,216,182
9,196,186
9,202,187
9,189,212
9,193,190
9,192,214
9,197,217
9,199,219
9,213,200
9,201,221
9,222,227
9,240,223
9,224,241
9,225,229
9,226,236
9,237,228
9,239,230
9,231,232
9,234,233
9,235,238
9,243,242
9,244,247
9,245,253
9,248,246
9,249,251
9,250,252
9,254,325
9,324,255
9,272,256
9,259,257
9,273,258
9,260,314
9,315,261
9,262,298
9,263,308
9,264,276
9,265,266
9,309,267
9,296,268
9,300,269
9,270,299
9,271,313
9,277,274
9,275,294
9,304,278
9,311,279
9,303,280
9,289,281
9,282,292
9,283,287
9,305,284
9,285,322
9,301,286
9,323,288
9,290,316
9,295,291
9,319,293
9,297,318
9,302,310
9,306,312
9,307,320
9,321,317
9,326,343
9,362,327
9,344,328
9,342,329
9,341,330
9,364,331
9,332,366
9,346,333
9,365,334
9,335,354
9,349,336
9,337,359
9,371,338
9,363,339
9,340,355
9,345,361
9,351,347
9,358,348
9,360,350
9,368,352
9,353,357
9,367,356
9,369,370
9,385,372
9,402,373
9,376,374
9,375,400
9,377,379
9,380,378
9,401,381
9,404,382
9,383,395
9,384,410
9,386,388
9,387,411
9,389,405
9,409,390
9,391,397
9,392,412
9,399,393
9,394,408
9,396,398
9,407,403
9,406,413
9,414,478
9,415,447
9,416,472
9,463,417
9,418,431
9,419,460
9,468,420
9,421,467
9,430,422
9,465,423
9,424,485
9,466,425
9,461,426
9,427,449
9,456,428
9,436,429
9,432,482
9,433,488
9,434,443
9,442,435
9,437,454
9,481,438
9,470,439
9,440,474
9,441,492
9,479,444
9,445,451
9,446,471
9,484,448
9,450,469
9,452,475
9,455,453
9,457,476
9,458,477
9,459,462
9,464,480
9,493,473
9,483,490
9,486,491
9,489,487
9,513,494
9,532,495
9,496,547
9,497,564
9,498,555
9,550,499
9,500,544
9,527,501
9,570,502
9,567,503
9,504,566
9,505,521
9,506,577
9,573,507
9,508,520
9,536,509
9,510,516
9,511,559
9,512,522
9,560,514
9,543,515
9,545,517
9,526,518
9,569,519
9,535,523
9,549,524
9,548,525
9,528,540
9,529,557
9,558,530
9,561,531
9,533,572
9,534,553
9,552,537
9,576,538
9,575,539
9,556,541
9,563,542
9,578,546
9,554,551
9,562,574
9,565,571
9,579,568
9,580,593
9,596,581
9,594,582
9,590,583
9,586,584
9,585,589
9,595,587
9,597,588
9,599,591
9,598,592
9,635,600
9,601,633
9,602,608
9,657,603
9,614,604
9,605,640
9,622,606
9,656,607
9,615,609
9,610,625
9,645,611
9,612,616
9,652,613
9,617,653
9,618,649
9,619,634
9,620,644
9,637,621
9,623,636
9,643,624
9,626,647
9,627,651
9,628,639
9,629,630
9,648,631
9,650,632
9,638,646
9,641,654
9,642,655
9,658,685
9,659,711
9,669,660
9,708,661
9,663,662
9,714,664
9,679,665
9,668,666
9,667,701
9,670,675
9,703,671
9,678,672
9,673,686
9,707,674
9,676,698
9,677,696
9,680,684
9,681,715
9,682,717
9,683,693
9,687,705
9,704,688
9,689,716
9,690,691
9,692,710
9,694,699
9,706,695
9,709,697
9,712,700
9,702,713
