588,MiaoAlgo,i06
NrSuccesfullMatchings,3547,NrInfeasibleMatchings,287
Time,Value 
0,195633
Final, 191329,12

Round,H_team,A_team 
0,25,0
0,1,22
0,33,2
0,26,3
0,11,4
0,12,5
0,6,15
0,8,7
0,9,10
0,13,21
0,16,14
0,28,17
0,19,18
0,27,20
0,24,23
0,29,30
0,32,31
0,42,34
0,47,35
0,43,36
0,37,57
0,38,39
0,41,40
0,44,54
0,45,55
0,59,46
0,49,48
0,50,51
0,52,53
0,58,56
0,61,60
0,62,63
0,64,65
0,137,66
0,67,68
0,69,70
0,71,140
0,87,72
0,101,73
0,114,74
0,76,75
0,77,102
0,138,78
0,89,79
0,80,81
0,83,82
0,85,84
0,86,142
0,88,141
0,91,90
0,92,99
0,93,95
0,135,94
0,108,96
0,97,124
0,100,98
0,104,103
0,105,123
0,107,106
0,109,110
0,112,111
0,113,116
0,139,115
0,118,117
0,120,119
0,122,121
0,125,149
0,136,126
0,128,127
0,131,129
0,130,146
0,132,143
0,133,134
0,144,145
0,147,148
0,150,151
0,153,152
0,171,154
0,158,155
0,156,192
0,157,213
0,159,210
0,160,208
0,169,161
0,215,162
0,163,165
0,202,164
0,168,166
0,167,209
0,180,170
0,200,172
0,182,173
0,181,174
0,175,179
0,187,176
0,177,191
0,196,178
0,184,183
0,219,185
0,195,186
0,220,188
0,221,189
0,190,211
0,194,193
0,197,198
0,218,199
0,201,212
0,203,204
0,206,205
0,214,207
0,216,217
0,231,222
0,229,223
0,224,240
0,226,225
0,230,227
0,228,241
0,232,237
0,233,238
0,239,234
0,236,235
0,242,248
0,243,244
0,249,245
0,246,252
0,253,247
0,251,250
0,267,254
0,322,255
0,256,259
0,257,272
0,290,258
0,260,261
0,262,263
0,282,264
0,317,265
0,266,271
0,270,268
0,269,293
0,291,273
0,292,274
0,296,275
0,300,276
0,299,277
0,278,324
0,279,316
0,280,287
0,281,323
0,283,284
0,306,285
0,307,286
0,289,288
0,295,294
0,297,298
0,305,301
0,303,302
0,304,310
0,309,308
0,312,311
0,325,313
0,315,314
0,318,319
0,321,320
0,326,328
0,370,327
0,329,365
0,330,331
0,332,333
0,354,334
0,335,336
0,339,337
0,338,345
0,340,342
0,346,341
0,371,343
0,349,344
0,347,366
0,348,352
0,350,357
0,351,364
0,360,353
0,356,355
0,358,359
0,363,361
0,362,367
0,368,369
0,373,372
0,393,374
0,375,376
0,377,378
0,379,389
0,400,380
0,381,382
0,384,383
0,406,385
0,396,386
0,388,387
0,390,403
0,391,399
0,395,392
0,394,407
0,398,397
0,402,401
0,405,404
0,410,408
0,409,411
0,412,413
0,414,429
0,416,415
0,425,417
0,475,418
0,485,419
0,420,421
0,451,422
0,424,423
0,426,488
0,438,427
0,428,436
0,443,430
0,442,431
0,432,484
0,433,435
0,434,456
0,437,464
0,439,445
0,448,440
0,449,441
0,444,454
0,483,446
0,472,447
0,453,450
0,452,469
0,487,455
0,457,458
0,473,459
0,474,460
0,461,462
0,481,463
0,467,465
0,468,466
0,489,470
0,486,471
0,477,476
0,478,479
0,482,480
0,490,491
0,492,493
0,502,494
0,497,495
0,496,520
0,499,498
0,500,548
0,501,549
0,512,503
0,505,504
0,506,573
0,508,507
0,509,550
0,564,510
0,511,574
0,513,575
0,514,515
0,516,576
0,517,518
0,519,578
0,521,568
0,551,522
0,523,535
0,524,533
0,525,526
0,527,532
0,528,561
0,530,529
0,531,562
0,556,534
0,541,536
0,537,566
0,538,565
0,579,539
0,540,563
0,557,542
0,547,543
0,545,544
0,546,577
0,553,552
0,567,554
0,558,555
0,560,559
0,569,570
0,571,572
0,582,580
0,581,584
0,583,599
0,590,585
0,596,586
0,588,587
0,593,589
0,595,591
0,592,594
0,597,598
0,600,626
0,648,601
0,655,602
0,603,652
0,604,651
0,605,610
0,606,630
0,607,631
0,647,608
0,639,609
0,612,611
0,623,613
0,656,614
0,622,615
0,616,625
0,617,635
0,638,618
0,619,637
0,620,624
0,621,649
0,627,650
0,657,628
0,632,629
0,640,633
0,634,636
0,641,643
0,642,644
0,646,645
0,654,653
0,691,658
0,659,707
0,660,699
0,663,661
0,662,687
0,664,703
0,665,669
0,666,705
0,700,667
0,668,678
0,709,670
0,671,679
0,672,714
0,693,673
0,694,674
0,688,675
0,690,676
0,713,677
0,680,715
0,702,681
0,704,682
0,689,683
0,684,685
0,686,698
0,692,706
0,710,695
0,696,701
0,697,708
0,712,711
0,717,716
1,3,0
1,1,33
1,2,26
1,4,5
1,27,6
1,7,10
1,9,8
1,12,11
1,13,24
1,19,14
1,15,25
1,28,16
1,21,17
1,20,18
1,23,22
1,31,29
1,30,32
1,34,40
1,35,62
1,36,50
1,38,37
1,60,39
1,57,41
1,42,43
1,63,44
1,49,45
1,46,65
1,47,48
1,59,51
1,54,52
1,53,58
1,55,56
1,61,64
1,66,67
1,68,80
1,77,69
1,70,78
1,83,71
1,72,142
1,73,82
1,79,74
1,85,75
1,101,76
1,81,109
1,95,84
1,143,86
1,151,87
1,121,88
1,89,133
1,90,136
1,139,91
1,98,92
1,94,93
1,111,96
1,97,104
1,99,100
1,112,102
1,125,103
1,106,105
1,108,107
1,110,126
1,113,114
1,115,116
1,117,119
1,120,118
1,124,122
1,123,128
1,127,150
1,129,130
1,132,131
1,134,135
1,137,138
1,141,140
1,144,147
1,146,145
1,148,149
1,152,218
1,153,157
1,154,194
1,155,215
1,212,156
1,204,158
1,160,159
1,161,162
1,183,163
1,221,164
1,165,169
1,166,214
1,167,168
1,179,170
1,178,171
1,172,217
1,173,200
1,174,196
1,175,181
1,211,176
1,197,177
1,213,180
1,184,182
1,185,199
1,186,219
1,189,187
1,188,203
1,190,193
1,191,192
1,195,220
1,216,198
1,206,201
1,205,202
1,210,207
1,209,208
1,222,226
1,223,232
1,224,233
1,229,225
1,227,231
1,228,230
1,234,236
1,235,239
1,237,238
1,241,240
1,242,251
1,246,243
1,245,244
1,247,248
1,252,249
1,253,250
1,254,265
1,317,255
1,295,256
1,268,257
1,258,280
1,319,259
1,309,260
1,261,272
1,262,318
1,263,297
1,294,264
1,275,266
1,271,267
1,269,270
1,273,308
1,274,325
1,277,276
1,286,278
1,302,279
1,293,281
1,282,313
1,289,283
1,311,284
1,285,304
1,287,288
1,324,290
1,291,292
1,296,300
1,298,299
1,301,303
1,310,305
1,307,306
1,320,312
1,323,314
1,316,315
1,322,321
1,337,326
1,327,328
1,329,362
1,330,332
1,331,333
1,334,339
1,343,335
1,336,361
1,338,363
1,340,364
1,342,341
1,345,344
1,366,346
1,365,347
1,369,348
1,349,354
1,350,360
1,351,371
1,352,358
1,353,370
1,355,367
1,357,356
1,359,368
1,378,372
1,373,412
1,374,399
1,385,375
1,376,413
1,377,381
1,404,379
1,382,380
1,383,386
1,384,388
1,387,390
1,389,402
1,397,391
1,392,398
1,394,393
1,396,395
1,400,401
1,403,409
1,405,406
1,408,407
1,411,410
1,462,414
1,415,483
1,426,416
1,417,423
1,418,485
1,419,468
1,430,420
1,421,442
1,463,422
1,431,424
1,460,425
1,427,464
1,488,428
1,429,456
1,480,432
1,492,433
1,461,434
1,444,435
1,479,436
1,484,437
1,454,438
1,439,450
1,441,440
1,478,443
1,445,476
1,446,447
1,449,448
1,451,452
1,469,453
1,455,458
1,477,457
1,459,465
1,466,467
1,470,486
1,471,487
1,491,472
1,473,475
1,493,474
1,481,482
1,489,490
1,494,574
1,495,496
1,520,497
1,498,569
1,548,499
1,517,500
1,550,501
1,502,511
1,503,521
1,504,514
1,505,571
1,519,506
1,507,513
1,560,508
1,509,528
1,568,510
1,551,512
1,515,532
1,564,516
1,518,525
1,522,545
1,523,524
1,526,552
1,543,527
1,533,529
1,530,531
1,534,570
1,535,541
1,536,563
1,565,537
1,566,538
1,539,573
1,549,540
1,542,553
1,544,567
1,546,547
1,554,579
1,555,556
1,557,558
1,572,559
1,562,561
1,575,576
1,577,578
1,580,596
1,581,583
1,582,592
1,584,595
1,594,585
1,586,591
1,587,590
1,599,588
1,589,598
1,593,597
1,625,600
1,615,601
1,649,602
1,603,604
1,633,605
1,651,606
1,630,607
1,608,646
1,614,609
1,629,610
1,611,616
1,626,612
1,613,648
1,644,617
1,621,618
1,624,619
1,641,620
1,654,622
1,653,623
1,628,627
1,631,632
1,637,634
1,635,636
1,655,638
1,640,639
1,643,642
1,645,647
1,652,650
1,657,656
1,714,658
1,663,659
1,698,660
1,661,704
1,662,692
1,664,665
1,666,679
1,667,684
1,672,668
1,703,669
1,695,670
1,687,671
1,673,694
1,674,693
1,675,717
1,715,676
1,685,677
1,705,678
1,713,680
1,701,681
1,682,690
1,683,702
1,699,686
1,711,688
1,712,689
1,700,691
1,716,696
1,706,697
1,708,707
1,709,710
2,0,27
2,16,1
2,2,3
2,10,4
2,5,9
2,6,25
2,11,7
2,8,12
2,22,13
2,14,20
2,33,15
2,17,19
2,18,21
2,26,23
2,24,28
2,29,32
2,30,31
2,35,34
2,36,42
2,37,59
2,50,38
2,39,57
2,40,43
2,51,41
2,44,49
2,48,45
2,55,46
2,62,47
2,58,52
2,53,54
2,56,63
2,64,60
2,65,61
2,68,66
2,80,67
2,138,69
2,70,137
2,82,71
2,72,113
2,73,110
2,74,81
2,75,134
2,133,76
2,111,77
2,78,79
2,119,83
2,84,94
2,126,85
2,86,117
2,88,87
2,102,89
2,92,90
2,91,112
2,93,135
2,109,95
2,96,106
2,103,97
2,98,99
2,100,129
2,118,101
2,149,104
2,105,108
2,107,121
2,114,115
2,116,150
2,140,120
2,122,127
2,123,124
2,147,125
2,128,151
2,130,132
2,131,148
2,136,139
2,142,141
2,145,143
2,146,144
2,165,152
2,199,153
2,154,191
2,162,155
2,198,156
2,169,157
2,158,203
2,161,159
2,209,160
2,212,163
2,164,189
2,166,167
2,207,168
2,170,178
2,171,177
2,188,172
2,217,173
2,174,179
2,220,175
2,176,190
2,180,183
2,181,213
2,200,182
2,218,184
2,186,185
2,187,221
2,192,197
2,193,214
2,208,194
2,219,195
2,196,216
2,201,205
2,202,206
2,215,204
2,210,211
2,225,222
2,223,226
2,238,224
2,239,227
2,231,228
2,230,229
2,233,232
2,234,237
2,240,235
2,241,236
2,250,242
2,243,249
2,244,252
2,247,245
2,251,246
2,248,253
2,254,263
2,255,306
2,256,268
2,257,269
2,274,258
2,259,318
2,316,260
2,314,261
2,293,262
2,264,295
2,265,323
2,267,266
2,270,300
2,276,271
2,272,297
2,273,317
2,275,282
2,277,291
2,305,278
2,279,311
2,280,283
2,281,298
2,284,290
2,286,285
2,287,289
2,288,322
2,292,309
2,313,294
2,319,296
2,308,299
2,301,324
2,302,320
2,310,303
2,304,307
2,312,321
2,325,315
2,327,326
2,328,334
2,366,329
2,333,330
2,339,331
2,364,332
2,361,335
2,336,338
2,337,355
2,341,340
2,371,342
2,343,345
2,344,354
2,357,346
2,367,347
2,348,368
2,363,349
2,370,350
2,365,351
2,352,359
2,358,353
2,356,362
2,360,369
2,372,385
2,379,373
2,374,376
2,406,375
2,382,377
2,404,378
2,380,381
2,388,383
2,390,384
2,386,412
2,403,387
2,401,389
2,398,391
2,399,392
2,409,393
2,395,394
2,410,396
2,408,397
2,402,400
2,413,405
2,407,411
2,456,414
2,446,415
2,483,416
2,417,430
2,418,419
2,420,467
2,421,460
2,422,459
2,423,431
2,424,485
2,425,462
2,472,426
2,432,427
2,435,428
2,434,429
2,433,488
2,436,457
2,437,481
2,482,438
2,452,439
2,440,449
2,441,492
2,442,478
2,443,479
2,458,444
2,445,455
2,447,493
2,448,473
2,450,469
2,453,451
2,476,454
2,466,461
2,463,480
2,464,484
2,465,468
2,470,471
2,475,474
2,490,477
2,487,486
2,491,489
2,494,496
2,495,513
2,574,497
2,570,498
2,499,540
2,500,518
2,501,569
2,573,502
2,503,554
2,571,504
2,515,505
2,506,516
2,559,507
2,508,520
2,548,509
2,510,527
2,511,560
2,512,517
2,572,514
2,577,519
2,565,521
2,522,544
2,563,523
2,541,524
2,525,567
2,575,526
2,531,528
2,529,562
2,561,530
2,532,546
2,553,533
2,576,534
2,535,536
2,538,537
2,566,539
2,552,542
2,578,543
2,545,551
2,547,564
2,550,549
2,555,557
2,558,556
2,579,568
2,598,580
2,599,581
2,597,582
2,583,595
2,590,584
2,585,586
2,587,594
2,588,593
2,592,589
2,591,596
2,600,611
2,601,614
2,602,621
2,633,603
2,650,604
2,609,605
2,606,656
2,607,657
2,612,608
2,610,648
2,613,615
2,616,645
2,627,617
2,618,637
2,636,619
2,639,620
2,632,622
2,630,623
2,631,624
2,626,625
2,628,641
2,629,640
2,635,634
2,638,654
2,653,642
2,643,644
2,647,646
2,649,655
2,651,652
2,658,672
2,659,682
2,660,694
2,661,662
2,692,663
2,669,664
2,671,665
2,678,666
2,667,714
2,679,668
2,670,693
2,674,673
2,695,675
2,676,713
2,677,715
2,686,680
2,681,696
2,716,683
2,684,698
2,685,699
2,687,711
2,688,690
2,691,689
2,697,709
2,717,700
2,701,702
2,703,705
2,704,712
2,706,708
2,707,710
3,0,6
3,31,1
3,5,2
3,3,15
3,4,33
3,7,9
3,8,11
3,10,12
3,13,23
3,32,14
3,16,29
3,17,18
3,19,20
3,21,30
3,24,22
3,25,26
3,28,27
3,48,34
3,42,35
3,40,36
3,39,37
3,38,59
3,41,50
3,43,51
3,45,44
3,46,64
3,49,47
3,52,62
3,61,53
3,56,54
3,63,55
3,57,60
3,65,58
3,66,110
3,67,84
3,79,68
3,69,137
3,115,70
3,71,136
3,82,72
3,83,73
3,74,113
3,135,75
3,76,134
3,77,89
3,78,116
3,109,80
3,126,81
3,93,85
3,86,88
3,87,141
3,90,139
3,91,98
3,100,92
3,94,95
3,99,96
3,150,97
3,133,101
3,102,111
3,138,103
3,104,125
3,105,107
3,106,108
3,112,145
3,114,151
3,120,117
3,118,119
3,127,121
3,122,123
3,124,128
3,129,132
3,130,131
3,142,140
3,143,146
3,148,144
3,149,147
3,152,199
3,153,218
3,167,154
3,155,187
3,156,197
3,157,165
3,195,158
3,159,211
3,160,162
3,176,161
3,163,201
3,164,205
3,194,166
3,168,193
3,182,169
3,191,170
3,171,192
3,172,180
3,173,184
3,178,174
3,196,175
3,177,212
3,179,185
3,200,181
3,183,213
3,216,186
3,204,188
3,189,202
3,190,210
3,198,217
3,203,215
3,206,221
3,208,207
3,214,209
3,219,220
3,222,233
3,227,223
3,232,224
3,228,225
3,226,230
3,229,231
3,238,234
3,235,241
3,236,240
3,237,239
3,245,242
3,252,243
3,244,246
3,251,247
3,250,248
3,249,253
3,266,254
3,265,255
3,257,256
3,321,258
3,259,281
3,260,272
3,261,270
3,309,262
3,263,317
3,313,264
3,267,277
3,269,268
3,294,271
3,292,273
3,291,274
3,276,275
3,278,285
3,283,279
3,290,280
3,295,282
3,284,289
3,306,286
3,315,287
3,303,288
3,318,293
3,299,296
3,297,319
3,300,298
3,323,301
3,312,302
3,305,304
3,311,307
3,308,325
3,324,310
3,314,316
3,320,322
3,326,348
3,356,327
3,328,339
3,334,329
3,364,330
3,331,340
3,332,366
3,347,333
3,335,363
3,344,336
3,359,337
3,354,338
3,341,351
3,342,365
3,361,343
3,345,349
3,346,367
3,353,350
3,371,352
3,355,360
3,362,357
3,369,358
3,368,370
3,389,372
3,373,382
3,412,374
3,375,402
3,376,406
3,377,385
3,381,378
3,400,379
3,380,404
3,383,387
3,386,384
3,390,388
3,391,394
3,392,396
3,393,395
3,407,397
3,409,398
3,399,413
3,405,401
3,410,403
3,411,408
3,414,434
3,415,491
3,416,446
3,431,417
3,440,418
3,419,465
3,420,443
3,467,421
3,422,424
3,423,463
3,461,425
3,426,483
3,427,482
3,428,479
3,429,433
3,430,442
3,432,437
3,435,436
3,438,449
3,439,477
3,493,441
3,457,444
3,471,445
3,489,447
3,451,448
3,450,452
3,473,453
3,454,455
3,468,456
3,486,458
3,459,460
3,462,492
3,481,464
3,485,466
3,469,475
3,474,470
3,472,490
3,476,487
3,488,478
3,480,484
3,497,494
3,527,495
3,496,570
3,540,498
3,499,550
3,500,579
3,501,558
3,513,502
3,544,503
3,504,538
3,505,565
3,564,506
3,520,507
3,508,511
3,509,549
3,510,577
3,518,512
3,514,571
3,568,515
3,516,546
3,551,517
3,547,519
3,521,566
3,567,522
3,523,541
3,524,535
3,536,525
3,526,548
3,528,530
3,542,529
3,563,531
3,578,532
3,533,552
3,534,562
3,537,539
3,543,572
3,554,545
3,553,561
3,569,555
3,556,557
3,559,576
3,560,575
3,573,574
3,580,581
3,595,582
3,596,583
3,584,599
3,585,588
3,586,592
3,593,587
3,589,597
3,591,590
3,594,598
3,647,600
3,601,610
3,634,602
3,657,603
3,604,630
3,605,629
3,606,607
3,608,645
3,648,609
3,611,626
3,646,612
3,622,613
3,614,615
3,616,640
3,617,624
3,620,618
3,619,643
3,621,638
3,623,635
3,625,639
3,636,627
3,656,628
3,652,631
3,632,633
3,637,649
3,642,641
3,644,653
3,650,651
3,655,654
3,660,658
3,659,692
3,682,661
3,712,662
3,711,663
3,664,687
3,665,703
3,671,666
3,668,667
3,705,669
3,694,670
3,700,672
3,675,673
3,686,674
3,676,685
3,677,701
3,678,679
3,680,697
3,681,716
3,683,707
3,684,715
3,689,688
3,690,704
3,714,691
3,693,695
3,696,713
3,698,699
3,702,717
3,710,706
3,708,709
4,26,0
4,1,24
4,9,2
4,3,25
4,4,8
4,15,5
4,6,33
4,12,7
4,11,10
4,18,13
4,14,29
4,27,16
4,30,17
4,31,19
4,20,21
4,22,32
4,23,28
4,34,49
4,36,35
4,37,61
4,51,38
4,59,39
4,50,40
4,41,42
4,43,46
4,44,48
4,47,45
4,55,52
4,53,63
4,54,58
4,62,56
4,57,64
4,60,65
4,66,79
4,95,67
4,81,68
4,69,78
4,116,70
4,71,118
4,72,74
4,73,126
4,75,133
4,84,76
4,137,77
4,110,80
4,119,82
4,117,83
4,85,94
4,141,86
4,140,87
4,88,120
4,89,135
4,98,90
4,136,91
4,92,105
4,134,93
4,96,131
4,97,138
4,139,99
4,132,100
4,101,109
4,145,102
4,103,149
4,147,104
4,123,106
4,107,130
4,108,122
4,111,146
4,129,112
4,113,142
4,150,114
4,151,115
4,121,128
4,127,124
4,125,148
4,144,143
4,184,152
4,213,153
4,192,154
4,155,189
4,156,177
4,197,157
4,215,158
4,204,159
4,207,160
4,161,190
4,211,162
4,163,206
4,187,164
4,221,165
4,166,208
4,193,167
4,168,214
4,199,169
4,170,198
4,191,171
4,172,218
4,173,216
4,185,174
4,175,200
4,210,176
4,178,179
4,181,180
4,182,183
4,217,186
4,188,219
4,209,194
4,195,196
4,201,202
4,203,220
4,205,212
4,230,222
4,233,223
4,224,239
4,225,232
4,226,228
4,229,227
4,231,236
4,234,240
4,235,237
4,241,238
4,242,252
4,253,243
4,248,244
4,245,251
4,246,249
4,247,250
4,255,254
4,272,256
4,319,257
4,258,313
4,289,259
4,315,260
4,316,261
4,262,308
4,293,263
4,264,276
4,286,265
4,285,266
4,317,267
4,268,297
4,296,269
4,298,270
4,271,295
4,274,273
4,277,275
4,307,278
4,279,280
4,288,281
4,282,294
4,311,283
4,320,284
4,287,314
4,290,312
4,309,291
4,325,292
4,300,299
4,301,302
4,304,303
4,321,305
4,322,306
4,310,318
4,324,323
4,370,326
4,327,359
4,337,328
4,329,364
4,330,346
4,331,332
4,340,333
4,334,341
4,349,335
4,336,343
4,338,361
4,339,371
4,351,342
4,363,344
4,354,345
4,362,347
4,348,360
4,350,369
4,352,353
4,355,357
4,367,356
4,358,368
4,365,366
4,372,381
4,374,373
4,405,375
4,401,376
4,404,377
4,378,382
4,402,379
4,385,380
4,413,383
4,384,395
4,406,386
4,387,410
4,388,407
4,389,400
4,397,390
4,392,391
4,396,393
4,394,398
4,412,399
4,403,411
4,408,409
4,414,433
4,458,415
4,488,416
4,417,424
4,418,423
4,419,467
4,429,420
4,421,443
4,485,422
4,425,468
4,462,426
4,484,427
4,428,456
4,430,431
4,464,432
4,436,434
4,478,435
4,437,438
4,455,439
4,460,440
4,459,441
4,479,442
4,444,483
4,445,454
4,446,472
4,491,447
4,448,450
4,449,451
4,453,452
4,487,457
4,492,461
4,482,463
4,465,466
4,469,474
4,490,470
4,471,473
4,475,493
4,486,476
4,477,489
4,480,481
4,494,508
4,495,510
4,527,496
4,513,497
4,498,558
4,557,499
4,549,500
4,540,501
4,502,559
4,504,503
4,514,505
4,546,506
4,507,575
4,535,509
4,511,573
4,526,512
4,515,554
4,516,547
4,517,567
4,579,518
4,519,532
4,520,578
4,521,545
4,538,522
4,576,523
4,552,524
4,537,525
4,562,528
4,529,531
4,530,563
4,541,533
4,561,534
4,556,536
4,539,565
4,560,542
4,577,543
4,544,551
4,548,550
4,574,553
4,570,555
4,569,564
4,572,566
4,571,568
4,584,580
4,581,595
4,582,586
4,583,591
4,587,585
4,588,590
4,589,599
4,597,592
4,598,593
4,594,596
4,600,616
4,609,601
4,602,628
4,603,651
4,604,652
4,648,605
4,629,606
4,607,656
4,611,608
4,610,627
4,612,647
4,613,634
4,614,650
4,615,657
4,617,636
4,618,655
4,620,619
4,654,621
4,623,622
4,624,642
4,640,625
4,626,646
4,630,632
4,633,631
4,635,637
4,649,638
4,645,639
4,641,644
4,643,653
4,658,684
4,661,659
4,674,660
4,662,704
4,663,688
4,664,679
4,705,665
4,666,687
4,667,681
4,668,700
4,669,671
4,670,708
4,672,691
4,673,710
4,675,686
4,701,676
4,714,677
4,703,678
4,680,696
4,682,712
4,709,683
4,715,685
4,717,689
4,711,690
4,697,692
4,699,693
4,695,694
4,713,698
4,716,702
4,707,706
5,0,24
5,6,1
5,2,12
5,10,3
5,7,4
5,5,11
5,8,15
5,33,9
5,13,19
5,14,31
5,22,16
5,20,17
5,18,30
5,29,21
5,23,32
5,28,25
5,26,27
5,34,36
5,35,41
5,60,37
5,38,57
5,39,51
5,40,42
5,50,43
5,58,44
5,45,54
5,63,46
5,52,47
5,48,62
5,49,53
5,64,55
5,65,56
5,59,61
5,80,66
5,67,81
5,68,69
5,70,138
5,141,71
5,72,120
5,119,73
5,126,74
5,101,75
5,76,135
5,79,77
5,78,115
5,117,82
5,113,83
5,84,93
5,85,109
5,140,86
5,136,87
5,88,142
5,89,112
5,108,90
5,92,91
5,134,94
5,95,133
5,96,130
5,97,149
5,98,139
5,132,99
5,131,100
5,146,102
5,103,148
5,137,104
5,151,105
5,121,106
5,107,122
5,110,118
5,111,143
5,116,114
5,123,127
5,125,124
5,128,150
5,144,129
5,147,145
5,152,173
5,153,182
5,154,168
5,176,155
5,202,156
5,157,183
5,158,188
5,159,209
5,190,160
5,210,161
5,162,204
5,205,163
5,164,201
5,165,199
5,192,166
5,214,167
5,169,172
5,170,207
5,171,194
5,174,191
5,219,175
5,198,177
5,217,178
5,186,179
5,180,200
5,181,196
5,184,216
5,220,185
5,206,187
5,189,203
5,208,193
5,218,195
5,212,197
5,215,211
5,221,213
5,232,222
5,223,235
5,236,224
5,225,231
5,227,226
5,228,229
5,233,230
5,241,234
5,240,237
5,239,238
5,242,247
5,243,250
5,244,249
5,246,245
5,252,248
5,251,253
5,254,285
5,255,286
5,256,269
5,270,257
5,258,320
5,299,259
5,260,314
5,261,315
5,266,262
5,263,324
5,264,265
5,267,309
5,268,296
5,271,282
5,272,319
5,273,321
5,313,274
5,275,322
5,295,276
5,277,317
5,278,306
5,279,290
5,280,284
5,281,310
5,283,312
5,287,311
5,318,288
5,289,301
5,291,298
5,294,292
5,308,293
5,297,300
5,302,304
5,303,305
5,323,307
5,325,316
5,326,358
5,327,339
5,356,328
5,329,355
5,347,330
5,364,331
5,332,345
5,333,342
5,366,334
5,338,335
5,371,336
5,337,352
5,340,351
5,341,344
5,343,363
5,346,362
5,359,348
5,361,349
5,367,350
5,353,369
5,365,354
5,357,370
5,360,368
5,372,374
5,377,373
5,375,400
5,376,405
5,378,385
5,379,401
5,380,402
5,381,404
5,382,389
5,395,383
5,397,384
5,386,387
5,411,388
5,398,390
5,391,412
5,393,392
5,396,394
5,399,409
5,408,403
5,413,406
5,407,410
5,443,414
5,436,415
5,447,416
5,422,417
5,465,418
5,466,419
5,456,420
5,421,430
5,423,440
5,424,480
5,425,459
5,433,426
5,463,427
5,434,428
5,442,429
5,431,485
5,438,432
5,435,479
5,444,437
5,439,471
5,441,448
5,452,445
5,491,446
5,449,453
5,450,451
5,454,477
5,476,455
5,478,457
5,458,487
5,460,462
5,493,461
5,464,482
5,467,468
5,473,469
5,470,475
5,472,489
5,474,492
5,484,481
5,483,488
5,490,486
5,570,494
5,530,495
5,496,497
5,498,501
5,555,499
5,512,500
5,502,520
5,503,505
5,568,504
5,506,547
5,507,560
5,542,508
5,518,509
5,510,569
5,561,511
5,574,513
5,566,514
5,515,546
5,578,516
5,517,579
5,543,519
5,522,521
5,536,523
5,524,556
5,525,549
5,567,526
5,531,527
5,528,529
5,532,564
5,533,534
5,550,535
5,545,537
5,539,538
5,558,540
5,541,557
5,554,544
5,551,548
5,552,576
5,563,553
5,575,559
5,562,573
5,565,572
5,571,577
5,599,580
5,582,581
5,586,583
5,591,584
5,592,585
5,597,587
5,598,588
5,590,589
5,593,594
5,596,595
5,649,600
5,601,613
5,638,602
5,618,603
5,656,604
5,605,632
5,655,606
5,628,607
5,608,626
5,609,610
5,646,611
5,640,612
5,634,614
5,651,615
5,647,616
5,642,617
5,619,623
5,644,620
5,621,657
5,653,622
5,624,643
5,625,645
5,627,652
5,629,633
5,631,630
5,635,650
5,637,636
5,639,648
5,641,654
5,658,664
5,704,659
5,713,660
5,692,661
5,688,662
5,700,663
5,687,665
5,669,666
5,667,672
5,698,668
5,674,670
5,678,671
5,709,673
5,693,675
5,676,680
5,677,684
5,679,705
5,681,717
5,696,682
5,715,683
5,685,714
5,694,686
5,690,689
5,691,711
5,706,695
5,707,697
5,699,703
5,701,716
5,702,712
5,710,708
6,0,28
6,1,23
6,2,27
6,3,5
6,12,4
6,24,6
6,15,7
6,10,8
6,11,9
6,17,13
6,21,14
6,16,31
6,32,18
6,19,29
6,30,20
6,25,22
6,33,26
6,63,34
6,48,35
6,51,36
6,40,37
6,61,38
6,39,65
6,43,41
6,42,50
6,53,44
6,45,52
6,46,47
6,54,49
6,55,62
6,56,64
6,57,59
6,58,60
6,66,70
6,67,79
6,68,78
6,69,116
6,87,71
6,114,72
6,118,73
6,74,117
6,75,95
6,94,76
6,77,134
6,126,80
6,81,110
6,82,140
6,83,88
6,109,84
6,133,85
6,86,136
6,93,89
6,90,107
6,91,132
6,139,92
6,129,96
6,148,97
6,130,98
6,99,131
6,100,123
6,135,101
6,102,144
6,124,103
6,104,150
6,105,121
6,106,151
6,127,108
6,145,111
6,112,146
6,115,113
6,142,119
6,120,141
6,122,128
6,138,125
6,149,137
6,143,147
6,152,157
6,183,153
6,179,154
6,155,221
6,156,205
6,211,158
6,207,159
6,160,210
6,161,203
6,162,176
6,163,202
6,164,206
6,187,165
6,193,166
6,167,208
6,168,171
6,218,169
6,196,170
6,172,184
6,173,181
6,186,174
6,175,180
6,177,192
6,191,178
6,213,182
6,185,195
6,188,215
6,189,201
6,209,190
6,194,214
6,216,197
6,198,212
6,199,220
6,200,217
6,204,219
6,222,227
6,223,228
6,224,225
6,226,229
6,230,231
6,238,232
6,240,233
6,235,234
6,236,239
6,237,241
6,249,242
6,243,245
6,250,244
6,253,246
6,252,247
6,248,251
6,306,254
6,285,255
6,270,256
6,257,261
6,312,258
6,259,262
6,269,260
6,319,263
6,274,264
6,265,267
6,266,291
6,300,268
6,275,271
6,315,272
6,273,313
6,276,294
6,282,277
6,278,310
6,284,279
6,311,280
6,316,281
6,290,283
6,317,286
6,321,287
6,288,293
6,320,289
6,292,295
6,298,296
6,297,299
6,304,301
6,305,302
6,303,318
6,307,322
6,324,308
6,323,309
6,314,325
6,326,356
6,345,327
6,328,358
6,342,329
6,351,330
6,347,331
6,332,340
6,333,364
6,334,367
6,335,339
6,336,354
6,363,337
6,349,338
6,341,366
6,344,343
6,346,365
6,348,350
6,368,352
6,357,353
6,355,362
6,369,359
6,370,360
6,361,371
6,412,372
6,373,378
6,374,377
6,375,413
6,376,379
6,389,380
6,400,381
6,401,382
6,383,405
6,387,384
6,385,404
6,390,386
6,388,408
6,395,391
6,392,394
6,403,393
6,407,396
6,409,397
6,410,398
6,411,399
6,406,402
6,428,414
6,415,472
6,416,458
6,417,463
6,467,418
6,419,425
6,420,465
6,468,421
6,430,422
6,485,423
6,440,424
6,426,491
6,427,437
6,459,429
6,466,431
6,432,449
6,479,433
6,434,478
6,457,435
6,456,436
6,481,438
6,451,439
6,441,460
6,442,443
6,455,444
6,477,445
6,446,490
6,447,483
6,448,454
6,461,450
6,493,452
6,453,476
6,488,462
6,480,464
6,469,471
6,470,487
6,474,473
6,492,475
6,482,484
6,489,486
6,511,494
6,577,495
6,519,496
6,497,507
6,555,498
6,499,558
6,500,551
6,501,556
6,508,502
6,503,567
6,504,515
6,505,568
6,506,578
6,509,517
6,532,510
6,545,512
6,513,520
6,547,514
6,516,579
6,526,518
6,538,521
6,554,522
6,523,550
6,536,524
6,535,525
6,564,527
6,569,528
6,529,570
6,534,530
6,531,561
6,533,563
6,537,544
6,572,539
6,540,557
6,553,541
6,565,542
6,546,543
6,549,548
6,575,552
6,559,574
6,573,560
6,576,562
6,566,571
6,580,592
6,596,581
6,589,582
6,584,583
6,585,593
6,595,586
6,587,598
6,588,597
6,594,590
6,591,599
6,600,638
6,652,601
6,602,618
6,650,603
6,604,627
6,605,631
6,606,628
6,639,607
6,608,655
6,632,609
6,610,630
6,611,647
6,612,649
6,614,613
6,615,635
6,616,653
6,617,643
6,622,619
6,636,620
6,645,621
6,634,623
6,644,624
6,625,633
6,626,640
6,648,629
6,657,637
6,646,641
6,654,642
6,651,656
6,668,658
6,659,706
6,660,715
6,661,690
6,662,663
6,705,664
6,665,678
6,666,667
6,679,669
6,670,707
6,671,700
6,672,699
6,673,695
6,683,674
6,675,709
6,684,676
6,698,677
6,680,681
6,689,682
6,685,701
6,686,713
6,703,687
6,712,688
6,691,717
6,708,692
6,693,694
6,696,702
6,697,710
6,711,704
6,714,716
7,1,0
7,11,2
7,3,8
7,4,25
7,7,5
7,26,6
7,9,28
7,15,10
7,12,33
7,13,16
7,18,14
7,17,23
7,19,30
7,20,32
7,31,21
7,27,22
7,29,24
7,47,34
7,49,35
7,36,57
7,37,43
7,38,40
7,50,39
7,41,64
7,42,51
7,44,52
7,62,45
7,56,46
7,55,48
7,65,53
7,54,63
7,61,58
7,60,59
7,66,78
7,75,67
7,85,68
7,76,69
7,70,147
7,71,88
7,141,72
7,73,105
7,74,90
7,135,77
7,79,103
7,84,80
7,81,115
7,118,82
7,120,83
7,86,122
7,87,128
7,95,89
7,102,91
7,92,136
7,93,137
7,94,138
7,107,96
7,125,97
7,98,132
7,129,99
7,139,100
7,134,101
7,104,148
7,127,106
7,117,108
7,109,126
7,110,119
7,133,111
7,112,144
7,140,113
7,142,114
7,116,130
7,150,121
7,123,146
7,151,124
7,143,131
7,149,145
7,213,152
7,153,169
7,154,177
7,210,155
7,201,156
7,182,157
7,158,187
7,159,194
7,214,160
7,211,161
7,190,162
7,197,163
7,165,164
7,166,171
7,207,167
7,208,168
7,174,170
7,216,172
7,183,173
7,195,175
7,176,215
7,178,186
7,192,179
7,180,218
7,184,181
7,185,217
7,188,199
7,206,189
7,191,198
7,209,193
7,200,196
7,212,202
7,203,219
7,204,220
7,205,221
7,222,238
7,234,223
7,229,224
7,225,230
7,231,226
7,227,228
7,232,240
7,233,235
7,237,236
7,239,241
7,246,242
7,248,243
7,253,244
7,245,250
7,247,249
7,251,252
7,262,254
7,255,323
7,256,315
7,260,257
7,258,273
7,259,298
7,261,269
7,300,263
7,271,264
7,301,265
7,309,266
7,267,291
7,268,314
7,299,270
7,318,272
7,308,274
7,294,275
7,313,276
7,295,277
7,322,278
7,287,279
7,280,325
7,319,281
7,292,282
7,283,305
7,284,312
7,285,307
7,286,304
7,288,320
7,289,303
7,316,290
7,293,324
7,296,297
7,310,302
7,317,306
7,321,311
7,359,326
7,362,327
7,350,328
7,329,347
7,330,341
7,331,351
7,342,332
7,365,333
7,334,355
7,344,335
7,345,336
7,337,361
7,338,343
7,339,349
7,340,346
7,358,348
7,352,369
7,368,353
7,354,363
7,356,370
7,360,357
7,364,371
7,367,366
7,372,395
7,373,413
7,381,374
7,379,375
7,402,376
7,377,412
7,380,378
7,382,400
7,383,390
7,384,403
7,385,389
7,386,388
7,408,387
7,391,396
7,405,392
7,393,397
7,394,409
7,398,411
7,399,410
7,401,406
7,404,407
7,414,442
7,415,488
7,416,425
7,485,417
7,418,466
7,459,419
7,468,420
7,429,421
7,422,423
7,424,465
7,457,426
7,427,481
7,428,443
7,430,467
7,463,431
7,454,432
7,478,433
7,479,434
7,486,435
7,444,436
7,437,482
7,464,438
7,439,453
7,480,440
7,450,441
7,445,470
7,489,446
7,490,447
7,484,448
7,449,452
7,469,451
7,455,477
7,462,456
7,476,458
7,492,460
7,475,461
7,471,474
7,472,483
7,473,493
7,487,491
7,494,531
7,495,532
7,573,496
7,497,577
7,557,498
7,499,549
7,509,500
7,501,555
7,502,530
7,522,503
7,539,504
7,505,566
7,543,506
7,507,511
7,574,508
7,510,516
7,544,512
7,560,513
7,514,568
7,515,571
7,525,517
7,518,545
7,546,519
7,520,559
7,521,554
7,523,533
7,524,550
7,537,526
7,527,569
7,528,558
7,529,561
7,534,552
7,563,535
7,548,536
7,538,572
7,556,540
7,541,542
7,578,547
7,551,567
7,553,575
7,570,562
7,579,564
7,576,565
7,580,589
7,581,591
7,582,584
7,583,588
7,598,585
7,599,586
7,592,587
7,597,590
7,593,596
7,595,594
7,628,600
7,601,605
7,654,602
7,603,632
7,643,604
7,657,606
7,607,625
7,618,608
7,609,631
7,613,610
7,649,611
7,621,612
7,623,614
7,615,648
7,616,646
7,641,617
7,619,644
7,620,637
7,622,634
7,624,639
7,633,626
7,627,651
7,630,629
7,635,652
7,636,650
7,642,638
7,656,640
7,653,645
7,655,647
7,676,658
7,697,659
7,660,703
7,661,711
7,662,666
7,663,687
7,664,671
7,672,665
7,667,705
7,716,668
7,669,678
7,673,670
7,674,675
7,677,696
7,700,679
7,702,680
7,681,686
7,682,683
7,699,684
7,713,685
7,688,691
7,689,704
7,690,712
7,707,692
7,710,693
7,694,698
7,695,708
7,715,701
7,706,709
7,717,714
8,0,15
8,25,1
8,8,2
8,6,3
8,4,9
8,5,10
8,33,7
8,28,11
8,27,12
8,20,13
8,14,30
8,23,16
8,32,17
8,31,18
8,21,19
8,22,29
8,24,26
8,34,62
8,35,63
8,41,36
8,64,37
8,60,38
8,39,61
8,51,40
8,57,42
8,43,56
8,44,47
8,53,45
8,46,58
8,48,54
8,52,49
8,59,50
8,65,55
8,69,66
8,78,67
8,147,68
8,103,70
8,71,86
8,72,140
8,73,109
8,115,74
8,79,75
8,76,85
8,77,133
8,80,95
8,151,81
8,82,120
8,136,83
8,101,84
8,121,87
8,88,118
8,89,134
8,90,102
8,91,129
8,108,92
8,138,93
8,137,94
8,96,114
8,97,127
8,131,98
8,99,123
8,100,130
8,124,104
8,105,139
8,106,116
8,145,107
8,113,110
8,111,135
8,132,112
8,141,117
8,119,126
8,122,150
8,144,125
8,128,142
8,148,143
8,146,149
8,152,182
8,181,153
8,154,166
8,202,155
8,163,156
8,157,218
8,176,158
8,214,159
8,160,211
8,215,161
8,162,210
8,169,164
8,165,189
8,194,167
8,168,209
8,170,192
8,171,208
8,172,183
8,173,213
8,174,195
8,175,184
8,177,216
8,178,198
8,179,191
8,219,180
8,196,185
8,186,188
8,187,205
8,203,190
8,193,207
8,217,197
8,199,204
8,220,200
8,221,201
8,212,206
8,228,222
8,223,237
8,235,224
8,225,227
8,232,226
8,241,229
8,230,234
8,231,233
8,238,236
8,240,239
8,242,253
8,247,243
8,244,251
8,252,245
8,250,246
8,249,248
8,254,317
8,255,307
8,256,261
8,257,296
8,258,284
8,272,259
8,260,268
8,299,262
8,263,318
8,264,267
8,265,303
8,266,292
8,269,300
8,270,297
8,277,271
8,273,275
8,276,274
8,278,304
8,279,312
8,280,316
8,281,324
8,325,282
8,283,320
8,322,285
8,286,305
8,302,287
8,315,288
8,314,289
8,311,290
8,291,308
8,293,323
8,294,309
8,313,295
8,298,319
8,310,301
8,306,321
8,339,326
8,327,334
8,328,367
8,332,329
8,330,340
8,331,342
8,333,351
8,335,345
8,336,363
8,369,337
8,371,338
8,341,364
8,343,354
8,361,344
8,346,347
8,370,348
8,349,356
8,352,350
8,353,359
8,355,365
8,357,368
8,358,360
8,366,362
8,372,377
8,399,373
8,411,374
8,412,375
8,400,376
8,378,389
8,379,380
8,381,385
8,382,404
8,396,383
8,384,402
8,394,386
8,387,395
8,403,388
8,390,405
8,393,391
8,397,392
8,398,408
8,413,401
8,410,406
8,409,407
8,435,414
8,426,415
8,491,416
8,465,417
8,460,418
8,419,424
8,442,420
8,421,466
8,422,480
8,423,430
8,425,485
8,448,427
8,429,428
8,431,468
8,482,432
8,433,434
8,436,478
8,454,437
8,438,484
8,476,439
8,440,459
8,462,441
8,443,467
8,487,444
8,453,445
8,446,493
8,447,492
8,481,449
8,474,450
8,451,455
8,452,473
8,456,479
8,486,457
8,458,489
8,488,461
8,463,464
8,477,469
8,470,472
8,475,471
8,483,490
8,494,573
8,495,578
8,496,513
8,543,497
8,498,548
8,556,499
8,500,523
8,557,501
8,507,502
8,503,515
8,554,504
8,521,505
8,532,506
8,559,508
8,525,509
8,519,510
8,562,511
8,512,522
8,514,560
8,516,569
8,517,526
8,518,551
8,574,520
8,524,553
8,577,527
8,528,534
8,552,529
8,530,570
8,558,531
8,542,533
8,549,535
8,550,536
8,572,537
8,571,538
8,539,575
8,540,555
8,563,541
8,544,579
8,567,545
8,564,546
8,568,547
8,561,576
8,566,565
8,583,580
8,586,581
8,591,582
8,584,596
8,585,597
8,589,587
8,588,594
8,590,598
8,592,593
8,599,595
8,600,654
8,633,601
8,602,653
8,603,656
8,604,657
8,625,605
8,606,620
8,607,627
8,608,616
8,609,619
8,610,615
8,611,655
8,645,612
8,613,635
8,648,614
8,637,617
8,634,618
8,646,621
8,650,622
8,632,623
8,624,641
8,639,626
8,640,628
8,629,643
8,630,642
8,631,651
8,652,636
8,638,644
8,647,649
8,658,667
8,708,659
8,705,660
8,671,661
8,711,662
8,704,663
8,678,664
8,665,668
8,666,703
8,687,669
8,670,706
8,679,672
8,683,673
8,695,674
8,675,697
8,698,676
8,699,677
8,680,689
8,685,681
8,688,682
8,684,714
8,686,693
8,691,690
8,692,710
8,694,702
8,696,715
8,716,700
8,701,713
8,709,707
8,717,712
9,10,0
9,18,1
9,2,4
9,7,3
9,5,8
9,23,6
9,9,12
9,15,11
9,30,13
9,14,28
9,16,33
9,17,31
9,32,19
9,29,20
9,21,24
9,22,26
9,25,27
9,34,41
9,35,43
9,36,38
9,37,50
9,40,39
9,46,42
9,56,44
9,45,61
9,47,53
9,58,48
9,62,49
9,51,57
9,52,60
9,54,55
9,64,59
9,63,65
9,81,66
9,67,69
9,68,77
9,70,125
9,142,71
9,119,72
9,117,73
9,74,120
9,75,93
9,95,76
9,78,137
9,80,79
9,82,136
9,83,118
9,84,89
9,134,85
9,87,86
9,140,88
9,90,100
9,99,91
9,150,92
9,94,109
9,96,105
9,128,97
9,124,98
9,110,101
9,102,139
9,103,147
9,104,138
9,106,122
9,131,107
9,121,108
9,130,111
9,143,112
9,126,113
9,114,141
9,115,127
9,116,151
9,148,123
9,146,129
9,145,132
9,135,133
9,149,144
9,169,152
9,197,153
9,193,154
9,155,188
9,156,206
9,157,181
9,158,210
9,159,190
9,161,160
9,162,203
9,177,163
9,164,212
9,205,165
9,166,191
9,167,171
9,194,168
9,170,186
9,182,172
9,198,173
9,217,174
9,218,175
9,189,176
9,192,178
9,179,196
9,180,195
9,183,200
9,213,184
9,185,216
9,201,187
9,199,219
9,202,221
9,211,204
9,207,209
9,208,214
9,220,215
9,222,229
9,236,223
9,224,241
9,234,225
9,226,233
9,227,232
9,237,228
9,239,230
9,240,231
9,238,235
9,243,242
9,244,247
9,245,253
9,248,246
9,249,251
9,250,252
9,254,294
9,324,255
9,314,256
9,318,257
9,285,258
9,259,293
9,298,260
9,261,319
9,262,267
9,263,309
9,264,325
9,265,266
9,268,299
9,297,269
9,296,270
9,271,313
9,272,300
9,276,273
9,274,277
9,275,295
9,301,278
9,305,279
9,312,280
9,281,315
9,282,291
9,288,283
9,284,316
9,323,286
9,303,287
9,302,289
9,290,321
9,308,292
9,304,322
9,306,310
9,307,317
9,320,311
9,326,334
9,348,327
9,328,336
9,367,329
9,342,330
9,362,331
9,351,332
9,333,346
9,335,371
9,368,337
9,344,338
9,363,339
9,347,340
9,354,341
9,343,349
9,345,361
9,350,358
9,360,352
9,353,356
9,366,355
9,359,357
9,364,365
9,369,370
9,404,372
9,401,373
9,374,409
9,375,390
9,376,412
9,380,377
9,378,379
9,389,381
9,385,382
9,383,394
9,391,384
9,386,393
9,387,411
9,388,410
9,392,408
9,395,398
9,413,396
9,397,399
9,406,400
9,402,405
9,407,403
9,414,488
9,415,490
9,416,489
9,417,419
9,418,459
9,420,485
9,465,421
9,431,422
9,423,482
9,424,463
9,467,425
9,461,426
9,427,480
9,433,428
9,443,429
9,468,430
9,432,481
9,434,442
9,435,487
9,436,446
9,437,439
9,438,448
9,440,492
9,441,453
9,479,444
9,445,451
9,447,470
9,464,449
9,450,473
9,452,474
9,484,454
9,455,486
9,456,478
9,457,476
9,458,477
9,460,475
9,466,462
9,493,469
9,471,472
9,483,491
9,520,494
9,506,495
9,496,516
9,497,519
9,498,556
9,535,499
9,550,500
9,527,501
9,570,502
9,545,503
9,504,521
9,559,505
9,573,507
9,508,571
9,536,509
9,510,546
9,511,566
9,512,525
9,513,543
9,579,514
9,547,515
9,522,517
9,567,518
9,549,523
9,548,524
9,526,551
9,555,528
9,529,563
9,562,530
9,531,557
9,532,577
9,533,539
9,534,553
9,542,537
9,552,538
9,569,540
9,558,541
9,565,544
9,568,554
9,576,560
9,561,574
9,578,564
9,575,572
9,580,597
9,581,589
9,596,582
9,594,583
9,586,584
9,585,591
9,587,599
9,595,588
9,590,593
9,598,592
9,602,600
9,601,632
9,617,603
9,614,604
9,605,640
9,627,606
9,623,607
9,656,608
9,615,609
9,610,633
9,645,611
9,612,625
9,652,613
9,644,616
9,618,649
9,619,641
9,620,634
9,637,621
9,622,635
9,653,624
9,626,647
9,628,639
9,631,629
9,651,630
9,636,657
9,638,646
9,642,655
9,643,654
9,650,648
9,658,685
9,659,662
9,669,660
9,706,661
9,663,697
9,668,664
9,665,666
9,679,667
9,670,675
9,703,671
9,678,672
9,673,686
9,708,674
9,676,699
9,677,680
9,681,684
9,682,691
9,683,696
9,687,705
9,704,688
9,689,711
9,690,717
9,692,709
9,693,698
9,710,694
9,707,695
9,702,700
9,714,701
9,712,716
9,715,713
