0,IP,40,30
Time,Value 
2670,142404
2640,142420
2610,142454
2580,142552
2550,142606
2520,142612
2490,142630
2460,142860
2430,142896
2400,142912
2370,143084
2340,143580
2310,143640
2280,143662
2250,143692
2220,143712
2190,143762
2160,143766
2130,143768
2100,143864
2070,143886
2040,143904
2010,143926
1980,143984
1950,143992
1920,144020
1890,144118
1860,144230
1830,144306
1800,144355
1770,144360
840,152166
810,152262
780,152282
750,152294
720,154262
690,154302
660,154502
630,154668
600,154718
570,154776
540,154778
510,156342
480,156490
450,156492
420,156518
390,156524
0,165996
30,164776
60,164074
90,159500
120,159382
150,158944
180,158736
210,158692
240,158624
270,158266
300,157546
330,157456
360,156894
870,151774
900,151574
930,151528
960,151434
990,147822
1020,147452
1050,147444
1080,147420
1110,147326
1140,147240
1170,147178
1200,146924
1230,146862
1260,146770
1290,146634
1320,146620
1350,146554
1380,146504
1410,146480
1440,146410
1470,146216
1500,146132
1530,146060
1560,144672
1590,144584
1620,144516
1650,144514
1680,144478
1710,144442
1740,144440
Final, 142404,140070

Round,H_team,A_team 
0,0,7
0,4,1
0,8,2
0,3,6
0,14,5
0,13,9
0,21,10
0,19,11
0,20,12
0,17,15
0,16,18
0,22,33
0,23,25
0,24,30
0,26,28
0,27,32
0,29,35
0,37,31
0,39,34
0,38,36
1,35,0
1,1,27
1,2,20
1,11,3
1,36,4
1,5,17
1,6,14
1,7,19
1,15,8
1,9,33
1,10,16
1,12,13
1,18,26
1,32,21
1,28,22
1,29,23
1,31,24
1,25,38
1,30,39
1,34,37
2,37,0
2,2,1
2,14,3
2,35,4
2,5,18
2,6,27
2,13,7
2,16,8
2,15,9
2,17,10
2,11,12
2,19,33
2,20,26
2,30,21
2,22,38
2,28,23
2,24,29
2,25,32
2,31,39
2,36,34
3,39,0
3,1,15
3,27,2
3,3,18
3,34,4
3,8,5
3,11,6
3,7,22
3,9,14
3,10,19
3,12,16
3,17,13
3,21,20
3,23,24
3,25,37
3,26,31
3,29,28
3,32,30
3,33,36
3,38,35
4,0,10
4,1,5
4,21,2
4,3,7
4,4,15
4,6,8
4,9,22
4,18,11
4,14,12
4,16,13
4,19,17
4,20,25
4,23,26
4,24,37
4,28,27
4,32,29
4,30,34
4,31,38
4,35,33
4,36,39
5,0,1
5,2,19
5,37,3
5,12,4
5,5,9
5,10,6
5,7,21
5,8,14
5,17,11
5,13,36
5,15,20
5,29,16
5,27,18
5,22,30
5,38,23
5,26,24
5,25,28
5,33,31
5,39,32
5,34,35
6,0,14
6,1,19
6,2,5
6,35,3
6,4,21
6,12,6
6,7,8
6,9,36
6,11,10
6,13,15
6,30,16
6,20,17
6,28,18
6,24,22
6,39,23
6,25,29
6,27,26
6,31,34
6,38,32
6,33,37
7,8,0
7,37,1
7,16,2
7,32,3
7,4,19
7,5,24
7,6,9
7,14,7
7,10,36
7,26,11
7,15,12
7,18,13
7,17,27
7,20,35
7,21,31
7,22,39
7,23,33
7,34,25
7,30,28
7,29,38
8,0,9
8,39,1
8,14,2
8,3,5
8,4,8
8,6,24
8,12,7
8,10,15
8,34,11
8,19,13
8,16,17
8,20,18
8,27,21
8,29,22
8,23,31
8,35,25
8,26,33
8,32,28
8,38,30
8,36,37
9,28,0
9,38,1
9,2,23
9,3,4
9,5,16
9,15,6
9,7,10
9,8,12
9,9,19
9,33,11
9,13,20
9,18,14
9,17,32
9,21,29
9,22,34
9,24,27
9,25,26
9,36,30
9,31,35
9,37,39
10,29,0
10,1,16
10,2,3
10,7,4
10,10,5
10,17,6
10,13,8
10,11,9
10,12,19
10,20,14
10,15,23
10,18,32
10,26,21
10,25,22
10,24,34
10,27,31
10,28,33
10,37,30
10,35,36
10,39,38
11,32,0
11,1,11
11,4,2
11,3,10
11,5,13
11,6,7
11,8,18
11,9,12
11,14,15
11,16,24
11,21,17
11,19,28
11,22,20
11,23,35
11,31,25
11,30,26
11,36,27
11,34,29
11,33,39
11,38,37
12,0,11
12,21,1
12,7,2
12,16,3
12,4,10
12,15,5
12,13,6
12,9,8
12,12,18
12,39,14
12,17,24
12,19,23
12,20,28
12,22,35
12,25,30
12,26,34
12,37,27
12,29,36
12,31,32
12,33,38
13,5,0
13,34,1
13,2,13
13,12,3
13,6,4
13,9,7
13,8,17
13,10,25
13,11,22
13,38,14
13,16,15
13,18,19
13,23,20
13,24,21
13,32,26
13,27,33
13,28,39
13,30,29
13,36,31
13,35,37
14,0,6
14,35,1
14,2,17
14,3,13
14,4,9
14,5,7
14,19,8
14,10,22
14,11,16
14,12,25
14,37,14
14,15,18
14,20,24
14,21,28
14,23,27
14,36,26
14,29,39
14,31,30
14,33,32
14,38,34
15,15,0
15,1,3
15,18,2
15,14,4
15,6,5
15,7,11
15,24,8
15,9,29
15,13,10
15,17,12
15,16,20
15,30,19
15,34,21
15,22,36
15,32,23
15,25,33
15,26,37
15,27,38
15,28,31
15,39,35
16,0,13
16,6,1
16,12,2
16,3,15
16,4,17
16,5,25
16,7,29
16,8,26
16,9,16
16,10,14
16,11,20
16,18,36
16,31,19
16,39,21
16,22,37
16,34,23
16,24,33
16,30,27
16,28,38
16,35,32
17,0,12
17,1,10
17,2,9
17,3,8
17,4,13
17,19,5
17,16,6
17,7,25
17,15,11
17,14,17
17,18,24
17,20,36
17,38,21
17,32,22
17,23,30
17,26,39
17,27,35
17,37,28
17,29,31
17,33,34
18,0,2
18,1,12
18,38,3
18,30,4
18,11,5
18,6,25
18,17,7
18,8,20
18,9,24
18,10,18
18,13,14
18,15,33
18,16,19
18,21,23
18,31,22
18,26,35
18,27,39
18,36,28
18,37,29
18,34,32
19,16,0
19,1,17
19,2,6
19,39,3
19,32,4
19,5,30
19,20,7
19,8,31
19,21,9
19,12,10
19,35,11
19,29,13
19,14,33
19,22,15
19,18,37
19,19,26
19,23,36
19,24,38
19,25,27
19,28,34
20,0,17
20,7,1
20,2,30
20,34,3
20,29,4
20,12,5
20,6,31
20,10,8
20,20,9
20,39,11
20,32,13
20,14,16
20,27,15
20,18,33
20,19,24
20,21,37
20,22,23
20,25,36
20,26,38
20,28,35
21,0,26
21,1,30
21,34,2
21,3,17
21,4,16
21,5,31
21,6,39
21,7,28
21,8,21
21,18,9
21,10,20
21,38,11
21,12,22
21,33,13
21,35,14
21,24,15
21,25,19
21,23,37
21,27,29
21,36,32
22,21,0
22,1,26
22,35,2
22,9,3
22,11,4
22,5,39
22,6,38
22,15,7
22,8,28
22,31,10
22,34,12
22,13,22
22,36,14
22,16,23
22,17,18
22,29,19
22,20,27
22,24,25
22,30,33
22,37,32
23,25,0
23,9,1
23,33,2
23,3,26
23,4,39
23,5,38
23,18,6
23,16,7
23,11,8
23,32,10
23,36,12
23,13,23
23,31,14
23,15,34
23,17,29
23,19,27
23,37,20
23,22,21
23,28,24
23,30,35
24,24,0
24,8,1
24,2,32
24,3,31
24,4,38
24,35,5
24,19,6
24,7,36
24,9,17
24,33,10
24,11,30
24,37,12
24,13,34
24,14,23
24,28,15
24,27,16
24,18,29
24,39,20
24,21,25
24,26,22
25,0,31
25,1,32
25,2,11
25,24,3
25,23,4
25,33,5
25,6,36
25,7,18
25,8,37
25,10,9
25,12,30
25,26,13
25,14,34
25,29,15
25,28,16
25,17,35
25,21,19
25,38,20
25,27,22
25,25,39
26,0,27
26,1,18
26,2,31
26,23,3
26,22,4
26,34,5
26,6,37
26,7,32
26,8,36
26,9,28
26,10,30
26,11,14
26,12,35
26,21,13
26,25,15
26,16,38
26,17,26
26,20,19
26,24,39
26,29,33
27,0,18
27,1,25
27,10,2
27,3,27
27,20,4
27,5,37
27,30,6
27,23,7
27,34,8
27,39,9
27,11,28
27,31,12
27,13,35
27,14,29
27,15,26
27,36,16
27,17,38
27,19,22
27,33,21
27,32,24
28,4,0
28,13,1
28,15,2
28,3,25
28,5,27
28,33,6
28,30,7
28,39,8
28,38,9
28,26,10
28,11,29
28,32,12
28,14,28
28,37,16
28,22,17
28,18,23
28,19,34
28,31,20
28,36,21
28,35,24
29,3,0
29,14,1
29,2,25
29,4,5
29,32,6
29,31,7
29,38,8
29,37,9
29,28,10
29,13,11
29,33,12
29,19,15
29,39,16
29,23,17
29,22,18
29,30,20
29,35,21
29,36,24
29,26,29
29,27,34
Travel cost = 142404
TTP violations cost = 0
