588,Heuristic,i02,2,3,1
Time,Value 
Final, 5881,7231

Round,H_team,A_team 
0,0,2
0,1,173
0,3,108
0,4,44
0,49,5
0,29,6
0,41,7
0,51,8
0,9,130
0,66,10
0,67,11
0,12,14
0,74,13
0,68,15
0,69,16
0,89,17
0,18,98
0,19,21
0,45,20
0,22,102
0,100,23
0,24,128
0,25,169
0,37,26
0,34,27
0,171,28
0,30,103
0,168,31
0,172,32
0,107,33
0,46,35
0,36,87
0,38,105
0,167,39
0,40,47
0,42,132
0,43,164
0,48,131
0,114,50
0,52,54
0,113,53
0,55,115
0,56,64
0,57,165
0,119,58
0,59,60
0,110,61
0,63,62
0,65,73
0,133,70
0,71,80
0,72,123
0,75,142
0,81,76
0,145,77
0,85,78
0,84,79
0,146,82
0,148,83
0,86,143
0,151,88
0,104,90
0,137,91
0,161,92
0,93,101
0,94,106
0,95,182
0,150,96
0,183,97
0,99,147
0,138,109
0,111,136
0,178,112
0,116,174
0,118,117
0,120,166
0,121,126
0,122,163
0,124,176
0,129,125
0,144,127
0,181,134
0,162,135
0,139,141
0,140,159
0,149,177
0,152,153
0,154,180
0,155,157
0,156,179
0,170,158
0,175,160
1,105,0
1,112,1
1,2,30
1,6,3
1,53,4
1,61,5
1,7,52
1,8,41
1,123,9
1,10,19
1,66,11
1,70,12
1,13,65
1,14,67
1,15,69
1,16,165
1,17,22
1,173,18
1,20,84
1,21,181
1,23,89
1,78,24
1,26,25
1,27,38
1,28,168
1,176,29
1,31,40
1,32,107
1,33,45
1,131,34
1,35,104
1,164,36
1,47,37
1,39,94
1,114,42
1,108,43
1,136,44
1,109,46
1,90,48
1,62,49
1,50,110
1,64,51
1,54,55
1,135,56
1,179,57
1,58,118
1,117,59
1,60,170
1,63,116
1,130,68
1,141,71
1,143,72
1,73,75
1,128,74
1,76,145
1,77,81
1,79,85
1,80,139
1,82,137
1,83,86
1,87,151
1,88,93
1,91,148
1,92,149
1,159,95
1,96,100
1,97,156
1,98,99
1,101,178
1,102,161
1,103,183
1,106,172
1,132,111
1,115,113
1,125,119
1,174,120
1,127,121
1,169,122
1,177,124
1,126,175
1,163,129
1,133,146
1,134,138
1,153,140
1,142,144
1,147,152
1,157,150
1,182,154
1,166,155
1,158,167
1,160,171
1,180,162
2,0,26
2,1,28
2,181,2
2,3,54
2,4,31
2,5,58
2,51,6
2,34,7
2,113,8
2,9,67
2,178,10
2,11,125
2,12,65
2,68,13
2,165,14
2,123,15
2,57,16
2,38,17
2,18,23
2,19,176
2,140,20
2,41,21
2,89,22
2,24,77
2,25,50
2,40,27
2,29,166
2,30,32
2,94,33
2,107,35
2,36,106
2,37,112
2,172,39
2,42,108
2,43,134
2,44,135
2,45,47
2,46,131
2,48,136
2,49,53
2,52,164
2,55,64
2,56,114
2,59,119
2,171,60
2,122,61
2,183,62
2,118,63
2,121,66
2,69,70
2,71,79
2,72,73
2,74,142
2,75,76
2,81,78
2,85,80
2,148,82
2,139,83
2,84,177
2,86,87
2,162,88
2,137,90
2,104,91
2,92,159
2,93,102
2,95,174
2,152,96
2,150,97
2,161,98
2,100,99
2,155,101
2,168,103
2,175,105
2,111,109
2,110,132
2,167,115
2,116,180
2,126,117
2,120,182
2,124,130
2,129,127
2,144,128
2,138,133
2,145,141
2,146,143
2,154,147
2,149,169
2,151,157
2,156,153
2,173,158
2,170,160
2,163,179
3,176,0
3,180,1
3,2,25
3,26,3
3,108,4
3,62,5
3,6,113
3,7,48
3,8,52
3,13,9
3,10,175
3,119,11
3,128,12
3,14,123
3,15,129
3,16,167
3,17,168
3,83,18
3,177,19
3,20,92
3,21,72
3,22,86
3,97,23
3,65,24
3,27,46
3,28,104
3,32,29
3,174,30
3,31,107
3,33,110
3,105,34
3,35,94
3,112,36
3,39,37
3,103,38
3,164,40
3,47,41
3,135,42
3,132,43
3,50,44
3,87,45
3,115,49
3,109,51
3,53,56
3,64,54
3,58,55
3,181,57
3,63,59
3,60,120
3,61,165
3,66,69
3,67,68
3,70,74
3,71,84
3,73,145
3,78,75
3,76,79
3,77,140
3,80,81
3,82,85
3,88,149
3,90,89
3,91,152
3,98,93
3,101,95
3,96,171
3,99,156
3,153,100
3,102,155
3,106,173
3,131,111
3,114,122
3,166,116
3,117,163
3,125,118
3,130,121
3,182,124
3,127,126
3,133,137
3,134,144
3,136,138
3,159,139
3,141,146
3,142,162
3,143,148
3,147,172
3,150,161
3,169,151
3,179,154
3,157,170
3,158,178
3,160,183
4,0,180
4,1,166
4,168,2
4,3,50
4,4,6
4,5,119
4,45,7
4,46,8
4,9,14
4,67,10
4,11,16
4,69,12
4,123,13
4,15,65
4,23,17
4,18,177
4,19,83
4,89,20
4,170,21
4,92,22
4,24,130
4,25,103
4,178,26
4,107,27
4,36,28
4,29,179
4,30,181
4,54,31
4,113,32
4,40,33
4,34,35
4,37,131
4,38,87
4,183,39
4,41,133
4,57,42
4,43,90
4,44,61
4,138,47
4,48,164
4,56,49
4,51,115
4,52,109
4,120,53
4,55,62
4,59,58
4,173,60
4,64,63
4,163,66
4,129,68
4,144,70
4,140,71
4,72,128
4,81,73
4,74,134
4,75,82
4,77,76
4,139,78
4,79,141
4,148,80
4,84,153
4,85,145
4,86,142
4,152,88
4,162,91
4,93,106
4,94,176
4,95,158
4,172,96
4,175,97
4,149,98
4,151,99
4,100,157
4,171,101
4,174,102
4,104,108
4,167,105
4,110,114
4,111,112
4,116,126
4,125,117
4,118,121
4,122,182
4,124,127
4,132,135
4,146,136
4,137,143
4,155,147
4,156,150
4,154,159
4,161,160
4,165,169
5,103,0
5,181,1
5,2,172
5,27,3
5,58,4
5,5,59
5,6,54
5,7,19
5,8,48
5,12,9
5,10,11
5,13,72
5,14,15
5,16,24
5,17,92
5,88,18
5,20,85
5,21,165
5,22,139
5,23,175
5,32,25
5,26,34
5,28,107
5,33,29
5,39,30
5,31,171
5,35,37
5,131,36
5,106,38
5,91,40
5,108,41
5,42,162
5,135,43
5,44,110
5,90,45
5,46,104
5,47,111
5,49,64
5,50,52
5,61,51
5,53,55
5,136,56
5,70,57
5,60,63
5,62,122
5,65,123
5,66,129
5,117,67
5,68,124
5,128,69
5,71,81
5,73,77
5,74,146
5,127,75
5,76,140
5,78,79
5,80,170
5,82,143
5,83,84
5,141,86
5,87,137
5,153,89
5,157,93
5,105,94
5,177,95
5,96,183
5,97,100
5,98,150
5,99,149
5,101,167
5,102,151
5,109,132
5,112,164
5,179,113
5,133,114
5,115,168
5,119,116
5,169,118
5,180,120
5,121,163
5,130,125
5,126,174
5,134,173
5,142,138
5,145,144
5,147,161
5,176,148
5,158,152
5,166,154
5,159,155
5,182,156
5,160,178
6,0,32
6,1,31
6,29,2
6,3,174
6,4,62
6,116,5
6,25,6
6,86,7
6,45,8
6,9,65
6,165,10
6,11,117
6,12,68
6,69,13
6,75,14
6,15,128
6,129,16
6,93,17
6,18,99
6,19,74
6,139,20
6,57,21
6,140,22
6,170,23
6,72,24
6,171,26
6,164,27
6,52,28
6,30,182
6,104,33
6,34,112
6,40,35
6,36,90
6,37,105
6,38,39
6,41,142
6,43,42
6,56,44
6,111,46
6,137,47
6,48,91
6,54,49
6,64,50
6,51,53
6,55,166
6,163,58
6,59,66
6,118,60
6,63,61
6,67,119
6,143,70
6,85,71
6,73,127
6,146,76
6,77,78
6,79,145
6,84,80
6,81,83
6,144,82
6,89,87
6,94,88
6,92,141
6,95,179
6,156,96
6,161,97
6,155,98
6,100,102
6,175,101
6,172,103
6,151,106
6,107,131
6,132,108
6,110,109
6,113,181
6,114,136
6,122,115
6,120,177
6,125,121
6,123,130
6,124,169
6,173,126
6,162,133
6,178,134
6,138,135
6,150,147
6,148,180
6,149,153
6,152,159
6,154,176
6,167,157
6,183,158
6,168,160
7,0,181
7,32,1
7,26,2
7,177,3
7,54,4
7,5,120
7,6,30
7,7,46
7,8,36
7,68,9
7,10,41
7,14,11
7,13,12
7,179,15
7,16,67
7,17,84
7,80,18
7,20,19
7,21,86
7,22,93
7,23,183
7,24,73
7,112,25
7,27,111
7,28,37
7,169,29
7,31,167
7,33,38
7,103,34
7,35,45
7,39,171
7,108,40
7,109,42
7,136,43
7,44,114
7,47,162
7,132,48
7,49,55
7,50,56
7,135,51
7,115,52
7,53,63
7,66,57
7,58,64
7,61,59
7,60,172
7,62,163
7,65,75
7,130,69
7,70,165
7,71,77
7,78,72
7,74,137
7,76,144
7,83,79
7,176,81
7,82,139
7,159,85
7,87,94
7,88,89
7,90,148
7,91,149
7,153,92
7,99,95
7,96,151
7,97,155
7,98,156
7,160,100
7,101,150
7,102,152
7,164,104
7,105,170
7,106,175
7,174,107
7,131,110
7,166,113
7,182,116
7,117,129
7,126,118
7,119,122
7,121,124
7,128,123
7,127,125
7,133,178
7,134,146
7,180,138
7,145,140
7,141,161
7,142,143
7,147,173
7,157,154
7,158,168
8,107,0
8,1,26
8,2,174
8,3,179
8,4,49
8,63,5
8,167,6
8,40,7
8,43,8
8,9,128
8,59,10
8,11,70
8,12,16
8,15,13
8,65,14
8,86,17
8,18,22
8,19,87
8,183,20
8,45,21
8,93,23
8,75,24
8,25,31
8,36,27
8,175,28
8,29,39
8,30,177
8,168,32
8,52,33
8,34,38
8,111,35
8,37,106
8,41,109
8,42,136
8,57,44
8,46,164
8,48,47
8,55,50
8,51,62
8,64,53
8,113,54
8,56,61
8,120,58
8,163,60
8,165,66
8,67,130
8,69,68
8,139,71
8,72,74
8,73,76
8,144,77
8,145,78
8,79,80
8,81,141
8,140,82
8,85,83
8,84,159
8,148,88
8,89,91
8,162,90
8,92,99
8,94,131
8,95,157
8,173,96
8,178,97
8,152,98
8,100,101
8,156,102
8,170,103
8,104,112
8,182,105
8,110,108
8,114,132
8,172,115
8,116,117
8,118,119
8,129,121
8,122,133
8,124,123
8,125,126
8,143,127
8,171,134
8,146,135
8,137,142
8,138,176
8,151,147
8,149,166
8,150,158
8,161,153
8,154,169
8,155,180
8,181,160
9,0,25
9,179,1
9,176,2
9,28,3
9,8,4
9,5,55
9,6,183
9,7,89
9,174,9
9,10,12
9,11,59
9,13,24
9,14,125
9,15,67
9,16,72
9,17,170
9,79,18
9,91,19
9,20,22
9,21,43
9,23,181
9,26,175
9,27,45
9,105,29
9,180,30
9,31,104
9,32,178
9,33,34
9,35,36
9,103,37
9,38,94
9,39,173
9,131,40
9,132,41
9,44,42
9,47,46
9,135,48
9,49,63
9,50,51
9,112,52
9,53,165
9,54,110
9,133,56
9,61,57
9,58,122
9,60,64
9,62,118
9,130,65
9,117,66
9,127,68
9,74,69
9,70,172
9,78,71
9,73,144
9,123,75
9,76,139
9,77,85
9,80,145
9,82,81
9,83,152
9,92,84
9,88,86
9,87,162
9,90,149
9,153,93
9,147,95
9,96,167
9,97,151
9,98,100
9,99,155
9,101,161
9,102,150
9,106,168
9,108,107
9,109,114
9,164,111
9,169,113
9,115,120
9,121,116
9,119,129
9,128,124
9,126,163
9,134,143
9,136,137
9,166,138
9,141,140
9,142,146
9,177,148
9,160,154
9,159,156
9,157,171
9,158,182
10,30,0
10,1,182
10,2,39
10,3,32
10,4,50
10,64,5
10,168,6
10,43,7
10,42,8
10,9,169
10,167,10
10,57,11
10,12,117
10,67,13
10,129,14
10,175,15
10,66,16
10,94,17
10,18,92
10,19,88
10,172,20
10,69,21
10,22,98
10,23,96
10,24,76
10,25,174
10,173,26
10,48,27
10,29,28
10,37,31
10,36,33
10,34,106
10,38,35
10,40,46
10,41,136
10,165,44
10,45,91
10,164,47
10,122,49
10,51,54
10,52,108
10,110,53
10,55,179
10,56,109
10,63,58
10,59,125
10,119,60
10,114,61
10,120,62
10,65,128
10,68,123
10,146,70
10,71,83
10,72,127
10,143,73
10,86,74
10,75,130
10,77,82
10,144,78
10,81,79
10,140,80
10,84,141
10,85,142
10,148,87
10,89,180
10,138,90
10,93,147
10,95,160
10,181,97
10,152,99
10,100,158
10,170,101
10,149,102
10,107,103
10,104,131
10,183,105
10,111,135
10,113,112
10,171,115
10,116,163
10,118,176
10,121,133
10,124,126
10,162,132
10,137,134
10,139,145
10,151,150
10,155,153
10,154,177
10,156,166
10,178,157
10,161,159
11,0,29
11,50,1
11,179,2
11,33,3
11,61,4
11,5,56
11,6,166
11,7,37
11,8,110
11,15,9
11,10,57
11,11,69
11,130,12
11,13,73
11,14,68
11,16,173
11,17,178
11,20,18
11,174,19
11,47,21
11,99,22
11,102,23
11,24,85
11,54,25
11,26,30
11,27,94
11,28,40
11,31,183
11,32,181
11,39,34
11,35,48
11,91,36
11,182,38
11,42,41
11,142,43
11,44,51
11,131,45
11,46,52
11,49,120
11,53,59
11,55,113
11,58,116
11,60,122
11,62,64
11,115,63
11,78,65
11,133,66
11,125,67
11,70,121
11,145,71
11,76,72
11,74,143
11,128,75
11,79,77
11,80,172
11,159,81
11,82,84
11,83,140
11,90,86
11,87,104
11,88,137
11,98,89
11,92,152
11,150,93
11,169,95
11,96,161
11,97,170
11,147,100
11,101,156
11,103,167
11,105,171
11,106,149
11,112,107
11,108,111
11,109,164
11,135,114
11,117,119
11,163,118
11,123,144
11,180,124
11,126,129
11,127,175
11,136,132
11,134,162
11,138,146
11,153,139
11,141,148
11,176,151
11,158,154
11,160,155
11,157,168
11,177,165
12,1,0
12,2,32
12,3,8
12,4,55
12,5,53
12,171,6
12,94,7
12,9,117
12,21,10
12,165,11
12,12,15
12,178,13
12,69,14
12,175,16
12,19,17
12,18,102
12,86,20
12,22,83
12,23,98
12,81,24
12,25,182
12,107,26
12,104,27
12,110,28
12,29,103
12,30,105
12,34,31
12,37,33
12,164,35
12,36,108
12,38,181
12,168,39
12,40,112
12,41,135
12,111,42
12,43,91
12,44,133
12,45,109
12,48,46
12,132,47
12,49,61
12,54,50
12,51,114
12,52,131
12,56,58
12,57,174
12,59,62
12,116,60
12,122,63
12,120,64
12,68,65
12,66,70
12,129,67
12,71,82
12,72,142
12,73,78
12,144,74
12,75,145
12,85,76
12,77,141
12,140,79
12,166,80
12,84,88
12,152,87
12,89,106
12,146,90
12,139,92
12,93,96
12,95,176
12,172,97
12,161,99
12,100,150
12,154,101
12,113,180
12,170,115
12,118,177
12,121,119
12,123,127
12,124,179
12,163,125
12,126,130
12,143,128
12,167,134
12,162,136
12,137,138
12,156,147
12,148,169
12,149,159
12,151,153
12,155,158
12,183,157
12,173,160
13,39,0
13,33,1
13,2,167
13,31,3
13,64,4
13,60,5
13,6,55
13,7,36
13,8,40
13,182,9
13,10,69
13,11,129
13,125,12
13,13,75
13,14,66
13,130,15
13,16,74
13,17,183
13,82,18
13,90,19
13,20,178
13,21,48
13,22,84
13,101,23
13,24,123
13,180,25
13,26,29
13,27,37
13,28,34
13,166,30
13,32,170
13,35,52
13,176,38
13,134,41
13,42,45
13,47,43
13,109,44
13,46,132
13,58,49
13,50,113
13,108,51
13,53,57
13,62,54
13,165,56
13,67,59
13,61,118
13,63,120
13,65,72
13,68,126
13,70,138
13,76,71
13,128,73
13,80,77
13,78,140
13,79,139
13,145,81
13,83,92
13,141,85
13,91,86
13,87,149
13,88,146
13,102,89
13,97,93
13,174,94
13,153,95
13,96,155
13,98,151
13,99,154
13,159,100
13,103,175
13,106,104
13,105,107
13,112,110
13,114,111
13,115,173
13,177,116
13,117,121
13,119,163
13,179,122
13,181,124
13,127,171
13,131,164
13,136,133
13,135,137
13,142,148
13,143,144
13,147,168
13,150,152
13,157,156
13,158,161
13,160,172
13,169,162
