42,Heuristic,i03,1,100,1
Time,Value 
Final, 3192,7231

Round,H_team,A_team 
0,0,144
0,81,1
0,2,88
0,3,83
0,207,4
0,5,171
0,119,6
0,141,7
0,8,63
0,9,152
0,121,10
0,11,198
0,12,173
0,186,13
0,112,14
0,191,15
0,91,16
0,17,188
0,175,18
0,197,19
0,20,55
0,21,39
0,22,192
0,23,177
0,24,199
0,25,90
0,26,208
0,27,215
0,213,28
0,29,97
0,46,30
0,72,31
0,94,32
0,33,178
0,41,34
0,35,203
0,189,36
0,37,123
0,201,38
0,45,40
0,120,42
0,43,204
0,44,118
0,47,170
0,48,130
0,49,65
0,50,122
0,51,172
0,52,136
0,53,137
0,56,54
0,57,140
0,58,133
0,59,60
0,61,210
0,167,62
0,64,180
0,66,196
0,71,67
0,187,68
0,150,69
0,82,70
0,73,77
0,74,76
0,147,75
0,78,183
0,80,79
0,84,182
0,154,85
0,157,86
0,153,87
0,155,89
0,92,176
0,93,129
0,95,103
0,96,202
0,193,98
0,100,99
0,104,101
0,107,102
0,105,164
0,106,179
0,200,108
0,109,111
0,110,165
0,113,190
0,114,206
0,212,115
0,116,195
0,117,211
0,124,194
0,125,181
0,126,128
0,127,131
0,132,209
0,135,134
0,156,138
0,139,142
0,185,143
0,184,145
0,146,214
0,174,148
0,149,168
0,151,159
0,163,158
0,162,160
0,161,169
0,166,205
1,17,0
1,1,154
1,2,3
1,4,60
1,182,5
1,6,50
1,7,61
1,8,15
1,172,9
1,29,10
1,11,112
1,184,12
1,13,187
1,198,14
1,55,16
1,18,189
1,19,202
1,20,93
1,21,42
1,175,22
1,23,174
1,24,64
1,25,43
1,205,26
1,123,27
1,168,28
1,30,57
1,148,31
1,159,32
1,204,33
1,192,34
1,58,35
1,36,40
1,124,37
1,186,38
1,120,39
1,41,125
1,183,44
1,179,45
1,47,46
1,131,48
1,130,49
1,117,51
1,77,52
1,53,207
1,54,137
1,136,56
1,140,59
1,62,63
1,65,132
1,66,72
1,195,67
1,68,75
1,69,177
1,70,147
1,211,71
1,73,170
1,138,74
1,150,76
1,78,180
1,89,79
1,210,80
1,176,81
1,82,86
1,83,151
1,84,88
1,181,85
1,87,197
1,90,103
1,96,91
1,95,92
1,188,94
1,97,98
1,206,99
1,100,167
1,178,101
1,102,215
1,104,196
1,105,107
1,109,106
1,173,108
1,111,110
1,115,113
1,190,114
1,116,119
1,199,118
1,126,121
1,122,128
1,127,133
1,129,200
1,134,171
1,135,156
1,143,139
1,142,141
1,144,194
1,145,209
1,201,146
1,169,149
1,213,152
1,153,155
1,157,185
1,165,158
1,214,160
1,161,212
1,162,193
1,208,163
1,164,203
1,166,191
2,77,0
2,1,153
2,214,2
2,86,3
2,46,4
2,196,5
2,39,6
2,207,7
2,60,8
2,34,9
2,10,201
2,12,11
2,13,190
2,14,33
2,15,65
2,16,74
2,203,17
2,18,173
2,19,82
2,137,20
2,45,21
2,22,169
2,170,23
2,49,24
2,125,25
2,26,183
2,180,27
2,28,197
2,152,29
2,48,30
2,31,147
2,32,102
2,35,57
2,194,36
2,37,206
2,38,184
2,40,204
2,121,41
2,42,122
2,189,43
2,44,200
2,185,47
2,50,126
2,51,116
2,52,56
2,133,53
2,54,58
2,55,127
2,215,59
2,142,61
2,177,62
2,63,191
2,140,64
2,67,66
2,168,68
2,69,149
2,70,148
2,71,72
2,76,73
2,75,150
2,143,78
2,79,179
2,80,213
2,81,195
2,87,83
2,89,84
2,85,151
2,88,157
2,90,104
2,91,93
2,211,92
2,94,162
2,188,95
2,129,96
2,97,172
2,98,212
2,99,205
2,103,100
2,101,186
2,167,105
2,106,193
2,107,199
2,108,164
2,174,109
2,110,163
2,158,111
2,112,113
2,114,208
2,115,176
2,187,117
2,118,198
2,119,123
2,128,120
2,202,124
2,130,131
2,132,136
2,156,134
2,138,135
2,139,144
2,181,141
2,210,145
2,146,175
2,155,154
2,159,178
2,160,192
2,171,161
2,182,165
2,209,166
3,0,143
3,83,1
3,2,153
3,3,89
3,4,194
3,5,115
3,6,45
3,7,62
3,8,188
3,9,121
3,176,10
3,11,37
3,33,12
3,61,13
3,195,14
3,59,15
3,16,96
3,139,17
3,204,18
3,31,19
3,20,138
3,123,21
3,117,22
3,205,23
3,24,182
3,183,25
3,201,26
3,27,168
3,28,36
3,29,101
3,30,49
3,32,160
3,93,34
3,35,50
3,192,38
3,39,53
3,212,40
3,41,129
3,190,42
3,43,125
3,187,44
3,64,46
3,47,181
3,48,128
3,177,51
3,132,52
3,136,54
3,134,55
3,56,156
3,57,131
3,127,58
3,60,175
3,167,63
3,65,184
3,66,209
3,198,67
3,68,76
3,147,69
3,79,70
3,174,71
3,72,180
3,78,73
3,74,77
3,75,169
3,80,82
3,203,81
3,84,155
3,98,85
3,150,86
3,196,87
3,154,88
3,92,90
3,157,91
3,94,159
3,100,95
3,207,97
3,99,178
3,193,102
3,208,103
3,152,104
3,162,105
3,215,106
3,206,107
3,108,158
3,197,109
3,172,110
3,165,111
3,119,112
3,113,114
3,116,185
3,118,211
3,126,120
3,122,170
3,189,124
3,133,130
3,135,137
3,186,140
3,141,210
3,200,142
3,144,171
3,145,146
3,148,179
3,149,213
3,151,214
3,191,161
3,163,199
3,164,202
3,173,166
4,0,78
4,1,215
4,150,2
4,82,3
4,4,47
4,114,5
4,21,6
4,7,60
4,8,189
4,180,9
4,10,129
4,192,11
4,12,207
4,63,13
4,171,14
4,15,182
4,93,16
4,17,144
4,18,208
4,19,70
4,54,20
4,172,22
4,23,46
4,24,57
4,25,41
4,26,118
4,195,27
4,169,28
4,95,29
4,140,30
4,69,31
4,109,32
4,33,205
4,197,34
4,49,35
4,36,43
4,188,37
4,38,203
4,126,39
4,198,40
4,42,125
4,44,121
4,128,45
4,179,48
4,199,50
4,176,51
4,52,196
4,53,127
4,55,137
4,56,132
4,58,130
4,59,64
4,61,167
4,62,210
4,65,136
4,71,66
4,67,72
4,178,68
4,73,143
4,96,74
4,212,75
4,76,147
4,77,135
4,84,79
4,185,80
4,155,81
4,83,86
4,85,204
4,89,87
4,88,151
4,90,91
4,92,152
4,158,94
4,111,97
4,102,98
4,168,99
4,101,100
4,103,211
4,104,157
4,105,183
4,191,106
4,107,108
4,110,214
4,209,112
4,206,113
4,115,173
4,120,116
4,190,117
4,170,119
4,193,122
4,124,123
4,131,133
4,138,134
4,194,139
4,141,174
4,142,186
4,145,187
4,184,146
4,200,148
4,149,202
4,153,154
4,213,156
4,165,159
4,160,201
4,161,177
4,163,162
4,175,164
4,166,181
5,148,0
5,82,1
5,86,2
5,3,153
5,173,4
5,51,5
5,6,120
5,196,7
5,62,8
5,129,9
5,10,92
5,11,115
5,37,12
5,13,172
5,14,191
5,183,15
5,16,187
5,17,193
5,210,18
5,68,19
5,134,20
5,21,197
5,22,188
5,47,23
5,48,24
5,194,25
5,40,26
5,27,186
5,28,190
5,159,29
5,131,30
5,31,212
5,108,32
5,112,33
5,34,53
5,35,177
5,45,36
5,181,38
5,39,41
5,42,119
5,43,201
5,125,44
5,46,117
5,49,58
5,50,200
5,52,65
5,133,54
5,156,55
5,135,56
5,57,64
5,211,59
5,60,63
5,171,61
5,66,145
5,67,180
5,79,69
5,70,150
5,178,71
5,72,176
5,144,73
5,74,185
5,175,75
5,80,76
5,147,77
5,78,132
5,81,84
5,157,83
5,168,85
5,87,155
5,98,88
5,204,89
5,152,90
5,91,104
5,96,93
5,99,94
5,95,207
5,97,161
5,209,100
5,205,101
5,179,102
5,182,103
5,105,110
5,106,170
5,107,158
5,109,165
5,162,111
5,113,174
5,114,116
5,118,189
5,121,167
5,122,126
5,123,184
5,215,124
5,137,127
5,130,128
5,136,138
5,139,192
5,140,206
5,203,141
5,169,142
5,143,198
5,146,195
5,208,149
5,160,151
5,213,154
5,214,163
5,164,199
5,202,166
6,75,0
6,1,86
6,2,157
6,3,155
6,4,204
6,5,205
6,122,6
6,15,7
6,187,8
6,9,43
6,44,10
6,33,11
6,176,12
6,196,13
6,14,169
6,202,16
6,132,17
6,146,18
6,19,76
6,20,135
6,36,21
6,22,168
6,23,63
6,24,214
6,25,121
6,174,26
6,27,124
6,195,28
6,29,90
6,30,51
6,31,70
6,32,106
6,34,96
6,35,131
6,119,37
6,199,38
6,125,39
6,40,197
6,41,53
6,45,42
6,128,46
6,47,179
6,48,49
6,116,50
6,208,52
6,127,54
6,138,55
6,134,56
6,57,175
6,58,126
6,59,65
6,141,60
6,139,61
6,186,62
6,64,136
6,210,66
6,191,67
6,147,68
6,69,71
6,203,72
6,73,148
6,172,74
6,77,156
6,189,78
6,79,82
6,80,150
6,201,81
6,83,89
6,153,84
6,85,88
6,154,87
6,200,91
6,188,92
6,193,93
6,94,97
6,181,95
6,98,182
6,99,185
6,100,190
6,101,180
6,102,184
6,103,152
6,207,104
6,173,105
6,165,107
6,108,211
6,198,109
6,158,110
6,111,163
6,112,114
6,177,113
6,115,206
6,117,178
6,192,118
6,130,120
6,123,209
6,137,129
6,133,171
6,167,140
6,142,213
6,144,143
6,145,215
6,149,212
6,151,170
6,159,160
6,161,194
6,162,164
6,166,183
7,0,134
7,155,1
7,16,2
7,74,3
7,182,4
7,5,191
7,131,6
7,7,181
7,8,202
7,9,10
7,11,14
7,12,115
7,13,210
7,199,15
7,143,17
7,18,200
7,19,69
7,53,20
7,21,122
7,215,22
7,23,30
7,46,24
7,93,25
7,26,195
7,184,27
7,28,44
7,103,29
7,66,31
7,163,32
7,198,33
7,43,34
7,54,35
7,36,179
7,37,112
7,38,196
7,39,40
7,41,127
7,42,172
7,120,45
7,60,47
7,185,48
7,49,57
7,50,58
7,51,168
7,64,52
7,55,136
7,56,138
7,59,141
7,61,175
7,62,171
7,63,178
7,65,139
7,176,67
7,68,82
7,70,80
7,71,169
7,72,189
7,204,73
7,148,75
7,76,77
7,78,208
7,192,79
7,81,209
7,84,83
7,174,85
7,86,153
7,88,87
7,89,187
7,90,95
7,91,207
7,92,100
7,160,94
7,96,157
7,97,159
7,206,98
7,167,99
7,152,101
7,102,162
7,104,154
7,105,165
7,106,203
7,107,111
7,110,108
7,194,109
7,201,113
7,114,205
7,180,116
7,212,117
7,118,186
7,211,119
7,121,125
7,177,123
7,124,173
7,126,130
7,128,214
7,129,183
7,135,132
7,140,133
7,156,137
7,170,142
7,213,144
7,188,145
7,166,146
7,150,147
7,149,193
7,197,151
7,164,158
7,190,161
8,0,135
8,88,1
8,74,2
8,3,84
8,30,4
8,113,5
8,6,128
8,63,7
8,13,8
8,214,9
8,10,25
8,179,11
8,203,12
8,14,115
8,61,15
8,16,176
8,17,208
8,18,142
8,150,19
8,156,20
8,119,21
8,206,22
8,117,23
8,202,24
8,26,167
8,27,198
8,28,181
8,154,29
8,75,31
8,32,162
8,175,33
8,34,211
8,172,35
8,209,36
8,37,38
8,39,42
8,40,118
8,43,41
8,44,197
8,185,45
8,116,46
8,183,47
8,133,48
8,49,140
8,50,131
8,51,195
8,52,192
8,138,53
8,54,130
8,55,56
8,57,58
8,193,59
8,168,60
8,62,141
8,65,64
8,66,149
8,67,184
8,73,68
8,70,69
8,71,204
8,72,80
8,76,86
8,77,194
8,78,139
8,182,79
8,171,81
8,82,89
8,83,153
8,85,155
8,87,213
8,157,90
8,91,215
8,92,103
8,93,191
8,94,102
8,95,189
8,96,104
8,151,97
8,98,207
8,173,99
8,100,201
8,101,187
8,158,105
8,106,180
8,110,107
8,108,165
8,109,163
8,159,111
8,112,188
8,210,114
8,122,120
8,121,127
8,123,190
8,124,186
8,125,126
8,129,170
8,132,134
8,136,137
8,143,177
8,144,174
8,205,145
8,196,146
8,148,147
8,152,199
8,169,160
8,200,161
8,212,164
8,178,166
9,56,0
9,1,87
9,2,210
9,147,3
9,4,63
9,5,116
9,6,121
9,7,8
9,125,9
9,101,10
9,11,204
9,12,201
9,60,13
9,167,14
9,15,62
9,20,16
9,73,17
9,181,18
9,80,19
9,21,120
9,22,176
9,171,23
9,24,65
9,25,129
9,186,26
9,27,119
9,189,28
9,29,92
9,30,196
9,31,68
9,32,158
9,33,203
9,34,91
9,35,39
9,170,36
9,211,37
9,38,185
9,42,40
9,128,41
9,126,43
9,194,44
9,45,123
9,46,140
9,47,198
9,48,57
9,133,49
9,130,50
9,187,51
9,215,52
9,58,53
9,131,54
9,135,55
9,188,59
9,141,61
9,64,172
9,69,66
9,174,67
9,86,70
9,145,71
9,214,72
9,205,74
9,75,76
9,77,148
9,191,78
9,79,168
9,202,81
9,84,82
9,154,83
9,85,94
9,155,88
9,89,150
9,90,96
9,137,93
9,104,95
9,177,97
9,190,98
9,99,182
9,169,100
9,102,105
9,184,103
9,111,106
9,164,107
9,178,108
9,109,206
9,162,110
9,115,112
9,113,213
9,117,114
9,118,175
9,180,122
9,195,124
9,127,138
9,132,156
9,134,136
9,139,212
9,142,193
9,208,143
9,199,144
9,146,200
9,207,149
9,151,192
9,183,152
9,153,157
9,159,173
9,160,179
9,161,209
9,165,163
9,197,166
10,0,73
10,1,79
10,82,2
10,70,3
10,23,4
10,192,5
10,40,6
10,7,142
10,8,61
10,9,169
10,10,125
10,186,11
10,191,12
10,13,207
10,14,188
10,15,60
10,16,135
10,17,174
10,18,145
10,19,147
10,172,20
10,116,21
10,22,190
10,59,24
10,25,195
10,26,44
10,37,27
10,28,211
10,29,214
10,187,30
10,31,193
10,107,32
10,115,33
10,200,34
10,196,35
10,36,42
10,38,194
10,39,127
10,41,58
10,43,121
10,176,45
10,51,46
10,199,47
10,140,48
10,198,49
10,120,50
10,134,52
10,53,54
10,93,55
10,65,56
10,57,130
10,208,62
10,63,177
10,64,139
10,166,66
10,67,182
10,68,77
10,69,171
10,213,71
10,149,72
10,156,74
10,203,75
10,76,96
10,185,78
10,168,80
10,81,89
10,83,85
10,87,84
10,86,155
10,88,153
10,90,154
10,129,91
10,104,92
10,94,98
10,95,152
10,97,189
10,99,102
10,100,175
10,103,101
10,105,212
10,106,202
10,108,215
10,110,109
10,111,161
10,112,210
10,181,113
10,114,184
10,201,117
10,118,178
10,119,122
10,123,206
10,209,124
10,131,126
10,173,128
10,143,132
10,136,133
10,137,138
10,141,197
10,144,205
10,179,146
10,170,148
10,204,150
10,180,151
10,157,167
10,158,159
10,164,160
10,165,162
10,163,183
11,52,0
11,3,1
11,2,155
11,4,205
11,117,5
11,130,6
11,214,7
11,59,8
11,9,41
11,103,10
11,11,185
11,12,170
11,62,13
11,14,172
11,212,15
11,16,200
11,213,17
11,195,18
11,79,19
11,20,127
11,126,21
11,112,22
11,23,60
11,136,24
11,152,25
11,206,26
11,210,27
11,28,204
11,85,29
11,30,47
11,175,31
11,32,110
11,33,187
11,55,34
11,48,35
11,182,36
11,37,168
11,177,38
11,121,39
11,125,40
11,123,42
11,44,43
11,122,45
11,46,196
11,49,186
11,50,173
11,197,51
11,53,134
11,54,64
11,56,137
11,133,57
11,58,131
11,61,209
11,63,141
11,140,65
11,66,199
11,149,67
11,150,68
11,72,69
11,70,75
11,71,208
11,73,191
11,74,86
11,148,76
11,77,167
11,78,144
11,80,207
11,81,87
11,147,82
11,83,88
11,84,176
11,89,153
11,215,90
11,91,135
11,92,178
11,138,93
11,151,94
11,95,180
11,96,156
11,97,99
11,98,181
11,198,100
11,189,101
11,102,111
11,203,104
11,105,108
11,201,106
11,107,162
11,158,109
11,169,113
11,211,114
11,183,115
11,128,116
11,174,118
11,119,120
11,124,184
11,194,129
11,132,139
11,142,171
11,143,202
11,190,145
11,192,146
11,154,157
11,159,164
11,160,165
11,188,161
11,179,163
11,193,166
12,0,132
12,1,84
12,76,2
12,3,150
12,4,215
12,5,177
12,6,125
12,7,59
12,185,8
12,25,9
12,10,95
12,184,11
12,12,168
12,141,13
12,186,14
12,15,63
12,34,16
12,17,78
12,18,198
12,19,173
12,20,136
12,21,50
12,22,200
12,180,23
12,24,212
12,169,26
12,27,112
12,40,28
12,104,29
12,130,30
12,170,31
12,111,32
12,33,37
12,35,53
12,36,191
12,38,206
12,39,43
12,137,41
12,42,121
12,178,44
12,45,119
12,57,46
12,47,117
12,58,48
12,64,49
12,167,51
12,138,52
12,55,54
12,56,133
12,60,140
12,61,194
12,62,183
12,189,65
12,195,66
12,67,192
12,68,70
12,69,80
12,71,149
12,72,181
12,75,73
12,135,74
12,134,77
12,79,147
12,153,81
12,87,82
12,155,83
12,85,159
12,86,96
12,88,89
12,205,90
12,91,156
12,101,92
12,157,93
12,94,107
12,100,97
12,209,98
12,99,193
12,102,158
12,204,103
12,199,105
12,175,106
12,162,108
12,109,203
12,190,110
12,113,172
12,214,114
12,115,174
12,207,116
12,118,188
12,120,131
12,122,123
12,187,124
12,127,126
12,128,213
12,152,129
12,139,211
12,182,142
12,171,143
12,210,144
12,145,166
12,146,176
12,148,196
12,151,154
12,202,160
12,161,179
12,163,201
12,164,208
12,165,197
13,156,0
13,89,1
13,2,96
13,88,3
13,178,4
13,5,112
13,6,126
13,13,7
13,8,141
13,9,182
13,10,152
13,215,11
13,14,12
13,15,64
13,86,16
13,173,17
13,166,18
13,194,19
13,34,20
13,40,21
13,114,22
13,172,23
13,60,24
13,208,25
13,26,198
13,191,27
13,38,28
13,29,203
13,30,117
13,31,149
13,32,165
13,180,33
13,43,35
13,36,39
13,209,37
13,41,133
13,42,187
13,44,174
13,45,125
13,46,48
13,171,47
13,131,49
13,50,128
13,51,192
13,52,139
13,53,55
13,54,138
13,170,56
13,179,57
13,136,58
13,63,59
13,207,61
13,193,62
13,65,195
13,146,66
13,67,69
13,68,148
13,76,70
13,196,71
13,212,72
13,183,73
13,74,91
13,75,77
13,204,78
13,206,79
13,147,80
13,81,188
13,82,150
13,98,83
13,154,84
13,153,85
13,87,185
13,90,169
13,92,213
13,93,135
13,111,94
13,101,95
13,97,102
13,184,99
13,202,100
13,103,104
13,197,105
13,106,190
13,163,107
13,108,167
13,168,109
13,110,159
13,113,175
13,181,115
13,116,122
13,205,118
13,177,119
13,120,123
13,121,189
13,124,214
13,127,130
13,129,157
13,144,132
13,137,134
13,200,140
13,142,210
13,176,143
13,145,201
13,155,151
13,158,162
13,160,199
13,161,186
13,211,164
