0,Heuristic,i03,1
Time,Value 
7230,154254
7200,154254
7170,154266
7140,154267
7110,154269
7080,154273
7050,154307
7020,154308
6990,154312
6960,154312
6930,154319
6900,154322
6870,154324
6840,154331
6810,154335
6780,154338
6750,154347
6720,154348
6690,154351
6660,154355
6630,154358
6600,154377
6570,154415
6540,154424
6510,154426
6480,154507
6450,154516
6420,154536
6390,154541
6360,154549
6330,154613
6300,154636
6270,154647
6240,154651
6210,154659
6180,154661
6150,154667
6120,154677
6090,154692
6060,154703
6030,154716
6000,154730
5970,154737
5940,154738
5910,154739
5880,154776
5850,154794
5820,154800
5790,154818
5760,154820
5730,154821
5700,154830
5670,154837
5640,154839
5610,154866
5580,154877
5550,154883
5520,154885
5490,154898
5460,154899
5430,154919
5400,154922
5370,154948
5340,154955
5310,154960
5280,154964
5250,154972
5220,154993
5190,155003
5160,155019
5130,155063
5100,155077
5070,155085
5040,155102
5010,155103
4980,155130
4950,155140
4920,155143
4890,155144
4860,155152
4830,155163
4800,155169
4770,155179
4740,155185
4710,155194
4680,155202
4650,155206
4620,155209
4590,155233
4560,155243
4530,155250
4500,155261
4470,155264
4440,155283
4410,155295
4380,155301
4350,155318
4320,155329
4290,155339
4260,155340
4230,155344
4200,155347
4170,155354
4140,155363
4110,155376
4080,155379
4050,155388
4020,155391
3990,155406
3960,155409
3930,155425
3900,155432
3870,155434
3840,155485
3810,155500
1740,156893
1710,156922
1680,156931
1650,156939
1620,156995
1590,157029
1560,157050
1530,157069
1500,157083
1470,157097
1440,157139
1410,157144
1380,157154
1350,157163
1320,157205
1290,157224
1260,157291
1230,157335
1200,157366
1170,157399
1140,157428
1110,157442
1080,157463
1050,157477
1020,157484
990,157500
960,157519
930,157554
900,157599
870,157610
360,157897
330,157915
300,157920
270,157931
240,157968
210,157981
180,157990
150,158008
120,158025
90,158039
60,158051
30,158054
0,158056
390,157888
420,157882
450,157862
480,157845
510,157833
540,157784
570,157747
600,157737
630,157714
660,157695
690,157691
720,157671
750,157652
780,157641
810,157622
840,157620
1770,156854
1800,156847
1830,156831
1860,156817
1890,156794
1920,156753
1950,156739
1980,156706
2010,156678
2040,156676
2070,156642
2100,156630
2130,156618
2160,156599
2190,156579
2220,156564
2250,156560
2280,156558
2310,156525
2340,156491
2370,156482
2400,156465
2430,156427
2460,156376
2490,156367
2520,156350
2550,156340
2580,156328
2610,156294
2640,156265
2670,156231
2700,156218
2730,156210
2760,156200
2790,156183
2820,156174
2850,156145
2880,156120
2910,156114
2940,156108
2970,156096
3000,156074
3030,156062
3060,156058
3090,156049
3120,156035
3150,156023
3180,155997
3210,155994
3240,155976
3270,155940
3300,155937
3330,155878
3360,155843
3390,155825
3420,155820
3450,155804
3480,155777
3510,155764
3540,155743
3570,155725
3600,155699
3630,155679
3660,155663
3690,155654
3720,155589
3750,155581
3780,155507
Final, 154254,7231

Round,H_team,A_team 
0,0,10
0,1,13
0,9,2
0,4,3
0,11,5
0,15,6
0,7,12
0,8,14
0,69,16
0,17,87
0,18,20
0,19,25
0,24,21
0,22,26
0,23,42
0,52,27
0,37,28
0,29,53
0,30,49
0,31,35
0,32,46
0,84,33
0,34,85
0,36,56
0,38,54
0,43,39
0,40,57
0,59,41
0,60,44
0,48,45
0,47,61
0,51,50
0,55,58
0,95,62
0,74,63
0,64,79
0,67,65
0,72,66
0,68,90
0,83,70
0,82,71
0,73,75
0,93,76
0,81,77
0,86,78
0,80,91
0,88,92
0,89,94
0,111,96
0,97,135
0,104,98
0,101,99
0,100,107
0,140,102
0,118,103
0,105,160
0,120,106
0,108,190
0,109,117
0,124,110
0,163,112
0,113,136
0,115,114
0,162,116
0,189,119
0,139,121
0,169,122
0,171,123
0,125,126
0,164,127
0,138,128
0,129,142
0,130,161
0,133,131
0,132,134
0,137,168
0,141,152
0,143,144
0,145,155
0,146,188
0,147,174
0,149,148
0,151,150
0,153,186
0,180,154
0,181,156
0,157,166
0,165,158
0,159,185
0,167,182
0,172,170
0,187,173
0,176,175
0,178,177
0,191,179
0,184,183
0,192,195
0,194,193
0,198,196
0,197,201
0,202,199
0,203,200
0,210,204
0,208,205
0,206,259
0,207,226
0,241,209
0,211,215
0,220,212
0,213,223
0,214,224
0,216,228
0,219,217
0,218,231
0,222,221
0,225,258
0,227,232
0,255,229
0,230,249
0,253,233
0,263,234
0,246,235
0,238,236
0,237,262
0,261,239
0,240,256
0,248,242
0,243,247
0,244,245
0,254,250
0,251,257
0,260,252
0,265,264
0,266,310
0,267,306
0,284,268
0,269,298
0,302,270
0,271,277
0,272,321
0,274,273
0,275,309
0,276,287
0,282,278
0,283,279
0,280,290
0,297,281
0,285,286
0,288,289
0,308,291
0,292,305
0,293,313
0,318,294
0,300,295
0,296,299
0,301,303
0,317,304
0,307,314
0,311,315
0,320,312
0,316,319
0,323,322
0,324,329
0,343,325
0,330,326
0,327,331
0,340,328
0,332,333
0,334,338
0,341,335
0,336,342
0,337,339
0,381,344
0,345,393
0,380,346
0,347,355
0,348,371
0,349,413
0,367,350
0,366,351
0,352,379
0,353,368
0,384,354
0,376,356
0,357,358
0,359,362
0,375,360
0,414,361
0,363,364
0,365,386
0,369,389
0,373,370
0,388,372
0,374,390
0,377,378
0,383,382
0,385,387
0,391,409
0,392,422
0,394,398
0,396,395
0,423,397
0,421,399
0,400,402
0,401,408
0,418,403
0,405,404
0,406,407
0,419,410
0,425,411
0,420,412
0,415,417
0,416,424
0,426,520
0,496,427
0,428,511
0,454,429
0,430,439
0,487,431
0,432,495
0,507,433
0,490,434
0,435,491
0,519,436
0,437,438
0,440,455
0,442,441
0,443,484
0,445,444
0,447,446
0,448,461
0,501,449
0,450,488
0,451,452
0,458,453
0,483,456
0,457,498
0,459,460
0,463,462
0,464,479
0,465,472
0,524,466
0,492,467
0,513,468
0,512,469
0,470,517
0,471,489
0,473,474
0,480,475
0,476,502
0,514,477
0,478,523
0,481,494
0,522,482
0,486,485
0,493,497
0,500,499
0,503,525
0,510,504
0,505,506
0,509,508
0,516,515
0,521,518
0,541,526
0,539,527
0,528,536
0,529,543
0,532,530
0,538,531
0,542,533
0,535,534
0,537,540
0,569,544
0,545,561
0,547,546
0,548,552
0,553,549
0,550,559
0,571,551
0,554,582
0,564,555
0,558,556
0,557,560
0,567,562
0,563,570
0,572,565
0,566,568
0,587,573
0,574,580
0,584,575
0,599,576
0,597,577
0,593,578
0,591,579
0,588,581
0,598,583
0,595,585
0,586,596
0,590,589
0,594,592
0,651,600
0,601,640
0,602,611
0,606,603
0,616,604
0,605,636
0,621,607
0,608,618
0,632,609
0,617,610
0,633,612
0,642,613
0,620,614
0,635,615
0,641,619
0,654,622
0,624,623
0,625,643
0,626,649
0,627,637
0,628,639
0,629,634
0,631,630
0,644,638
0,645,646
0,647,653
0,655,648
0,650,652
0,667,656
0,657,670
0,658,665
0,666,659
0,664,660
0,669,661
0,662,672
0,663,673
0,668,671
0,674,685
0,675,711
0,720,676
0,677,680
0,686,678
0,699,679
0,707,681
0,682,698
0,683,719
0,684,701
0,687,703
0,725,688
0,689,691
0,692,690
0,704,693
0,694,708
0,696,695
0,706,697
0,700,705
0,709,702
0,710,729
0,712,716
0,713,728
0,715,714
0,726,717
0,718,724
0,721,727
0,722,723
0,730,737
0,763,731
0,732,764
0,734,733
0,735,789
0,760,736
0,787,738
0,739,776
0,752,740
0,750,741
0,769,742
0,743,751
0,744,772
0,754,745
0,768,746
0,777,747
0,748,786
0,771,749
0,753,781
0,755,757
0,756,761
0,758,784
0,767,759
0,779,762
0,765,775
0,774,766
0,782,770
0,778,773
0,780,788
0,785,783
0,791,790
0,801,792
0,803,793
0,796,794
0,797,795
0,798,799
0,802,800
0,805,804
0,811,806
0,807,813
0,808,830
0,831,809
0,810,815
0,819,812
0,814,833
0,816,821
0,817,820
0,818,824
0,832,822
0,823,827
0,825,835
0,837,826
0,828,836
0,829,838
0,839,834
0,851,840
0,841,865
0,870,842
0,868,843
0,849,844
0,845,853
0,846,863
0,847,861
0,848,874
0,875,850
0,852,856
0,866,854
0,855,867
0,871,857
0,858,872
0,859,869
0,860,864
0,862,873
0,896,876
0,877,885
0,878,890
0,884,879
0,882,880
0,881,889
0,883,886
0,887,888
0,891,893
0,895,892
0,894,899
0,898,897
0,900,914
0,901,937
0,902,927
0,941,903
0,917,904
0,908,905
0,906,931
0,907,921
0,909,930
0,910,932
0,911,944
0,938,912
0,913,935
0,922,915
0,916,923
0,919,918
0,920,926
0,943,924
0,934,925
0,945,928
0,929,946
0,940,933
0,936,939
0,948,942
0,947,949
0,950,990
0,951,976
0,997,952
0,953,975
0,989,954
0,958,955
0,956,963
0,957,984
0,959,962
0,965,960
0,961,964
0,999,966
0,967,970
0,968,974
0,969,994
0,982,971
0,978,972
0,973,977
0,991,979
0,992,980
0,988,981
0,985,983
0,998,986
0,993,987
0,995,996
0,1000,1009
0,1004,1001
0,1002,1012
0,1003,1011
0,1005,1010
0,1006,1013
0,1007,1008
0,1023,1014
0,1017,1015
0,1044,1016
0,1019,1018
0,1022,1020
0,1026,1021
0,1040,1024
0,1025,1027
0,1028,1049
0,1042,1029
0,1038,1030
0,1031,1032
0,1041,1033
0,1034,1048
0,1046,1035
0,1036,1047
0,1039,1037
0,1045,1043
0,1051,1050
0,1052,1069
0,1076,1053
0,1089,1054
0,1055,1079
0,1064,1056
0,1057,1061
0,1058,1065
0,1059,1084
0,1078,1060
0,1062,1066
0,1063,1081
0,1067,1080
0,1086,1068
0,1070,1082
0,1085,1071
0,1074,1072
0,1073,1077
0,1088,1075
0,1087,1083
0,1090,1100
0,1113,1091
0,1095,1092
0,1102,1093
0,1103,1094
0,1096,1101
0,1097,1106
0,1110,1098
0,1109,1099
0,1105,1104
0,1107,1108
0,1112,1111
0,1145,1114
0,1119,1115
0,1116,1120
0,1122,1117
0,1118,1129
0,1146,1121
0,1123,1126
0,1124,1149
0,1125,1142
0,1127,1130
0,1128,1143
0,1134,1131
0,1133,1132
0,1148,1135
0,1136,1139
0,1137,1147
0,1138,1140
0,1141,1144
0,1150,1154
0,1175,1151
0,1155,1152
0,1153,1169
0,1156,1188
0,1157,1160
0,1172,1158
0,1159,1189
0,1161,1166
0,1162,1186
0,1168,1163
0,1170,1164
0,1165,1171
0,1192,1167
0,1173,1184
0,1181,1174
0,1187,1176
0,1177,1193
0,1178,1185
0,1195,1179
0,1183,1180
0,1182,1191
0,1194,1190
0,1196,1201
0,1198,1197
0,1205,1199
0,1200,1208
0,1202,1211
0,1203,1209
0,1204,1207
0,1206,1210
0,1212,1222
0,1218,1213
0,1229,1214
0,1215,1217
0,1216,1226
0,1221,1219
0,1220,1227
0,1223,1228
0,1231,1224
0,1225,1230
0,1232,1259
0,1240,1233
0,1234,1243
0,1235,1246
0,1247,1236
0,1237,1250
0,1244,1238
0,1239,1248
0,1241,1252
0,1242,1251
0,1255,1245
0,1254,1249
0,1256,1253
0,1257,1258
0,1260,1275
0,1261,1267
0,1271,1262
0,1265,1263
0,1279,1264
0,1268,1266
0,1269,1272
0,1270,1273
0,1274,1276
0,1281,1277
0,1280,1278
0,1283,1282
0,1319,1284
0,1316,1285
0,1297,1286
0,1308,1287
0,1296,1288
0,1298,1289
0,1290,1299
0,1291,1293
0,1292,1300
0,1295,1294
0,1310,1301
0,1302,1306
0,1323,1303
0,1304,1318
0,1314,1305
0,1311,1307
0,1320,1309
0,1312,1313
0,1315,1317
0,1322,1321
0,1372,1324
0,1332,1325
0,1362,1326
0,1327,1337
0,1341,1328
0,1358,1329
0,1334,1330
0,1331,1339
0,1333,1344
0,1373,1335
0,1336,1364
0,1360,1338
0,1367,1340
0,1342,1343
0,1345,1356
0,1357,1346
0,1368,1347
0,1351,1348
0,1350,1349
0,1359,1352
0,1353,1374
0,1354,1366
0,1375,1355
0,1369,1361
0,1365,1363
0,1371,1370
0,1389,1376
0,1382,1377
0,1378,1399
0,1379,1383
0,1388,1380
0,1397,1381
0,1384,1385
0,1390,1386
0,1387,1396
0,1391,1393
0,1394,1392
0,1398,1395
0,1400,1405
0,1407,1401
0,1429,1402
0,1404,1403
0,1406,1409
0,1423,1408
0,1411,1410
0,1427,1412
0,1415,1413
0,1414,1424
0,1416,1418
0,1430,1417
0,1419,1426
0,1420,1431
0,1421,1422
0,1425,1432
0,1428,1433
0,1434,1456
0,1449,1435
0,1436,1471
0,1437,1469
0,1438,1442
0,1439,1441
0,1440,1443
0,1463,1444
0,1445,1457
0,1446,1448
0,1447,1450
0,1451,1470
0,1452,1466
0,1472,1453
0,1454,1467
0,1455,1460
0,1458,1462
0,1459,1464
0,1461,1468
0,1473,1465
1,12,0
1,1,4
1,2,11
1,3,7
1,6,5
1,8,13
1,14,9
1,10,15
1,16,36
1,17,19
1,87,18
1,25,20
1,21,88
1,22,92
1,43,23
1,24,28
1,50,26
1,27,37
1,54,29
1,30,38
1,46,31
1,44,32
1,45,33
1,34,84
1,47,35
1,39,40
1,57,41
1,42,53
1,62,48
1,49,55
1,85,51
1,56,52
1,58,59
1,61,60
1,66,63
1,76,64
1,65,86
1,94,67
1,74,68
1,69,91
1,70,82
1,71,89
1,73,72
1,90,75
1,77,80
1,78,95
1,93,79
1,83,81
1,96,150
1,97,143
1,116,98
1,99,133
1,130,100
1,102,101
1,103,185
1,177,104
1,188,105
1,106,111
1,107,108
1,118,109
1,171,110
1,144,112
1,114,113
1,162,115
1,117,172
1,190,119
1,126,120
1,122,121
1,164,123
1,127,124
1,125,169
1,128,129
1,134,131
1,136,132
1,135,137
1,139,138
1,173,140
1,151,141
1,142,152
1,182,145
1,146,180
1,148,147
1,149,159
1,174,153
1,157,154
1,155,156
1,158,167
1,161,160
1,170,163
1,165,166
1,168,189
1,191,175
1,183,176
1,179,178
1,184,181
1,186,187
1,196,192
1,200,193
1,198,194
1,199,195
1,202,197
1,201,203
1,204,207
1,205,253
1,210,206
1,258,208
1,209,222
1,223,211
1,233,212
1,213,227
1,231,214
1,224,215
1,216,225
1,217,241
1,232,218
1,219,221
1,220,230
1,228,226
1,229,254
1,234,261
1,248,235
1,236,244
1,260,237
1,238,255
1,239,256
1,240,250
1,247,242
1,243,245
1,246,251
1,249,259
1,257,252
1,262,263
1,264,272
1,265,274
1,279,266
1,302,267
1,268,303
1,309,269
1,270,298
1,301,271
1,286,273
1,275,306
1,310,276
1,277,297
1,284,278
1,321,280
1,281,282
1,283,285
1,287,289
1,294,288
1,290,313
1,311,291
1,318,292
1,304,293
1,295,308
1,312,296
1,299,307
1,319,300
1,314,305
1,315,320
1,317,316
1,326,322
1,329,323
1,324,328
1,325,330
1,332,327
1,331,340
1,333,338
1,337,334
1,335,336
1,339,342
1,343,341
1,344,425
1,350,345
1,353,346
1,380,347
1,390,348
1,349,367
1,368,351
1,352,377
1,385,354
1,355,402
1,356,359
1,375,357
1,358,363
1,360,365
1,361,374
1,362,414
1,364,389
1,384,366
1,370,369
1,371,383
1,382,372
1,373,381
1,411,376
1,387,378
1,379,415
1,386,388
1,391,405
1,419,392
1,393,396
1,407,394
1,395,406
1,398,397
1,412,399
1,420,400
1,409,401
1,404,403
1,408,416
1,410,422
1,417,413
1,421,418
1,424,423
1,444,426
1,429,427
1,443,428
1,508,430
1,431,524
1,519,432
1,433,436
1,434,441
1,435,450
1,451,437
1,438,463
1,439,458
1,440,488
1,491,442
1,445,492
1,446,511
1,482,447
1,448,449
1,509,452
1,461,453
1,522,454
1,455,459
1,456,470
1,499,457
1,460,474
1,462,510
1,473,464
1,465,483
1,478,466
1,517,467
1,468,506
1,469,477
1,520,471
1,513,472
1,475,497
1,479,476
1,502,480
1,481,487
1,484,493
1,485,496
1,518,486
1,489,521
1,498,490
1,503,494
1,495,516
1,500,501
1,504,505
1,507,523
1,515,512
1,525,514
1,535,526
1,527,542
1,537,528
1,538,529
1,536,530
1,531,541
1,540,532
1,543,533
1,534,539
1,549,544
1,554,545
1,591,546
1,597,547
1,560,548
1,550,567
1,556,551
1,552,558
1,568,553
1,555,572
1,557,565
1,559,599
1,562,561
1,564,563
1,566,570
1,569,571
1,575,573
1,579,574
1,583,576
1,577,584
1,580,578
1,581,593
1,582,586
1,590,585
1,598,587
1,588,592
1,589,595
1,596,594
1,600,602
1,601,650
1,607,603
1,604,620
1,612,605
1,640,606
1,619,608
1,609,616
1,610,611
1,638,613
1,614,641
1,615,636
1,632,617
1,646,618
1,621,633
1,639,622
1,623,629
1,624,652
1,648,625
1,626,654
1,630,627
1,649,628
1,637,631
1,634,651
1,635,642
1,643,647
1,644,645
1,653,655
1,656,671
1,673,657
1,663,658
1,659,661
1,660,662
1,666,664
1,665,668
1,672,667
1,670,669
1,674,713
1,698,675
1,688,676
1,677,707
1,678,695
1,679,700
1,683,680
1,708,681
1,696,682
1,719,684
1,685,706
1,711,686
1,726,687
1,690,689
1,691,723
1,692,694
1,697,693
1,701,699
1,702,718
1,716,703
1,705,704
1,709,712
1,710,724
1,714,722
1,728,715
1,717,727
1,729,720
1,725,721
1,754,730
1,731,734
1,789,732
1,733,779
1,736,735
1,737,760
1,738,765
1,764,739
1,740,773
1,741,755
1,742,750
1,752,743
1,746,744
1,747,745
1,748,774
1,761,749
1,751,768
1,777,753
1,756,787
1,757,762
1,786,758
1,759,785
1,788,763
1,766,780
1,767,771
1,772,769
1,770,784
1,775,782
1,776,778
1,781,783
1,790,794
1,791,797
1,792,796
1,793,798
1,799,795
1,800,801
1,802,803
1,804,830
1,835,805
1,820,806
1,811,807
1,813,808
1,809,810
1,815,812
1,817,814
1,833,816
1,821,818
1,831,819
1,822,827
1,824,823
1,825,839
1,826,828
1,829,836
1,838,832
1,837,834
1,856,840
1,854,841
1,842,866
1,843,845
1,844,847
1,873,846
1,875,848
1,849,869
1,850,851
1,852,867
1,853,855
1,864,857
1,871,858
1,859,861
1,860,865
1,872,862
1,863,868
1,874,870
1,876,889
1,892,877
1,878,884
1,896,879
1,880,898
1,881,886
1,882,897
1,888,883
1,885,887
1,891,890
1,893,894
1,899,895
1,900,936
1,901,909
1,902,908
1,903,916
1,904,907
1,918,905
1,932,906
1,914,910
1,929,911
1,912,923
1,917,913
1,920,915
1,935,919
1,921,938
1,939,922
1,924,925
1,926,943
1,930,927
1,928,934
1,931,937
1,944,933
1,940,945
1,941,948
1,942,947
1,946,949
1,956,950
1,972,951
1,952,955
1,996,953
1,973,954
1,957,959
1,960,958
1,984,961
1,962,964
1,963,965
1,986,966
1,977,967
1,975,968
1,969,991
1,970,999
1,971,985
1,990,974
1,998,976
1,978,980
1,979,993
1,994,981
1,982,997
1,992,983
1,987,988
1,995,989
1,1000,1007
1,1010,1001
1,1003,1002
1,1004,1012
1,1008,1005
1,1009,1006
1,1013,1011
1,1014,1021
1,1015,1044
1,1016,1019
1,1017,1025
1,1018,1037
1,1026,1020
1,1022,1024
1,1027,1023
1,1043,1028
1,1029,1035
1,1030,1034
1,1031,1042
1,1032,1036
1,1033,1047
1,1038,1048
1,1039,1040
1,1041,1045
1,1049,1046
1,1057,1050
1,1054,1051
1,1079,1052
1,1053,1089
1,1064,1055
1,1056,1058
1,1061,1059
1,1060,1062
1,1063,1076
1,1065,1081
1,1066,1073
1,1088,1067
1,1069,1068
1,1075,1070
1,1071,1072
1,1077,1074
1,1087,1078
1,1080,1084
1,1083,1082
1,1085,1086
1,1090,1113
1,1110,1091
1,1102,1092
1,1093,1103
1,1094,1101
1,1099,1095
1,1096,1100
1,1097,1098
1,1104,1112
1,1105,1107
1,1106,1108
1,1111,1109
1,1114,1131
1,1115,1146
1,1127,1116
1,1117,1132
1,1118,1145
1,1134,1119
1,1129,1120
1,1121,1140
1,1122,1135
1,1142,1123
1,1130,1124
1,1125,1128
1,1126,1133
1,1148,1136
1,1137,1149
1,1147,1138
1,1139,1141
1,1144,1143
1,1150,1164
1,1154,1151
1,1152,1183
1,1159,1153
1,1155,1156
1,1157,1169
1,1186,1158
1,1174,1160
1,1162,1161
1,1190,1163
1,1165,1172
1,1166,1189
1,1184,1167
1,1168,1170
1,1171,1175
1,1194,1173
1,1191,1176
1,1192,1177
1,1187,1178
1,1179,1182
1,1180,1181
1,1185,1195
1,1193,1188
1,1199,1196
1,1197,1200
1,1201,1198
1,1210,1202
1,1204,1203
1,1208,1205
1,1207,1206
1,1211,1209
1,1212,1223
1,1213,1229
1,1214,1227
1,1231,1215
1,1217,1216
1,1219,1218
1,1230,1220
1,1224,1221
1,1222,1225
1,1226,1228
1,1252,1232
1,1233,1239
1,1248,1234
1,1237,1235
1,1236,1256
1,1238,1241
1,1250,1240
1,1242,1255
1,1254,1243
1,1258,1244
1,1245,1246
1,1247,1253
1,1249,1259
1,1251,1257
1,1280,1260
1,1261,1263
1,1262,1266
1,1269,1264
1,1265,1274
1,1267,1270
1,1272,1268
1,1271,1281
1,1279,1273
1,1275,1282
1,1276,1277
1,1278,1283
1,1284,1296
1,1285,1308
1,1286,1311
1,1287,1316
1,1288,1291
1,1289,1295
1,1298,1290
1,1293,1292
1,1294,1302
1,1319,1297
1,1299,1300
1,1301,1318
1,1303,1304
1,1305,1317
1,1306,1310
1,1321,1307
1,1309,1323
1,1312,1315
1,1313,1320
1,1322,1314
1,1325,1324
1,1326,1348
1,1354,1327
1,1328,1332
1,1329,1375
1,1335,1330
1,1363,1331
1,1333,1339
1,1334,1358
1,1344,1336
1,1337,1341
1,1338,1342
1,1340,1373
1,1343,1360
1,1345,1368
1,1346,1350
1,1374,1347
1,1366,1349
1,1370,1351
1,1356,1352
1,1353,1369
1,1355,1357
1,1371,1359
1,1361,1367
1,1362,1372
1,1364,1365
1,1376,1379
1,1377,1380
1,1393,1378
1,1383,1381
1,1391,1382
1,1384,1387
1,1395,1385
1,1386,1398
1,1392,1388
1,1394,1389
1,1396,1390
1,1399,1397
1,1400,1427
1,1401,1408
1,1402,1406
1,1410,1403
1,1405,1404
1,1431,1407
1,1409,1423
1,1411,1428
1,1412,1420
1,1413,1416
1,1414,1425
1,1424,1415
1,1421,1417
1,1418,1419
1,1422,1429
1,1426,1432
1,1430,1433
1,1457,1434
1,1435,1437
1,1438,1436
1,1439,1455
1,1442,1440
1,1464,1441
1,1443,1444
1,1471,1445
1,1447,1446
1,1448,1467
1,1451,1449
1,1450,1454
1,1452,1469
1,1473,1453
1,1470,1456
1,1472,1458
1,1466,1459
1,1460,1468
1,1461,1463
1,1462,1465
2,4,0
2,7,1
2,13,2
2,12,3
2,5,8
2,6,10
2,9,11
2,15,14
2,16,22
2,20,17
2,18,30
2,21,19
2,23,47
2,25,24
2,26,37
2,87,27
2,28,49
2,29,39
2,33,31
2,42,32
2,35,34
2,36,38
2,40,43
2,41,54
2,44,45
2,48,46
2,84,50
2,51,55
2,52,85
2,53,80
2,58,56
2,59,57
2,60,68
2,88,61
2,65,62
2,63,73
2,64,72
2,78,66
2,67,95
2,70,69
2,71,77
2,75,74
2,79,76
2,81,82
2,91,83
2,92,86
2,89,90
2,94,93
2,178,96
2,112,97
2,98,128
2,99,109
2,108,100
2,101,114
2,102,143
2,103,149
2,104,106
2,189,105
2,110,107
2,111,125
2,113,162
2,115,135
2,116,136
2,117,169
2,131,118
2,119,188
2,122,120
2,121,127
2,123,168
2,124,164
2,126,134
2,129,139
2,160,130
2,163,132
2,133,170
2,137,138
2,140,141
2,150,142
2,144,151
2,145,165
2,154,146
2,153,147
2,185,148
2,152,183
2,155,157
2,156,158
2,187,159
2,190,161
2,166,191
2,180,167
2,172,171
2,173,184
2,186,174
2,175,179
2,177,176
2,181,182
2,194,192
2,193,201
2,195,203
2,197,196
2,199,198
2,200,202
2,205,204
2,206,253
2,207,228
2,208,218
2,256,209
2,227,210
2,233,211
2,212,213
2,225,214
2,215,216
2,232,217
2,226,219
2,222,220
2,221,231
2,224,223
2,229,240
2,254,230
2,234,248
2,235,243
2,237,236
2,257,238
2,239,255
2,241,260
2,242,244
2,245,247
2,252,246
2,250,249
2,251,262
2,259,258
2,263,261
2,274,264
2,272,265
2,266,275
2,319,267
2,286,268
2,271,269
2,280,270
2,273,284
2,276,281
2,298,277
2,278,301
2,303,279
2,282,285
2,289,283
2,287,320
2,288,304
2,296,290
2,291,312
2,292,321
2,310,293
2,315,294
2,313,295
2,297,302
2,300,299
2,305,316
2,306,317
2,308,307
2,309,318
2,314,311
2,322,330
2,323,332
2,340,324
2,327,325
2,328,326
2,329,331
2,333,334
2,339,335
2,336,343
2,338,337
2,342,341
2,387,344
2,345,391
2,346,349
2,347,366
2,348,364
2,368,350
2,351,353
2,378,352
2,354,404
2,400,355
2,357,356
2,360,358
2,359,390
2,361,375
2,417,362
2,413,363
2,365,388
2,367,384
2,369,373
2,372,370
2,382,371
2,376,374
2,415,377
2,379,414
2,399,380
2,383,381
2,386,385
2,389,393
2,392,410
2,394,425
2,395,424
2,407,396
2,397,406
2,416,398
2,401,421
2,402,412
2,403,420
2,409,405
2,411,408
2,418,419
2,422,423
2,487,426
2,427,443
2,471,428
2,429,486
2,464,430
2,431,483
2,447,432
2,434,433
2,436,435
2,437,440
2,488,438
2,439,461
2,441,496
2,442,498
2,444,455
2,493,445
2,467,446
2,499,448
2,449,490
2,450,458
2,510,451
2,452,463
2,453,491
2,454,485
2,518,456
2,457,500
2,459,509
2,508,460
2,501,462
2,511,465
2,466,481
2,468,514
2,506,469
2,476,470
2,472,525
2,494,473
2,474,482
2,475,502
2,477,524
2,520,478
2,489,479
2,480,507
2,484,519
2,504,492
2,495,517
2,497,521
2,505,503
2,516,512
2,515,513
2,523,522
2,526,538
2,527,540
2,543,528
2,529,537
2,530,535
2,534,531
2,533,532
2,539,536
2,541,542
2,544,545
2,546,562
2,547,554
2,551,548
2,549,591
2,553,550
2,552,564
2,565,555
2,559,556
2,570,557
2,572,558
2,563,560
2,561,569
2,567,566
2,571,568
2,573,577
2,576,574
2,583,575
2,578,599
2,580,579
2,592,581
2,582,596
2,584,598
2,585,586
2,587,597
2,594,588
2,593,589
2,595,590
2,606,600
2,611,601
2,608,602
2,603,621
2,619,604
2,614,605
2,616,607
2,618,609
2,631,610
2,612,615
2,613,620
2,633,617
2,622,648
2,651,623
2,629,624
2,625,644
2,639,626
2,650,627
2,628,637
2,630,642
2,636,632
2,643,634
2,641,635
2,638,646
2,652,640
2,655,645
2,649,647
2,653,654
2,662,656
2,658,657
2,659,660
2,661,664
2,665,663
2,673,666
2,667,670
2,668,669
2,671,672
2,716,674
2,675,718
2,676,721
2,694,677
2,705,678
2,679,692
2,680,717
2,681,697
2,682,702
2,699,683
2,695,684
2,685,696
2,686,712
2,687,688
2,689,698
2,701,690
2,691,700
2,693,719
2,703,725
2,706,704
2,707,709
2,724,708
2,722,710
2,711,713
2,729,714
2,715,720
2,723,728
2,727,726
2,760,730
2,731,743
2,732,736
2,733,789
2,734,764
2,735,748
2,737,767
2,749,738
2,787,739
2,747,740
2,769,741
2,742,751
2,744,778
2,745,781
2,750,746
2,773,752
2,753,754
2,755,777
2,759,756
2,757,774
2,761,758
2,762,765
2,763,782
2,788,766
2,772,768
2,783,770
2,771,786
2,785,775
2,780,776
2,784,779
2,790,797
2,792,791
2,793,801
2,794,802
2,795,796
2,798,800
2,799,803
2,832,804
2,805,839
2,806,810
2,807,817
2,808,819
2,830,809
2,815,811
2,812,820
2,813,824
2,814,816
2,818,835
2,821,825
2,822,838
2,823,828
2,836,826
2,827,837
2,834,829
2,833,831
2,840,847
2,842,841
2,843,855
2,844,868
2,845,852
2,862,846
2,848,871
2,856,849
2,867,850
2,851,853
2,874,854
2,857,866
2,858,859
2,873,860
2,861,872
2,863,875
2,869,864
2,865,870
2,886,876
2,877,893
2,894,878
2,879,883
2,887,880
2,897,881
2,884,882
2,888,885
2,889,891
2,890,892
2,895,896
2,899,898
2,921,900
2,932,901
2,949,902
2,912,903
2,904,939
2,905,935
2,908,906
2,907,918
2,925,909
2,910,911
2,913,938
2,914,919
2,915,917
2,922,916
2,923,920
2,924,940
2,948,926
2,927,945
2,933,928
2,930,929
2,936,931
2,934,946
2,937,941
2,942,943
2,947,944
2,971,950
2,988,951
2,952,998
2,977,953
2,954,956
2,955,957
2,958,965
2,964,959
2,960,984
2,963,961
2,966,962
2,980,967
2,983,968
2,974,969
2,986,970
2,987,972
2,985,973
2,975,979
2,976,997
2,989,978
2,981,982
2,990,995
2,993,991
2,994,992
2,999,996
2,1010,1000
2,1001,1003
2,1011,1002
2,1009,1004
2,1005,1006
2,1007,1013
2,1012,1008
2,1014,1022
2,1015,1016
2,1040,1017
2,1034,1018
2,1043,1019
2,1020,1027
2,1021,1029
2,1023,1025
2,1024,1026
2,1028,1044
2,1030,1031
2,1048,1032
2,1033,1036
2,1035,1049
2,1037,1045
2,1047,1038
2,1042,1039
2,1046,1041
2,1050,1064
2,1058,1051
2,1086,1052
2,1053,1088
2,1062,1054
2,1055,1078
2,1056,1063
2,1079,1057
2,1059,1080
2,1076,1060
2,1081,1061
2,1083,1065
2,1066,1074
2,1082,1067
2,1068,1087
2,1069,1077
2,1084,1070
2,1089,1071
2,1072,1073
2,1075,1085
2,1108,1090
2,1091,1111
2,1092,1096
2,1101,1093
2,1099,1094
2,1098,1095
2,1103,1097
2,1100,1110
2,1104,1102
2,1113,1105
2,1107,1106
2,1109,1112
2,1139,1114
2,1131,1115
2,1116,1145
2,1117,1127
2,1132,1118
2,1128,1119
2,1120,1133
2,1121,1141
2,1138,1122
2,1123,1125
2,1143,1124
2,1126,1134
2,1142,1129
2,1130,1144
2,1135,1137
2,1136,1146
2,1140,1147
2,1149,1148
2,1151,1150
2,1167,1152
2,1160,1153
2,1170,1154
2,1191,1155
2,1156,1166
2,1161,1157
2,1158,1159
2,1169,1162
2,1163,1186
2,1164,1175
2,1189,1165
2,1171,1168
2,1172,1174
2,1173,1178
2,1176,1193
2,1177,1187
2,1179,1180
2,1183,1181
2,1182,1192
2,1188,1184
2,1185,1190
2,1195,1194
2,1210,1196
2,1197,1206
2,1198,1203
2,1199,1207
2,1200,1202
2,1205,1201
2,1211,1204
2,1209,1208
2,1226,1212
2,1213,1219
2,1214,1215
2,1221,1216
2,1229,1217
2,1227,1218
2,1220,1225
2,1228,1222
2,1224,1223
2,1230,1231
2,1243,1232
2,1253,1233
2,1234,1250
2,1240,1235
2,1236,1245
2,1239,1237
2,1238,1248
2,1241,1254
2,1257,1242
2,1244,1256
2,1246,1251
2,1252,1247
2,1249,1258
2,1259,1255
2,1260,1269
2,1266,1261
2,1282,1262
2,1263,1281
2,1264,1265
2,1267,1271
2,1273,1268
2,1270,1279
2,1272,1276
2,1274,1278
2,1275,1283
2,1277,1280
2,1288,1284
2,1285,1289
2,1286,1287
2,1290,1315
2,1299,1291
2,1296,1292
2,1316,1293
2,1300,1294
2,1295,1298
2,1302,1297
2,1301,1321
2,1318,1303
2,1314,1304
2,1305,1322
2,1309,1306
2,1307,1319
2,1308,1312
2,1320,1310
2,1317,1311
2,1323,1313
2,1324,1327
2,1328,1325
2,1357,1326
2,1348,1329
2,1330,1337
2,1331,1365
2,1332,1371
2,1360,1333
2,1339,1334
2,1335,1340
2,1336,1338
2,1352,1341
2,1342,1345
2,1364,1343
2,1363,1344
2,1369,1346
2,1347,1350
2,1349,1361
2,1356,1351
2,1367,1353
2,1355,1354
2,1358,1362
2,1359,1366
2,1374,1368
2,1375,1370
2,1372,1373
2,1376,1382
2,1383,1377
2,1398,1378
2,1379,1399
2,1380,1384
2,1381,1391
2,1385,1396
2,1388,1386
2,1387,1394
2,1389,1392
2,1395,1390
2,1397,1393
2,1406,1400
2,1423,1401
2,1402,1426
2,1403,1428
2,1404,1409
2,1410,1405
2,1407,1412
2,1408,1411
2,1418,1413
2,1422,1414
2,1415,1427
2,1417,1416
2,1419,1430
2,1420,1425
2,1431,1421
2,1433,1424
2,1432,1429
2,1434,1449
2,1440,1435
2,1442,1436
2,1437,1443
2,1444,1438
2,1463,1439
2,1441,1459
2,1445,1466
2,1450,1446
2,1457,1447
2,1454,1448
2,1456,1451
2,1460,1452
2,1453,1458
2,1455,1461
2,1462,1473
2,1465,1464
2,1467,1472
2,1468,1470
2,1469,1471
3,0,1
3,2,12
3,3,15
3,13,4
3,14,5
3,7,6
3,11,8
3,10,9
3,55,16
3,17,18
3,19,87
3,20,92
3,22,21
3,23,39
3,30,24
3,27,25
3,28,26
3,43,29
3,31,48
3,32,45
3,33,59
3,46,34
3,54,35
3,37,36
3,38,56
3,53,40
3,41,42
3,47,44
3,49,51
3,52,50
3,57,58
3,95,60
3,62,61
3,63,78
3,74,64
3,75,65
3,66,76
3,72,67
3,68,89
3,69,71
3,80,70
3,93,73
3,77,90
3,79,94
3,91,81
3,82,83
3,85,84
3,86,88
3,96,98
3,129,97
3,118,99
3,100,117
3,109,101
3,150,102
3,151,103
3,135,104
3,105,130
3,106,124
3,107,164
3,110,108
3,114,111
3,136,112
3,113,115
3,143,116
3,119,160
3,120,123
3,121,126
3,127,122
3,134,125
3,128,178
3,132,131
3,133,172
3,170,137
3,138,177
3,191,139
3,147,140
3,141,149
3,142,174
3,179,144
3,145,175
3,157,146
3,148,187
3,152,153
3,167,154
3,158,155
3,156,166
3,159,186
3,161,189
3,162,163
3,168,165
3,169,171
3,185,173
3,176,184
3,182,180
3,183,181
3,188,190
3,192,197
3,193,199
3,196,194
3,201,195
3,198,200
3,203,202
3,253,204
3,259,205
3,249,206
3,217,207
3,215,208
3,240,209
3,210,219
3,211,216
3,223,212
3,213,225
3,214,233
3,218,229
3,220,254
3,230,221
3,222,228
3,256,224
3,226,227
3,231,232
3,247,234
3,251,235
3,236,260
3,245,237
3,238,262
3,263,239
3,255,241
3,250,242
3,243,248
3,244,246
3,261,252
3,258,257
3,264,288
3,265,266
3,267,271
3,277,268
3,269,301
3,270,319
3,282,272
3,273,289
3,285,274
3,281,275
3,278,276
3,279,310
3,280,309
3,283,287
3,284,286
3,290,291
3,304,292
3,293,317
3,294,314
3,295,296
3,303,297
3,302,298
3,320,299
3,307,300
3,305,312
3,316,306
3,311,308
3,313,315
3,321,318
3,322,328
3,326,323
3,327,324
3,325,331
3,335,329
3,330,340
3,341,332
3,342,333
3,334,339
3,338,336
3,337,343
3,344,386
3,381,345
3,346,411
3,408,347
3,359,348
3,377,349
3,350,355
3,351,354
3,352,416
3,366,353
3,356,361
3,364,357
3,358,376
3,362,360
3,363,365
3,378,367
3,385,368
3,388,369
3,370,387
3,371,389
3,373,372
3,374,375
3,384,379
3,380,401
3,390,382
3,393,383
3,418,391
3,396,392
3,424,394
3,425,395
3,397,404
3,405,398
3,403,399
3,412,400
3,402,409
3,406,419
3,422,407
3,423,410
3,413,415
3,414,417
3,420,421
3,426,431
3,427,478
3,428,429
3,430,509
3,432,446
3,433,435
3,436,434
3,488,437
3,455,438
3,440,439
3,441,453
3,524,442
3,443,523
3,458,444
3,456,445
3,481,447
3,450,448
3,462,449
3,463,451
3,460,452
3,492,454
3,461,457
3,459,510
3,474,464
3,465,515
3,472,466
3,467,480
3,512,468
3,469,525
3,470,516
3,490,471
3,473,522
3,479,475
3,497,476
3,477,511
3,505,482
3,483,484
3,485,520
3,486,507
3,519,487
3,517,489
3,491,501
3,493,494
3,521,495
3,496,502
3,498,499
3,500,508
3,503,518
3,506,504
3,514,513
3,526,530
3,538,527
3,528,529
3,531,543
3,532,537
3,533,541
3,540,534
3,536,535
3,542,539
3,544,547
3,545,597
3,546,554
3,548,555
3,566,549
3,550,568
3,551,569
3,563,552
3,561,553
3,556,560
3,557,559
3,558,567
3,570,562
3,564,571
3,565,591
3,572,580
3,573,583
3,574,584
3,576,575
3,577,598
3,579,578
3,581,582
3,593,585
3,586,594
3,599,587
3,590,588
3,592,589
3,596,595
3,610,600
3,601,603
3,602,616
3,604,621
3,605,630
3,617,606
3,607,632
3,609,608
3,615,611
3,635,612
3,613,614
3,618,625
3,636,619
3,620,646
3,626,622
3,623,652
3,634,624
3,627,651
3,647,628
3,629,650
3,641,631
3,642,633
3,637,653
3,645,638
3,640,639
3,648,643
3,644,655
3,654,649
3,656,660
3,657,671
3,664,658
3,668,659
3,661,662
3,666,663
3,670,665
3,669,667
3,672,673
3,712,674
3,708,675
3,676,686
3,677,692
3,678,682
3,680,679
3,702,681
3,721,683
3,684,699
3,695,685
3,687,727
3,688,716
3,697,689
3,723,690
3,693,691
3,694,719
3,704,696
3,698,706
3,700,701
3,717,703
3,707,705
3,724,709
3,715,710
3,718,711
3,713,722
3,714,726
3,720,725
3,728,729
3,730,742
3,783,731
3,732,737
3,765,733
3,758,734
3,764,735
3,736,750
3,756,738
3,739,772
3,777,740
3,741,754
3,743,769
3,744,745
3,746,773
3,776,747
3,748,761
3,749,788
3,751,753
3,768,752
3,778,755
3,781,757
3,786,759
3,770,760
3,775,762
3,766,763
3,785,767
3,771,789
3,774,780
3,779,787
3,782,784
3,803,790
3,795,791
3,794,792
3,796,793
3,797,800
3,802,798
3,801,799
3,812,804
3,805,833
3,816,806
3,810,807
3,817,808
3,809,814
3,811,831
3,818,813
3,819,815
3,820,821
3,826,822
3,834,823
3,824,825
3,827,836
3,828,837
3,839,829
3,832,830
3,835,838
3,855,840
3,841,874
3,868,842
3,852,843
3,850,844
3,867,845
3,846,865
3,847,871
3,866,848
3,849,851
3,853,862
3,854,860
3,864,856
3,857,858
3,875,859
3,861,863
3,872,869
3,870,873
3,876,899
3,879,877
3,897,878
3,880,888
3,883,881
3,889,882
3,887,884
3,886,885
3,890,896
3,898,891
3,894,892
3,893,895
3,910,900
3,911,901
3,909,902
3,917,903
3,916,904
3,906,905
3,935,907
3,908,918
3,913,912
3,949,914
3,915,921
3,919,922
3,920,924
3,923,939
3,933,925
3,926,941
3,927,946
3,928,940
3,934,929
3,944,930
3,931,932
3,947,936
3,938,937
3,945,942
3,943,948
3,950,954
3,951,990
3,968,952
3,953,960
3,959,955
3,956,989
3,961,957
3,958,986
3,970,962
3,984,963
3,967,964
3,965,996
3,966,987
3,969,975
3,997,971
3,972,983
3,995,973
3,991,974
3,976,982
3,980,977
3,978,981
3,979,992
3,985,999
3,998,988
3,993,994
3,1000,1013
3,1006,1001
3,1002,1005
3,1003,1009
3,1011,1004
3,1007,1012
3,1008,1010
3,1031,1014
3,1019,1015
3,1016,1020
3,1017,1039
3,1018,1046
3,1021,1024
3,1049,1022
3,1023,1026
3,1025,1040
3,1027,1029
3,1036,1028
3,1032,1030
3,1045,1033
3,1047,1034
3,1035,1043
3,1044,1037
3,1038,1042
3,1041,1048
3,1050,1088
3,1051,1066
3,1052,1053
3,1054,1064
3,1055,1060
3,1076,1056
3,1057,1062
3,1078,1058
3,1059,1081
3,1065,1061
3,1086,1063
3,1067,1083
3,1068,1084
3,1074,1069
3,1070,1087
3,1071,1075
3,1089,1072
3,1073,1082
3,1077,1085
3,1080,1079
3,1093,1090
3,1100,1091
3,1092,1101
3,1094,1102
3,1095,1104
3,1097,1096
3,1098,1099
3,1107,1103
3,1112,1105
3,1106,1113
3,1108,1109
3,1110,1111
3,1114,1121
3,1118,1115
3,1116,1135
3,1120,1117
3,1119,1126
3,1122,1137
3,1141,1123
3,1124,1128
3,1143,1125
3,1127,1131
3,1144,1129
3,1133,1130
3,1132,1134
3,1147,1136
3,1145,1138
3,1148,1139
3,1146,1140
3,1149,1142
3,1175,1150
3,1151,1159
3,1152,1174
3,1153,1185
3,1154,1171
3,1155,1189
3,1163,1156
3,1166,1157
3,1168,1158
3,1160,1167
3,1186,1161
3,1162,1172
3,1169,1164
3,1165,1170
3,1193,1173
3,1195,1176
3,1190,1177
3,1178,1182
3,1187,1179
3,1192,1180
3,1181,1188
3,1194,1183
3,1184,1191
3,1196,1209
3,1208,1197
3,1206,1198
3,1201,1199
3,1200,1210
3,1202,1207
3,1203,1211
3,1205,1204
3,1216,1212
3,1215,1213
3,1219,1214
3,1217,1221
3,1218,1226
3,1223,1220
3,1222,1224
3,1225,1228
3,1227,1231
3,1229,1230
3,1232,1234
3,1233,1238
3,1235,1252
3,1243,1236
3,1248,1237
3,1239,1240
3,1250,1241
3,1253,1242
3,1251,1244
3,1259,1245
3,1246,1249
3,1247,1254
3,1255,1257
3,1256,1258
3,1260,1265
3,1261,1271
3,1262,1267
3,1266,1263
3,1277,1264
3,1268,1270
3,1283,1269
3,1273,1272
3,1281,1274
3,1279,1275
3,1280,1276
3,1282,1278
3,1318,1284
3,1323,1285
3,1308,1286
3,1287,1295
3,1302,1288
3,1292,1289
3,1300,1290
3,1291,1322
3,1293,1296
3,1294,1299
3,1297,1316
3,1298,1320
3,1317,1301
3,1303,1307
3,1304,1319
3,1321,1305
3,1306,1313
3,1311,1309
3,1310,1312
3,1315,1314
3,1324,1359
3,1334,1325
3,1326,1335
3,1327,1362
3,1345,1328
3,1329,1371
3,1373,1330
3,1331,1337
3,1348,1332
3,1341,1333
3,1343,1336
3,1344,1338
3,1339,1364
3,1372,1340
3,1368,1342
3,1346,1353
3,1347,1369
3,1349,1367
3,1350,1374
3,1351,1375
3,1352,1355
3,1370,1354
3,1366,1356
3,1357,1361
3,1358,1363
3,1365,1360
3,1393,1376
3,1386,1377
3,1378,1383
3,1379,1396
3,1380,1394
3,1381,1395
3,1382,1392
3,1390,1384
3,1385,1388
3,1398,1387
3,1399,1389
3,1397,1391
3,1411,1400
3,1401,1405
3,1428,1402
3,1403,1406
3,1423,1404
3,1416,1407
3,1408,1409
3,1427,1410
3,1432,1412
3,1413,1419
3,1414,1431
3,1433,1415
3,1417,1426
3,1429,1418
3,1420,1421
3,1425,1422
3,1424,1430
3,1466,1434
3,1435,1455
3,1436,1452
3,1437,1457
3,1439,1438
3,1440,1444
3,1441,1463
3,1464,1442
3,1443,1456
3,1459,1445
3,1446,1453
3,1472,1447
3,1448,1461
3,1449,1471
3,1458,1450
3,1469,1451
3,1454,1473
3,1470,1460
3,1468,1462
3,1467,1465
4,0,3
4,1,2
4,14,4
4,5,15
4,6,11
4,10,7
4,8,9
4,12,13
4,54,16
4,25,17
4,95,18
4,19,20
4,92,21
4,24,22
4,48,23
4,26,30
4,27,84
4,50,28
4,40,29
4,31,44
4,34,32
4,35,33
4,51,36
4,37,38
4,39,53
4,58,41
4,57,42
4,59,43
4,45,87
4,47,46
4,49,52
4,56,55
4,60,62
4,61,86
4,64,63
4,68,65
4,94,66
4,67,74
4,82,69
4,81,70
4,71,91
4,72,89
4,73,79
4,76,75
4,83,77
4,78,93
4,90,80
4,88,85
4,97,96
4,98,143
4,99,134
4,100,188
4,101,185
4,102,103
4,144,104
4,105,190
4,125,106
4,130,107
4,161,108
4,109,132
4,164,110
4,112,111
4,116,113
4,136,114
4,163,115
4,117,118
4,168,119
4,139,120
4,124,121
4,122,177
4,172,123
4,126,127
4,137,128
4,178,129
4,131,162
4,171,133
4,149,135
4,138,179
4,151,140
4,187,141
4,184,142
4,158,145
4,146,182
4,147,150
4,183,148
4,174,152
4,153,159
4,154,181
4,155,191
4,167,156
4,180,157
4,160,189
4,165,175
4,166,176
4,169,170
4,173,186
4,192,193
4,194,199
4,195,198
4,196,203
4,197,200
4,202,201
4,204,259
4,205,210
4,206,258
4,207,227
4,228,208
4,209,221
4,212,211
4,224,213
4,214,215
4,216,222
4,218,217
4,219,231
4,220,223
4,225,253
4,232,226
4,229,230
4,240,233
4,234,242
4,235,244
4,262,236
4,237,238
4,239,257
4,249,241
4,243,263
4,246,245
4,248,247
4,255,250
4,252,251
4,254,256
4,260,261
4,275,264
4,265,273
4,266,274
4,267,270
4,268,297
4,269,280
4,271,303
4,281,272
4,301,276
4,277,278
4,279,320
4,286,282
4,310,283
4,289,284
4,298,285
4,287,302
4,293,288
4,311,290
4,291,313
4,306,292
4,304,294
4,299,295
4,307,296
4,300,308
4,315,305
4,316,309
4,312,314
4,317,321
4,318,319
4,331,322
4,323,325
4,324,326
4,340,327
4,328,330
4,339,329
4,332,342
4,341,333
4,335,334
4,336,337
4,343,338
4,405,344
4,382,345
4,355,346
4,416,347
4,348,363
4,349,411
4,350,351
4,353,352
4,366,354
4,374,356
4,357,376
4,375,358
4,360,359
4,361,362
4,414,364
4,365,387
4,368,367
4,371,369
4,388,370
4,372,381
4,383,373
4,377,413
4,415,378
4,385,379
4,392,380
4,417,384
4,389,386
4,424,390
4,391,403
4,404,393
4,395,394
4,396,423
4,419,397
4,398,406
4,399,400
4,401,402
4,410,407
4,408,420
4,409,418
4,421,412
4,425,422
4,426,521
4,445,427
4,483,428
4,429,474
4,438,430
4,431,432
4,453,433
4,435,434
4,442,436
4,462,437
4,439,455
4,458,440
4,444,441
4,522,443
4,446,481
4,507,447
4,448,463
4,449,500
4,457,450
4,451,508
4,452,459
4,523,454
4,524,456
4,460,510
4,461,488
4,464,475
4,495,465
4,466,477
4,487,467
4,468,503
4,513,469
4,504,470
4,471,485
4,512,472
4,473,489
4,480,476
4,478,479
4,482,493
4,525,484
4,486,520
4,490,501
4,491,498
4,511,492
4,494,506
4,496,517
4,509,497
4,499,518
4,502,519
4,516,505
4,514,515
4,527,526
4,530,528
4,529,539
4,531,540
4,541,532
4,535,533
4,534,536
4,537,543
4,542,538
4,588,544
4,549,545
4,597,546
4,591,547
4,556,548
4,562,550
4,594,551
4,552,565
4,553,566
4,554,561
4,555,557
4,559,558
4,560,564
4,569,563
4,568,567
4,571,570
4,578,572
4,584,573
4,598,574
4,575,599
4,580,576
4,577,579
4,595,581
4,590,582
4,587,583
4,585,592
4,586,593
4,589,596
4,600,627
4,606,601
4,603,602
4,646,604
4,617,605
4,612,607
4,632,608
4,619,609
4,610,615
4,611,618
4,621,613
4,630,614
4,633,616
4,620,655
4,622,645
4,625,623
4,624,650
4,653,626
4,654,628
4,643,629
4,631,644
4,634,652
4,635,636
4,637,638
4,649,639
4,651,640
4,642,641
4,647,648
4,669,656
4,665,657
4,659,658
4,660,671
4,663,661
4,662,667
4,673,664
4,670,666
4,672,668
4,674,687
4,712,675
4,727,676
4,690,677
4,702,678
4,679,693
4,719,680
4,681,706
4,682,707
4,683,695
4,696,684
4,701,685
4,686,722
4,688,717
4,689,694
4,691,724
4,692,708
4,698,697
4,705,699
4,700,704
4,703,721
4,709,718
4,710,714
4,711,728
4,716,713
4,725,715
4,726,720
4,729,723
4,730,751
4,787,731
4,743,732
4,748,733
4,789,734
4,779,735
4,737,736
4,738,785
4,773,739
4,740,744
4,746,741
4,742,755
4,745,780
4,768,747
4,784,749
4,753,750
4,752,777
4,754,769
4,786,756
4,761,757
4,758,775
4,759,764
4,782,760
4,762,766
4,763,783
4,765,771
4,767,770
4,778,772
4,774,776
4,781,788
4,799,790
4,791,796
4,802,792
4,793,794
4,800,795
4,801,797
4,803,798
4,804,817
4,830,805
4,806,815
4,808,807
4,809,811
4,810,816
4,813,812
4,814,818
4,833,819
4,831,820
4,821,835
4,822,834
4,836,823
4,824,839
4,825,826
4,838,827
4,829,828
4,837,832
4,840,843
4,841,862
4,846,842
4,844,852
4,851,845
4,853,847
4,848,868
4,849,850
4,871,854
4,855,869
4,856,867
4,874,857
4,858,870
4,859,872
4,860,863
4,873,861
4,864,866
4,865,875
4,876,895
4,877,889
4,878,887
4,885,879
4,884,880
4,881,888
4,882,883
4,896,886
4,899,890
4,891,897
4,892,893
4,898,894
4,900,927
4,901,905
4,902,910
4,903,915
4,904,912
4,906,907
4,919,908
4,909,911
4,939,913
4,921,914
4,918,916
4,941,917
4,925,920
4,922,935
4,937,923
4,929,924
4,942,926
4,928,949
4,930,933
4,944,931
4,938,932
4,940,934
4,946,936
4,943,947
4,948,945
4,950,975
4,951,971
4,952,980
4,962,953
4,954,990
4,955,963
4,956,965
4,957,958
4,960,959
4,961,986
4,964,989
4,984,966
4,967,978
4,979,968
4,992,969
4,977,970
4,972,997
4,973,998
4,974,993
4,981,976
4,982,994
4,983,999
4,996,985
4,987,991
4,995,988
4,1000,1005
4,1001,1002
4,1004,1003
4,1006,1010
4,1009,1007
4,1013,1008
4,1012,1011
4,1014,1035
4,1015,1018
4,1043,1016
4,1017,1019
4,1024,1020
4,1040,1021
4,1022,1027
4,1029,1023
4,1026,1025
4,1034,1028
4,1030,1033
4,1036,1031
4,1042,1032
4,1037,1049
4,1039,1038
4,1041,1044
4,1045,1046
4,1048,1047
4,1085,1050
4,1061,1051
4,1088,1052
4,1053,1086
4,1054,1069
4,1058,1055
4,1056,1057
4,1082,1059
4,1060,1081
4,1062,1065
4,1063,1089
4,1064,1078
4,1072,1066
4,1067,1070
4,1073,1068
4,1077,1071
4,1075,1074
4,1079,1076
4,1080,1083
4,1087,1084
4,1090,1098
4,1091,1094
4,1099,1092
4,1093,1100
4,1101,1095
4,1096,1110
4,1104,1097
4,1102,1103
4,1105,1108
4,1112,1106
4,1111,1107
4,1113,1109
4,1114,1127
4,1115,1149
4,1121,1116
4,1147,1117
4,1119,1118
4,1125,1120
4,1140,1122
4,1128,1123
4,1124,1142
4,1144,1126
4,1129,1130
4,1131,1132
4,1134,1133
4,1138,1135
4,1145,1136
4,1137,1148
4,1139,1146
4,1141,1143
4,1150,1168
4,1164,1151
4,1152,1191
4,1175,1153
4,1172,1154
4,1167,1155
4,1156,1162
4,1157,1163
4,1158,1161
4,1159,1165
4,1173,1160
4,1166,1169
4,1170,1171
4,1174,1176
4,1177,1178
4,1179,1183
4,1180,1187
4,1181,1192
4,1182,1185
4,1184,1195
4,1189,1186
4,1188,1194
4,1190,1193
4,1196,1205
4,1199,1197
4,1208,1198
4,1207,1200
4,1209,1201
4,1202,1203
4,1204,1210
4,1206,1211
4,1212,1230
4,1213,1217
4,1214,1216
4,1215,1227
4,1228,1218
4,1223,1219
4,1222,1220
4,1221,1225
4,1224,1229
4,1231,1226
4,1232,1250
4,1233,1259
4,1237,1234
4,1257,1235
4,1258,1236
4,1238,1239
4,1240,1253
4,1241,1243
4,1242,1246
4,1249,1244
4,1245,1256
4,1251,1247
4,1252,1248
4,1254,1255
4,1278,1260
4,1274,1261
4,1269,1262
4,1263,1268
4,1264,1283
4,1265,1275
4,1267,1266
4,1272,1270
4,1271,1273
4,1276,1282
4,1279,1277
4,1281,1280
4,1284,1302
4,1285,1311
4,1320,1286
4,1315,1287
4,1288,1299
4,1289,1294
4,1290,1295
4,1291,1316
4,1297,1292
4,1293,1300
4,1296,1298
4,1301,1306
4,1303,1314
4,1305,1304
4,1307,1308
4,1313,1309
4,1321,1310
4,1312,1323
4,1322,1317
4,1319,1318
4,1351,1324
4,1325,1329
4,1375,1326
4,1327,1332
4,1328,1339
4,1330,1358
4,1340,1331
4,1333,1342
4,1363,1334
4,1362,1335
4,1336,1348
4,1337,1365
4,1338,1343
4,1360,1341
4,1344,1364
4,1367,1345
4,1346,1374
4,1361,1347
4,1353,1349
4,1368,1350
4,1366,1352
4,1354,1373
4,1370,1355
4,1356,1357
4,1369,1359
4,1371,1372
4,1388,1376
4,1377,1397
4,1378,1379
4,1392,1380
4,1396,1381
4,1382,1393
4,1391,1383
4,1384,1398
4,1387,1385
4,1386,1395
4,1389,1390
4,1394,1399
4,1400,1414
4,1401,1410
4,1402,1404
4,1409,1403
4,1405,1433
4,1406,1423
4,1407,1408
4,1427,1411
4,1412,1428
4,1413,1424
4,1415,1416
4,1418,1417
4,1419,1420
4,1421,1429
4,1426,1422
4,1430,1425
4,1431,1432
4,1434,1436
4,1466,1435
4,1438,1437
4,1443,1439
4,1452,1440
4,1442,1441
4,1444,1464
4,1445,1469
4,1446,1458
4,1447,1454
4,1473,1448
4,1470,1449
4,1450,1472
4,1451,1455
4,1453,1467
4,1460,1456
4,1457,1459
4,1461,1462
4,1465,1463
4,1471,1468
5,11,0
5,1,12
5,4,2
5,3,13
5,5,10
5,9,6
5,7,14
5,15,8
5,16,38
5,22,17
5,18,19
5,21,20
5,62,23
5,52,24
5,30,25
5,26,51
5,50,27
5,28,88
5,29,57
5,39,31
5,32,35
5,33,34
5,36,54
5,55,37
5,41,40
5,42,58
5,43,53
5,44,48
5,46,45
5,85,47
5,84,49
5,56,59
5,87,60
5,92,61
5,63,72
5,73,64
5,65,95
5,66,74
5,90,67
5,76,68
5,77,69
5,70,71
5,75,93
5,78,94
5,86,79
5,80,81
5,91,82
5,89,83
5,96,143
5,144,97
5,98,135
5,114,99
5,119,100
5,187,101
5,102,159
5,103,109
5,104,185
5,108,105
5,106,113
5,160,107
5,117,110
5,111,162
5,112,138
5,115,116
5,132,118
5,120,125
5,170,121
5,123,122
5,124,126
5,127,171
5,128,179
5,177,129
5,189,130
5,131,169
5,134,133
5,163,136
5,137,139
5,140,149
5,150,141
5,142,153
5,145,183
5,146,155
5,186,147
5,148,151
5,152,184
5,154,166
5,156,180
5,191,157
5,182,158
5,188,161
5,172,164
5,176,165
5,181,167
5,190,168
5,173,174
5,175,178
5,203,192
5,193,197
5,194,195
5,199,196
5,198,202
5,200,201
5,257,204
5,205,249
5,208,206
5,210,207
5,230,209
5,211,222
5,212,214
5,215,213
5,216,232
5,231,217
5,219,218
5,226,220
5,221,229
5,258,223
5,224,225
5,227,228
5,233,237
5,245,234
5,235,252
5,236,263
5,239,238
5,241,240
5,242,243
5,244,248
5,247,246
5,250,256
5,251,260
5,253,259
5,254,255
5,262,261
5,264,310
5,292,265
5,289,266
5,309,267
5,268,298
5,278,269
5,271,270
5,272,275
5,285,273
5,274,283
5,276,277
5,288,279
5,319,280
5,284,281
5,297,282
5,286,301
5,287,307
5,290,299
5,295,291
5,315,293
5,294,305
5,296,320
5,306,300
5,303,302
5,314,304
5,308,312
5,313,311
5,321,316
5,318,317
5,322,343
5,330,323
5,331,324
5,325,340
5,327,326
5,342,328
5,329,332
5,333,339
5,334,336
5,337,335
5,338,341
5,391,344
5,345,405
5,346,350
5,347,353
5,356,348
5,349,378
5,351,408
5,411,352
5,354,380
5,355,418
5,361,357
5,358,362
5,359,364
5,376,360
5,363,374
5,417,365
5,367,366
5,381,368
5,369,383
5,370,371
5,387,372
5,386,373
5,375,414
5,379,377
5,393,382
5,415,384
5,413,385
5,389,388
5,390,416
5,394,392
5,407,395
5,422,396
5,397,425
5,398,419
5,402,399
5,400,404
5,420,401
5,403,421
5,406,423
5,412,409
5,410,424
5,492,426
5,511,427
5,428,444
5,497,429
5,463,430
5,478,431
5,432,482
5,433,442
5,434,483
5,441,435
5,436,491
5,437,448
5,450,438
5,488,439
5,459,440
5,443,486
5,476,445
5,446,470
5,447,471
5,449,499
5,451,460
5,452,462
5,453,490
5,454,512
5,455,461
5,456,496
5,457,458
5,489,464
5,465,514
5,513,466
5,523,467
5,515,468
5,484,469
5,472,477
5,487,473
5,474,519
5,475,516
5,502,479
5,481,480
5,485,524
5,493,506
5,494,505
5,500,495
5,501,498
5,508,503
5,525,504
5,520,507
5,510,509
5,521,517
5,518,522
5,526,529
5,541,527
5,528,538
5,530,537
5,536,531
5,532,534
5,539,533
5,543,535
5,540,542
5,544,554
5,545,591
5,546,561
5,547,553
5,548,563
5,549,568
5,570,550
5,558,551
5,552,572
5,555,556
5,557,564
5,559,560
5,562,566
5,569,565
5,567,571
5,573,580
5,575,574
5,576,598
5,587,577
5,578,594
5,592,579
5,581,590
5,582,593
5,583,597
5,599,584
5,585,596
5,589,586
5,595,588
5,601,600
5,602,604
5,609,603
5,605,610
5,608,606
5,607,619
5,611,635
5,636,612
5,613,641
5,614,642
5,615,617
5,616,621
5,618,634
5,630,620
5,638,622
5,650,623
5,624,625
5,648,626
5,652,627
5,628,653
5,629,651
5,640,631
5,632,633
5,645,637
5,639,647
5,643,649
5,644,654
5,655,646
5,656,659
5,657,666
5,658,661
5,660,665
5,662,669
5,663,670
5,664,672
5,667,668
5,671,673
5,678,674
5,675,709
5,725,676
5,689,677
5,679,701
5,680,700
5,681,682
5,683,696
5,717,684
5,685,704
5,713,686
5,687,715
5,721,688
5,693,690
5,691,698
5,697,692
5,707,694
5,695,702
5,699,719
5,703,726
5,706,705
5,708,729
5,720,710
5,722,711
5,718,712
5,714,723
5,716,727
5,724,728
5,750,730
5,731,775
5,732,785
5,733,758
5,734,779
5,735,737
5,736,743
5,739,738
5,776,740
5,741,768
5,742,745
5,744,752
5,751,746
5,747,778
5,759,748
5,749,787
5,780,753
5,760,754
5,755,781
5,770,756
5,757,763
5,783,761
5,762,782
5,764,771
5,784,765
5,766,789
5,767,786
5,769,773
5,772,777
5,788,774
5,790,795
5,798,791
5,792,803
5,797,793
5,794,801
5,796,802
5,800,799
5,804,813
5,805,808
5,806,831
5,807,819
5,816,809
5,817,810
5,814,811
5,812,818
5,815,820
5,838,821
5,822,829
5,823,837
5,835,824
5,834,825
5,839,826
5,827,828
5,830,833
5,832,836
5,862,840
5,848,841
5,842,861
5,843,853
5,851,844
5,845,855
5,858,846
5,847,866
5,852,849
5,850,856
5,854,875
5,857,859
5,860,874
5,863,872
5,870,864
5,865,871
5,869,867
5,868,873
5,885,876
5,884,877
5,878,889
5,879,886
5,897,880
5,887,881
5,888,882
5,883,898
5,895,890
5,892,891
5,893,899
5,894,896
5,900,909
5,901,929
5,936,902
5,903,938
5,920,904
5,905,931
5,914,906
5,907,919
5,937,908
5,910,930
5,927,911
5,912,915
5,916,913
5,939,917
5,918,922
5,935,921
5,923,943
5,924,928
5,925,926
5,932,949
5,933,946
5,934,945
5,947,940
5,942,941
5,948,944
5,989,950
5,996,951
5,954,952
5,953,956
5,955,984
5,966,957
5,963,958
5,959,965
5,962,960
5,999,961
5,964,977
5,981,967
5,968,991
5,988,969
5,970,987
5,971,995
5,985,972
5,973,979
5,983,974
5,975,982
5,986,976
5,994,978
5,980,997
5,990,998
5,992,993
5,1002,1000
5,1001,1012
5,1008,1003
5,1010,1004
5,1005,1007
5,1011,1006
5,1013,1009
5,1037,1014
5,1025,1015
5,1016,1026
5,1024,1017
5,1018,1041
5,1044,1019
5,1020,1040
5,1027,1021
5,1023,1022
5,1028,1047
5,1039,1029
5,1048,1030
5,1033,1031
5,1032,1034
5,1035,1045
5,1042,1036
5,1049,1038
5,1046,1043
5,1050,1089
5,1051,1055
5,1056,1052
5,1069,1053
5,1061,1054
5,1078,1057
5,1058,1064
5,1059,1062
5,1082,1060
5,1070,1063
5,1065,1079
5,1066,1071
5,1068,1067
5,1075,1072
5,1083,1073
5,1074,1086
5,1087,1076
5,1084,1077
5,1081,1080
5,1085,1088
5,1106,1090
5,1091,1093
5,1092,1098
5,1094,1096
5,1095,1102
5,1101,1097
5,1103,1099
5,1100,1112
5,1110,1104
5,1109,1105
5,1113,1107
5,1108,1111
5,1146,1114
5,1127,1115
5,1143,1116
5,1117,1140
5,1142,1118
5,1132,1119
5,1130,1120
5,1136,1121
5,1148,1122
5,1123,1134
5,1129,1124
5,1125,1144
5,1126,1128
5,1133,1131
5,1135,1147
5,1137,1145
5,1139,1138
5,1149,1141
5,1153,1150
5,1151,1170
5,1188,1152
5,1154,1158
5,1183,1155
5,1156,1157
5,1163,1159
5,1160,1190
5,1161,1172
5,1189,1162
5,1171,1164
5,1165,1175
5,1173,1166
5,1167,1169
5,1186,1168
5,1174,1184
5,1176,1179
5,1185,1177
5,1178,1193
5,1180,1182
5,1195,1181
5,1192,1187
5,1191,1194
5,1198,1196
5,1197,1204
5,1200,1199
5,1201,1206
5,1209,1202
5,1203,1205
5,1211,1207
5,1210,1208
5,1212,1225
5,1216,1213
5,1221,1214
5,1218,1215
5,1220,1217
5,1219,1227
5,1230,1222
5,1231,1223
5,1226,1224
5,1228,1229
5,1242,1232
5,1236,1233
5,1234,1241
5,1235,1250
5,1252,1237
5,1246,1238
5,1244,1239
5,1248,1240
5,1257,1243
5,1245,1249
5,1255,1247
5,1259,1251
5,1258,1253
5,1256,1254
5,1260,1263
5,1270,1261
5,1262,1273
5,1278,1264
5,1276,1265
5,1266,1281
5,1272,1267
5,1268,1269
5,1271,1274
5,1275,1280
5,1277,1283
5,1282,1279
5,1284,1305
5,1287,1285
5,1286,1315
5,1294,1288
5,1316,1289
5,1308,1290
5,1292,1291
5,1319,1293
5,1295,1300
5,1299,1296
5,1298,1297
5,1313,1301
5,1318,1302
5,1317,1303
5,1304,1321
5,1306,1323
5,1307,1322
5,1309,1310
5,1311,1312
5,1314,1320
5,1324,1366
5,1325,1337
5,1326,1354
5,1375,1327
5,1340,1328
5,1335,1329
5,1364,1330
5,1331,1334
5,1332,1357
5,1338,1333
5,1336,1360
5,1343,1339
5,1342,1341
5,1361,1344
5,1352,1345
5,1362,1346
5,1347,1363
5,1348,1370
5,1349,1372
5,1350,1353
5,1355,1351
5,1359,1356
5,1365,1358
5,1367,1368
5,1374,1369
5,1373,1371
5,1376,1392
5,1379,1377
5,1396,1378
5,1380,1386
5,1393,1381
5,1383,1382
5,1384,1397
5,1385,1390
5,1395,1387
5,1388,1394
5,1398,1389
5,1399,1391
5,1400,1402
5,1404,1401
5,1408,1403
5,1405,1423
5,1410,1406
5,1429,1407
5,1411,1409
5,1425,1412
5,1430,1413
5,1414,1421
5,1415,1419
5,1424,1416
5,1417,1420
5,1433,1418
5,1422,1432
5,1426,1431
5,1428,1427
5,1469,1434
5,1435,1438
5,1436,1451
5,1442,1437
5,1439,1440
5,1441,1443
5,1444,1473
5,1449,1445
5,1472,1446
5,1458,1447
5,1453,1448
5,1467,1450
5,1456,1452
5,1468,1454
5,1455,1470
5,1457,1460
5,1462,1459
5,1465,1461
5,1463,1464
5,1471,1466
6,6,0
6,9,1
6,2,5
6,8,3
6,15,4
6,13,7
6,14,10
6,11,12
6,19,16
6,17,92
6,21,18
6,20,87
6,25,22
6,23,40
6,88,24
6,85,26
6,28,27
6,42,29
6,36,30
6,31,32
6,61,33
6,34,48
6,35,84
6,53,37
6,38,55
6,41,39
6,58,43
6,44,46
6,45,47
6,49,50
6,51,52
6,59,54
6,57,56
6,60,67
6,69,62
6,93,63
6,64,75
6,79,65
6,66,73
6,94,68
6,70,77
6,71,83
6,72,78
6,74,76
6,82,80
6,81,90
6,95,86
6,91,89
6,96,115
6,97,98
6,99,117
6,100,109
6,101,103
6,118,102
6,143,104
6,105,161
6,121,106
6,107,119
6,168,108
6,110,131
6,136,111
6,113,112
6,162,114
6,116,132
6,120,172
6,122,126
6,123,170
6,125,124
6,134,127
6,141,128
6,129,191
6,188,130
6,133,163
6,135,144
6,175,137
6,138,160
6,171,139
6,152,140
6,142,151
6,166,145
6,158,146
6,159,147
6,174,148
6,149,150
6,153,187
6,155,154
6,157,156
6,164,169
6,165,167
6,183,173
6,176,178
6,179,177
6,181,180
6,184,182
6,185,186
6,190,189
6,200,192
6,195,193
6,197,194
6,202,196
6,203,198
6,201,199
6,204,219
6,258,205
6,228,206
6,232,207
6,208,226
6,209,229
6,218,210
6,213,211
6,225,212
6,214,216
6,231,215
6,217,227
6,221,220
6,222,224
6,223,233
6,230,241
6,234,235
6,261,236
6,257,237
6,238,250
6,260,239
6,255,240
6,242,246
6,244,243
6,245,254
6,259,247
6,256,248
6,249,253
6,263,251
6,252,262
6,283,264
6,275,265
6,266,288
6,267,301
6,273,268
6,269,297
6,270,303
6,280,271
6,272,274
6,302,276
6,277,285
6,298,278
6,279,289
6,281,286
6,282,284
6,299,287
6,290,306
6,291,296
6,317,292
6,293,318
6,316,294
6,309,295
6,321,300
6,304,311
6,305,319
6,307,310
6,320,308
6,312,315
6,313,314
6,325,322
6,323,331
6,324,330
6,326,332
6,328,327
6,329,337
6,336,333
6,341,334
6,335,338
6,343,339
6,340,342
6,344,351
6,345,383
6,346,347
6,370,348
6,366,349
6,350,408
6,352,414
6,353,367
6,354,379
6,405,355
6,358,356
6,365,357
6,363,359
6,360,361
6,362,375
6,364,415
6,384,368
6,369,387
6,371,388
6,372,386
6,373,389
6,374,417
6,376,416
6,377,385
6,378,413
6,380,402
6,393,381
6,382,391
6,411,390
6,423,392
6,394,397
6,395,422
6,396,410
6,407,398
6,399,420
6,421,400
6,401,403
6,404,412
6,418,406
6,409,419
6,425,424
6,426,465
6,427,524
6,428,459
6,429,444
6,430,452
6,431,481
6,471,432
6,433,445
6,434,478
6,435,487
6,436,490
6,437,439
6,438,458
6,440,461
6,463,441
6,442,453
6,517,443
6,456,446
6,447,454
6,448,500
6,498,449
6,491,450
6,462,451
6,470,455
6,488,457
6,464,460
6,466,518
6,467,474
6,468,525
6,469,514
6,515,472
6,485,473
6,519,475
6,516,476
6,477,513
6,479,480
6,482,486
6,483,523
6,512,484
6,489,495
6,492,494
6,503,493
6,496,521
6,497,522
6,499,501
6,507,502
6,504,509
6,505,510
6,506,508
6,520,511
6,526,532
6,527,528
6,529,530
6,531,542
6,533,536
6,534,541
6,539,535
6,538,537
6,543,540
6,561,544
6,547,545
6,546,553
6,548,557
6,550,549
6,551,552
6,554,595
6,563,555
6,572,556
6,565,558
6,567,559
6,560,570
6,568,562
6,564,569
6,566,571
6,573,598
6,574,577
6,579,575
6,576,587
6,584,578
6,580,583
6,581,589
6,582,592
6,594,585
6,586,590
6,596,588
6,597,591
6,593,599
6,600,611
6,627,601
6,650,602
6,603,629
6,604,618
6,606,605
6,607,633
6,621,608
6,609,617
6,610,636
6,642,612
6,613,655
6,614,635
6,619,615
6,616,632
6,637,620
6,622,649
6,623,643
6,640,624
6,625,634
6,626,628
6,641,630
6,631,638
6,648,639
6,646,644
6,653,645
6,654,647
6,652,651
6,656,673
6,659,657
6,658,667
6,661,660
6,666,662
6,668,663
6,664,665
6,671,669
6,672,670
6,674,695
6,675,713
6,676,717
6,677,706
6,704,678
6,719,679
6,684,680
6,709,681
6,682,697
6,701,683
6,705,685
6,686,703
6,714,687
6,726,688
6,692,689
6,690,691
6,694,693
6,696,702
6,698,707
6,700,699
6,708,721
6,723,710
6,711,712
6,715,722
6,718,716
6,728,720
6,729,724
6,727,725
6,730,741
6,736,731
6,735,732
6,782,733
6,756,734
6,752,737
6,738,764
6,765,739
6,740,778
6,746,742
6,743,779
6,777,744
6,745,753
6,755,747
6,775,748
6,749,766
6,751,750
6,754,780
6,757,788
6,758,759
6,760,761
6,783,762
6,785,763
6,789,767
6,768,769
6,770,786
6,771,784
6,773,772
6,774,781
6,776,787
6,790,792
6,794,791
6,795,793
6,801,796
6,797,798
6,799,802
6,803,800
6,835,804
6,821,805
6,809,806
6,807,830
6,831,808
6,833,810
6,811,816
6,824,812
6,813,825
6,820,814
6,818,815
6,819,817
6,836,822
6,823,832
6,826,829
6,827,834
6,828,839
6,837,838
6,840,853
6,841,863
6,875,842
6,847,843
6,846,844
6,856,845
6,861,848
6,867,849
6,850,852
6,855,851
6,854,870
6,869,857
6,868,858
6,859,865
6,862,860
6,872,864
6,866,873
6,871,874
6,876,892
6,895,877
6,880,878
6,879,882
6,881,884
6,883,885
6,886,887
6,888,898
6,889,897
6,890,893
6,891,894
6,899,896
6,929,900
6,902,901
6,904,903
6,905,914
6,949,906
6,907,937
6,908,912
6,909,948
6,931,910
6,911,936
6,913,942
6,915,916
6,917,923
6,935,918
6,921,919
6,922,920
6,924,934
6,928,925
6,926,947
6,932,927
6,946,930
6,945,933
6,938,939
6,940,944
6,943,941
6,950,973
6,975,951
6,952,995
6,953,970
6,971,954
6,960,955
6,976,956
6,957,963
6,958,961
6,984,959
6,965,962
6,966,964
6,967,982
6,993,968
6,969,979
6,972,977
6,974,994
6,978,996
6,980,988
6,997,981
6,990,983
6,986,985
6,999,987
6,998,989
6,991,992
6,1004,1000
6,1005,1001
6,1010,1002
6,1003,1013
6,1006,1008
6,1007,1011
6,1012,1009
6,1029,1014
6,1040,1015
6,1018,1016
6,1021,1017
6,1019,1039
6,1020,1023
6,1026,1022
6,1025,1024
6,1046,1027
6,1028,1030
6,1031,1034
6,1033,1032
6,1035,1037
6,1036,1048
6,1038,1044
6,1043,1041
6,1047,1042
6,1045,1049
6,1053,1050
6,1057,1051
6,1052,1078
6,1054,1056
6,1055,1059
6,1076,1058
6,1060,1065
6,1062,1061
6,1063,1088
6,1064,1079
6,1077,1066
6,1089,1067
6,1070,1068
6,1071,1069
6,1072,1085
6,1073,1074
6,1086,1075
6,1080,1082
6,1081,1087
6,1084,1083
6,1096,1090
6,1105,1091
6,1103,1092
6,1094,1093
6,1097,1095
6,1098,1112
6,1104,1099
6,1106,1100
6,1102,1101
6,1107,1109
6,1108,1110
6,1111,1113
6,1114,1133
6,1115,1136
6,1116,1139
6,1117,1129
6,1118,1123
6,1131,1119
6,1120,1142
6,1135,1121
6,1122,1146
6,1124,1125
6,1132,1126
6,1140,1127
6,1141,1128
6,1134,1130
6,1138,1137
6,1145,1143
6,1144,1148
6,1147,1149
6,1150,1171
6,1153,1151
6,1152,1195
6,1162,1154
6,1155,1157
6,1161,1156
6,1158,1189
6,1159,1160
6,1169,1163
6,1164,1192
6,1166,1165
6,1194,1167
6,1168,1175
6,1170,1179
6,1186,1172
6,1176,1173
6,1187,1174
6,1177,1180
6,1178,1183
6,1184,1181
6,1190,1182
6,1185,1188
6,1193,1191
6,1196,1200
6,1197,1210
6,1199,1198
6,1207,1201
6,1202,1206
6,1208,1203
6,1204,1209
6,1205,1211
6,1224,1212
6,1213,1228
6,1214,1230
6,1215,1216
6,1217,1219
6,1218,1220
6,1227,1221
6,1223,1222
6,1225,1226
6,1229,1231
6,1238,1232
6,1233,1235
6,1239,1234
6,1251,1236
6,1237,1241
6,1240,1252
6,1244,1242
6,1243,1246
6,1254,1245
6,1247,1257
6,1250,1248
6,1249,1256
6,1253,1255
6,1259,1258
6,1281,1260
6,1261,1268
6,1270,1262
6,1263,1272
6,1264,1275
6,1265,1271
6,1273,1266
6,1267,1274
6,1282,1269
6,1283,1276
6,1277,1278
6,1280,1279
6,1294,1284
6,1285,1286
6,1289,1287
6,1288,1290
6,1300,1291
6,1316,1292
6,1293,1298
6,1295,1299
6,1297,1296
6,1320,1301
6,1302,1319
6,1322,1303
6,1317,1304
6,1318,1305
6,1306,1308
6,1323,1307
6,1312,1309
6,1310,1311
6,1315,1313
6,1321,1314
6,1326,1324
6,1330,1325
6,1348,1327
6,1328,1352
6,1329,1373
6,1358,1331
6,1337,1332
6,1368,1333
6,1334,1336
6,1371,1335
6,1341,1338
6,1339,1344
6,1356,1340
6,1342,1374
6,1365,1343
6,1345,1366
6,1354,1346
6,1353,1347
6,1369,1349
6,1350,1367
6,1357,1351
6,1355,1359
6,1360,1364
6,1363,1361
6,1370,1362
6,1372,1375
6,1387,1376
6,1377,1378
6,1381,1379
6,1391,1380
6,1397,1382
6,1383,1393
6,1394,1384
6,1386,1385
6,1389,1388
6,1390,1398
6,1392,1399
6,1395,1396
6,1423,1400
6,1401,1411
6,1402,1408
6,1403,1405
6,1406,1404
6,1407,1422
6,1409,1410
6,1412,1421
6,1413,1414
6,1418,1415
6,1416,1430
6,1432,1417
6,1419,1428
6,1420,1426
6,1429,1424
6,1425,1431
6,1427,1433
6,1434,1455
6,1435,1436
6,1437,1444
6,1438,1449
6,1464,1439
6,1440,1441
6,1452,1442
6,1443,1463
6,1456,1445
6,1446,1473
6,1447,1468
6,1448,1462
6,1450,1465
6,1460,1451
6,1469,1453
6,1454,1472
6,1461,1457
6,1467,1458
6,1459,1471
6,1470,1466
7,0,9
7,3,1
7,10,2
7,4,11
7,13,5
7,14,6
7,8,7
7,12,15
7,16,91
7,17,21
7,18,22
7,19,92
7,24,20
7,59,23
7,25,28
7,52,26
7,27,30
7,29,41
7,47,31
7,48,32
7,33,50
7,34,45
7,35,85
7,55,36
7,37,56
7,49,38
7,39,58
7,40,42
7,57,43
7,61,44
7,46,62
7,84,51
7,54,53
7,86,60
7,63,75
7,64,78
7,65,94
7,79,66
7,67,93
7,68,95
7,69,80
7,89,70
7,71,81
7,76,72
7,73,74
7,77,82
7,83,90
7,87,88
7,144,96
7,177,97
7,98,179
7,100,99
7,186,101
7,109,102
7,103,159
7,128,104
7,119,105
7,163,106
7,161,107
7,130,108
7,126,110
7,111,113
7,112,115
7,116,114
7,117,189
7,133,118
7,127,120
7,121,137
7,171,122
7,124,123
7,172,125
7,129,138
7,131,164
7,132,162
7,136,134
7,150,135
7,139,170
7,140,142
7,143,141
7,145,176
7,167,146
7,147,185
7,148,153
7,151,149
7,187,152
7,154,156
7,178,155
7,158,157
7,160,190
7,191,165
7,166,188
7,169,168
7,173,181
7,174,183
7,182,175
7,180,184
7,192,202
7,196,193
7,194,200
7,195,197
7,198,201
7,199,203
7,206,204
7,218,205
7,207,208
7,220,209
7,217,210
7,211,225
7,216,212
7,226,213
7,223,214
7,215,221
7,219,249
7,229,222
7,233,224
7,227,231
7,228,232
7,240,230
7,246,234
7,235,242
7,247,236
7,237,239
7,238,254
7,241,256
7,243,252
7,255,244
7,248,245
7,262,250
7,251,261
7,253,258
7,259,257
7,263,260
7,264,289
7,265,319
7,266,273
7,267,280
7,268,278
7,270,269
7,271,321
7,306,272
7,274,286
7,282,275
7,303,276
7,301,277
7,308,279
7,302,281
7,288,283
7,285,284
7,310,287
7,305,290
7,291,299
7,292,294
7,314,293
7,295,320
7,300,296
7,297,298
7,315,304
7,311,307
7,317,309
7,312,313
7,316,318
7,322,340
7,323,324
7,328,325
7,331,326
7,330,327
7,338,329
7,332,336
7,333,335
7,334,343
7,342,337
7,339,341
7,344,393
7,404,345
7,351,346
7,347,349
7,348,365
7,350,366
7,368,352
7,353,377
7,367,354
7,401,355
7,360,356
7,357,374
7,359,358
7,379,361
7,362,376
7,386,363
7,413,364
7,372,369
7,383,370
7,373,371
7,416,375
7,385,378
7,420,380
7,381,382
7,388,384
7,389,387
7,390,425
7,419,391
7,392,407
7,422,394
7,410,395
7,406,396
7,424,397
7,423,398
7,408,399
7,409,400
7,421,402
7,403,405
7,417,411
7,412,418
7,414,415
7,426,489
7,482,427
7,486,428
7,429,485
7,460,430
7,523,431
7,432,481
7,441,433
7,518,434
7,442,435
7,453,436
7,461,437
7,439,438
7,440,457
7,444,443
7,445,517
7,446,519
7,495,447
7,498,448
7,449,450
7,451,459
7,508,452
7,502,454
7,510,455
7,507,456
7,458,488
7,524,462
7,501,463
7,476,464
7,477,465
7,466,467
7,469,468
7,470,494
7,471,487
7,472,484
7,473,506
7,474,497
7,478,475
7,479,511
7,480,483
7,490,500
7,491,499
7,493,492
7,522,496
7,504,503
7,509,505
7,513,512
7,514,516
7,525,515
7,521,520
7,528,526
7,527,529
7,530,539
7,535,531
7,532,538
7,540,533
7,542,534
7,536,543
7,537,541
7,544,562
7,553,545
7,549,546
7,566,547
7,572,548
7,591,550
7,563,551
7,571,552
7,596,554
7,555,559
7,556,564
7,558,557
7,560,565
7,568,561
7,570,567
7,569,589
7,574,573
7,575,597
7,578,576
7,577,583
7,579,599
7,598,580
7,585,581
7,588,582
7,587,584
7,595,586
7,590,594
7,592,593
7,600,616
7,601,602
7,608,603
7,604,607
7,635,605
7,606,610
7,611,609
7,612,632
7,631,613
7,646,614
7,615,641
7,617,636
7,618,621
7,633,619
7,620,642
7,647,622
7,627,623
7,651,624
7,626,625
7,655,628
7,629,652
7,638,630
7,634,650
7,644,637
7,639,653
7,643,640
7,645,654
7,649,648
7,670,656
7,657,660
7,666,658
7,665,659
7,667,661
7,662,671
7,663,664
7,673,668
7,669,672
7,696,674
7,724,675
7,676,726
7,677,697
7,678,685
7,679,683
7,699,680
7,681,698
7,682,709
7,700,684
7,688,686
7,712,687
7,689,708
7,694,690
7,710,691
7,719,692
7,706,693
7,704,695
7,701,705
7,702,707
7,703,727
7,716,711
7,713,718
7,720,714
7,715,723
7,717,725
7,721,729
7,728,722
7,753,730
7,731,740
7,732,765
7,733,749
7,748,734
7,756,735
7,767,736
7,737,743
7,738,782
7,739,758
7,741,751
7,768,742
7,744,776
7,745,755
7,772,746
7,747,773
7,754,750
7,769,752
7,766,757
7,759,771
7,789,760
7,761,770
7,762,785
7,763,774
7,787,764
7,779,775
7,778,777
7,781,780
7,788,783
7,786,784
7,793,790
7,791,803
7,792,795
7,800,794
7,798,796
7,799,797
7,802,801
7,804,839
7,805,832
7,806,807
7,808,812
7,809,833
7,810,811
7,813,817
7,815,814
7,831,816
7,825,818
7,819,820
7,824,821
7,822,837
7,829,823
7,826,827
7,828,838
7,830,835
7,836,834
7,840,867
7,873,841
7,842,854
7,863,843
7,844,866
7,845,850
7,864,846
7,875,847
7,848,860
7,849,855
7,851,856
7,853,852
7,857,872
7,858,869
7,870,859
7,874,861
7,871,862
7,865,868
7,877,876
7,878,893
7,887,879
7,880,885
7,882,881
7,889,883
7,886,884
7,897,888
7,898,890
7,899,891
7,896,892
7,894,895
7,949,900
7,910,901
7,906,902
7,903,922
7,913,904
7,919,905
7,908,907
7,909,934
7,931,911
7,916,912
7,914,929
7,923,915
7,917,942
7,918,921
7,943,920
7,945,924
7,925,940
7,936,926
7,933,927
7,930,928
7,937,932
7,939,935
7,941,938
7,944,946
7,947,948
7,955,950
7,951,973
7,985,952
7,964,953
7,996,954
7,956,962
7,957,986
7,958,984
7,987,959
7,961,960
7,963,966
7,970,965
7,976,967
7,968,992
7,993,969
7,981,971
7,995,972
7,979,974
7,998,975
7,977,990
7,978,988
7,982,980
7,983,991
7,989,997
7,994,999
7,1000,1003
7,1011,1001
7,1002,1004
7,1012,1005
7,1006,1007
7,1009,1008
7,1013,1010
7,1014,1046
7,1015,1043
7,1016,1039
7,1017,1026
7,1038,1018
7,1019,1049
7,1021,1020
7,1022,1025
7,1023,1040
7,1027,1024
7,1048,1028
7,1037,1029
7,1030,1036
7,1031,1047
7,1032,1045
7,1034,1033
7,1041,1035
7,1044,1042
7,1050,1054
7,1051,1062
7,1058,1052
7,1063,1053
7,1061,1055
7,1079,1056
7,1057,1064
7,1059,1060
7,1065,1078
7,1066,1081
7,1067,1086
7,1082,1068
7,1069,1085
7,1083,1070
7,1074,1071
7,1088,1072
7,1073,1084
7,1077,1075
7,1089,1076
7,1087,1080
7,1090,1094
7,1091,1096
7,1093,1092
7,1109,1095
7,1110,1097
7,1098,1102
7,1099,1105
7,1113,1100
7,1101,1103
7,1104,1107
7,1111,1106
7,1112,1108
7,1114,1117
7,1115,1132
7,1147,1116
7,1118,1134
7,1119,1122
7,1120,1141
7,1121,1138
7,1123,1131
7,1126,1124
7,1125,1129
7,1133,1127
7,1128,1144
7,1142,1130
7,1149,1135
7,1136,1140
7,1139,1137
7,1143,1148
7,1145,1146
7,1150,1159
7,1168,1151
7,1173,1152
7,1163,1153
7,1179,1154
7,1155,1194
7,1189,1156
7,1157,1186
7,1175,1158
7,1160,1169
7,1171,1161
7,1166,1162
7,1165,1164
7,1167,1193
7,1172,1170
7,1174,1177
7,1182,1176
7,1188,1178
7,1180,1190
7,1181,1191
7,1183,1184
7,1187,1185
7,1192,1195
7,1206,1196
7,1207,1197
7,1198,1200
7,1199,1202
7,1201,1203
7,1208,1204
7,1209,1205
7,1210,1211
7,1229,1212
7,1213,1227
7,1217,1214
7,1215,1219
7,1216,1218
7,1224,1220
7,1226,1221
7,1222,1231
7,1225,1223
7,1230,1228
7,1232,1248
7,1237,1233
7,1257,1234
7,1254,1235
7,1236,1252
7,1238,1240
7,1250,1239
7,1241,1244
7,1242,1247
7,1245,1243
7,1258,1246
7,1253,1249
7,1255,1251
7,1256,1259
7,1260,1264
7,1273,1261
7,1272,1262
7,1263,1267
7,1269,1265
7,1266,1271
7,1268,1281
7,1274,1270
7,1275,1277
7,1276,1278
7,1279,1283
7,1280,1282
7,1304,1284
7,1296,1285
7,1286,1323
7,1287,1320
7,1288,1293
7,1299,1289
7,1290,1312
7,1291,1297
7,1292,1294
7,1308,1295
7,1300,1298
7,1301,1302
7,1303,1316
7,1305,1319
7,1311,1306
7,1314,1307
7,1309,1317
7,1310,1313
7,1321,1315
7,1322,1318
7,1370,1324
7,1325,1348
7,1340,1326
7,1327,1371
7,1328,1337
7,1362,1329
7,1363,1330
7,1373,1331
7,1332,1354
7,1333,1336
7,1334,1365
7,1335,1372
7,1338,1364
7,1339,1360
7,1343,1341
7,1367,1342
7,1344,1353
7,1345,1355
7,1346,1347
7,1349,1374
7,1361,1350
7,1351,1359
7,1352,1357
7,1356,1375
7,1358,1368
7,1366,1369
7,1376,1383
7,1377,1399
7,1378,1391
7,1379,1393
7,1380,1397
7,1382,1381
7,1392,1384
7,1394,1385
7,1389,1386
7,1390,1387
7,1388,1395
7,1396,1398
7,1400,1426
7,1401,1409
7,1414,1402
7,1403,1411
7,1404,1408
7,1405,1406
7,1407,1427
7,1410,1423
7,1412,1417
7,1413,1429
7,1415,1428
7,1416,1433
7,1418,1430
7,1419,1424
7,1432,1420
7,1421,1425
7,1431,1422
7,1439,1434
7,1441,1435
7,1436,1470
7,1449,1437
7,1443,1438
7,1464,1440
7,1444,1442
7,1445,1455
7,1466,1446
7,1448,1447
7,1450,1462
7,1451,1457
7,1468,1452
7,1454,1453
7,1471,1456
7,1458,1461
7,1459,1463
7,1460,1469
7,1465,1472
7,1473,1467
8,0,13
8,1,14
8,2,3
8,4,12
8,5,9
8,6,8
8,7,15
8,11,10
8,16,37
8,24,17
8,92,18
8,22,19
8,20,88
8,21,25
8,23,29
8,26,27
8,30,28
8,31,34
8,32,33
8,51,35
8,36,49
8,38,52
8,39,57
8,58,40
8,53,41
8,43,42
8,62,44
8,45,60
8,46,61
8,48,47
8,50,85
8,82,54
8,55,59
8,56,84
8,63,76
8,66,64
8,74,65
8,67,73
8,93,68
8,83,69
8,90,70
8,80,71
8,75,72
8,91,77
8,78,79
8,89,81
8,86,87
8,95,94
8,96,177
8,109,97
8,114,98
8,99,105
8,190,100
8,159,101
8,102,151
8,103,116
8,104,129
8,106,112
8,107,117
8,108,160
8,110,127
8,111,163
8,113,139
8,115,131
8,118,134
8,119,130
8,120,124
8,123,121
8,122,164
8,125,132
8,126,133
8,128,144
8,135,143
8,162,136
8,137,178
8,138,191
8,140,150
8,141,147
8,142,149
8,156,145
8,146,181
8,148,186
8,175,152
8,153,173
8,154,158
8,155,166
8,157,182
8,168,161
8,188,165
8,189,167
8,169,172
8,170,171
8,184,174
8,179,176
8,183,180
8,185,187
8,201,192
8,193,203
8,202,194
8,196,195
8,197,198
8,199,200
8,204,249
8,205,228
8,207,206
8,210,208
8,209,217
8,211,214
8,212,215
8,213,216
8,227,218
8,256,219
8,229,220
8,221,232
8,222,230
8,225,223
8,224,259
8,231,226
8,258,233
8,234,243
8,245,235
8,236,251
8,261,237
8,260,238
8,239,262
8,254,240
8,250,241
8,242,255
8,247,244
8,248,246
8,252,263
8,257,253
8,264,266
8,321,265
8,269,267
8,276,268
8,278,270
8,297,271
8,319,272
8,273,283
8,284,274
8,286,275
8,277,282
8,287,279
8,280,291
8,285,281
8,313,288
8,289,310
8,290,312
8,309,292
8,293,305
8,294,317
8,307,295
8,296,311
8,298,303
8,299,308
8,320,300
8,301,302
8,304,316
8,318,306
8,314,315
8,324,322
8,327,323
8,326,325
8,331,328
8,329,330
8,340,332
8,337,333
8,342,334
8,343,335
8,336,341
8,338,339
8,345,344
8,408,346
8,347,350
8,383,348
8,349,353
8,351,367
8,415,352
8,354,368
8,355,421
8,356,363
8,357,359
8,374,358
8,390,360
8,361,365
8,364,362
8,366,385
8,381,369
8,389,370
8,371,372
8,382,373
8,375,376
8,377,384
8,378,379
8,400,380
8,387,386
8,388,393
8,391,404
8,395,392
8,394,423
8,398,396
8,397,418
8,399,401
8,402,420
8,403,409
8,405,412
8,406,410
8,407,419
8,416,411
8,413,414
8,425,417
8,422,424
8,517,426
8,427,507
8,428,482
8,518,429
8,430,451
8,495,431
8,432,473
8,481,433
8,487,434
8,435,453
8,441,436
8,455,437
8,438,461
8,457,439
8,460,440
8,458,442
8,443,474
8,444,497
8,465,445
8,446,483
8,447,456
8,501,448
8,463,449
8,450,499
8,452,510
8,454,486
8,459,464
8,462,509
8,514,466
8,467,479
8,484,468
8,503,469
8,492,470
8,494,471
8,472,496
8,475,476
8,515,477
8,480,478
8,521,485
8,524,488
8,520,489
8,490,491
8,505,493
8,500,498
8,502,516
8,508,504
8,506,512
8,511,522
8,525,513
8,523,519
8,526,537
8,530,527
8,535,528
8,536,529
8,533,531
8,532,542
8,534,538
8,539,543
8,541,540
8,546,544
8,545,550
8,547,549
8,548,571
8,551,564
8,552,569
8,562,553
8,588,554
8,555,560
8,565,556
8,557,563
8,591,558
8,559,566
8,561,567
8,570,568
8,599,572
8,597,573
8,583,574
8,575,587
8,576,577
8,598,578
8,584,579
8,580,594
8,581,596
8,582,595
8,589,585
8,592,586
8,593,590
8,603,600
8,651,601
8,602,629
8,613,604
8,605,615
8,611,606
8,609,607
8,608,633
8,630,610
8,612,614
8,618,616
8,617,635
8,632,619
8,645,620
8,621,646
8,622,644
8,623,634
8,624,643
8,652,625
8,647,626
8,639,627
8,628,638
8,642,631
8,636,641
8,655,637
8,640,650
8,648,654
8,653,649
8,656,668
8,657,663
8,660,658
8,659,662
8,661,672
8,669,664
8,665,666
8,671,667
8,670,673
8,674,704
8,675,681
8,703,676
8,698,677
8,699,678
8,684,679
8,680,701
8,695,682
8,683,700
8,685,709
8,686,726
8,687,711
8,727,688
8,724,689
8,690,719
8,691,694
8,693,692
8,705,696
8,697,702
8,707,706
8,710,708
8,712,713
8,714,728
8,729,715
8,725,716
8,717,721
8,722,718
8,723,720
8,730,746
8,731,732
8,764,733
8,734,765
8,735,743
8,736,758
8,750,737
8,779,738
8,740,739
8,753,741
8,742,754
8,773,744
8,788,745
8,781,747
8,760,748
8,749,786
8,769,751
8,772,752
8,774,755
8,784,756
8,780,757
8,770,759
8,761,771
8,763,762
8,783,766
8,782,767
8,778,768
8,775,789
8,777,776
8,787,785
8,798,790
8,791,793
8,792,800
8,794,799
8,795,801
8,796,803
8,797,802
8,808,804
8,807,805
8,818,806
8,835,809
8,830,810
8,820,811
8,812,825
8,839,813
8,814,819
8,816,815
8,817,831
8,833,821
8,823,822
8,827,824
8,834,826
8,832,828
8,837,829
8,838,836
8,869,840
8,841,847
8,860,842
8,843,875
8,867,844
8,845,849
8,846,874
8,854,848
8,850,853
8,852,851
8,856,855
8,861,857
8,865,858
8,866,859
8,862,863
8,868,864
8,872,870
8,873,871
8,879,876
8,877,886
8,898,878
8,881,880
8,885,882
8,883,887
8,884,888
8,892,889
8,890,894
8,895,891
8,893,896
8,897,899
8,900,944
8,901,931
8,902,929
8,920,903
8,904,922
8,905,937
8,918,906
8,907,914
8,932,908
8,946,909
8,948,910
8,911,949
8,912,939
8,919,913
8,915,935
8,921,916
8,938,917
8,942,923
8,924,933
8,925,943
8,926,945
8,927,928
8,934,930
8,940,936
8,941,947
8,950,976
8,951,989
8,969,952
8,954,953
8,986,955
8,970,956
8,965,957
8,966,958
8,959,961
8,963,960
8,962,996
8,984,964
8,971,967
8,990,968
8,972,998
8,973,982
8,974,985
8,975,978
8,988,977
8,994,979
8,981,980
8,983,993
8,992,987
8,991,999
8,997,995
8,1001,1000
8,1002,1006
8,1010,1003
8,1007,1004
8,1005,1009
8,1008,1011
8,1013,1012
8,1027,1014
8,1049,1015
8,1016,1017
8,1018,1035
8,1024,1019
8,1020,1025
8,1022,1021
8,1039,1023
8,1040,1026
8,1028,1033
8,1029,1031
8,1030,1045
8,1047,1032
8,1034,1036
8,1037,1041
8,1043,1038
8,1042,1048
8,1044,1046
8,1050,1061
8,1064,1051
8,1052,1076
8,1056,1053
8,1054,1057
8,1062,1055
8,1081,1058
8,1065,1059
8,1060,1066
8,1069,1063
8,1084,1067
8,1068,1083
8,1080,1070
8,1071,1086
8,1072,1077
8,1075,1073
8,1088,1074
8,1078,1079
8,1082,1087
8,1085,1089
8,1090,1110
8,1097,1091
8,1092,1104
8,1093,1098
8,1100,1094
8,1095,1103
8,1102,1096
8,1101,1099
8,1105,1111
8,1109,1106
8,1107,1112
8,1108,1113
8,1140,1114
8,1134,1115
8,1116,1141
8,1117,1139
8,1131,1118
8,1119,1123
8,1143,1120
8,1137,1121
8,1136,1122
8,1124,1144
8,1130,1125
8,1142,1126
8,1127,1132
8,1128,1149
8,1129,1133
8,1135,1145
8,1146,1138
8,1148,1147
8,1158,1150
8,1151,1171
8,1156,1152
8,1179,1153
8,1154,1165
8,1163,1155
8,1157,1162
8,1159,1168
8,1195,1160
8,1161,1189
8,1164,1184
8,1172,1166
8,1176,1167
8,1169,1186
8,1175,1170
8,1185,1173
8,1174,1194
8,1177,1182
8,1191,1178
8,1180,1188
8,1190,1181
8,1183,1192
8,1193,1187
8,1197,1196
8,1205,1198
8,1209,1199
8,1200,1206
8,1210,1201
8,1204,1202
8,1203,1207
8,1211,1208
8,1212,1215
8,1230,1213
8,1218,1214
8,1219,1216
8,1227,1217
8,1220,1229
8,1221,1222
8,1226,1223
8,1228,1224
8,1231,1225
8,1241,1232
8,1233,1257
8,1234,1238
8,1235,1239
8,1236,1242
8,1240,1237
8,1243,1253
8,1247,1244
8,1245,1258
8,1246,1256
8,1248,1259
8,1249,1255
8,1252,1250
8,1251,1254
8,1274,1260
8,1262,1261
8,1269,1263
8,1264,1280
8,1281,1265
8,1270,1266
8,1268,1267
8,1271,1272
8,1283,1273
8,1275,1276
8,1282,1277
8,1278,1279
8,1284,1291
8,1320,1285
8,1286,1316
8,1311,1287
8,1295,1288
8,1289,1293
8,1290,1302
8,1292,1299
8,1298,1294
8,1296,1300
8,1297,1318
8,1319,1301
8,1305,1303
8,1307,1304
8,1306,1312
8,1309,1308
8,1317,1310
8,1313,1321
8,1323,1314
8,1315,1322
8,1324,1373
8,1375,1325
8,1326,1371
8,1327,1328
8,1329,1357
8,1330,1339
8,1331,1360
8,1341,1332
8,1337,1333
8,1364,1334
8,1335,1358
8,1336,1363
8,1338,1365
8,1340,1370
8,1342,1352
8,1343,1344
8,1359,1345
8,1349,1346
8,1347,1367
8,1350,1348
8,1351,1362
8,1353,1366
8,1372,1354
8,1355,1356
8,1374,1361
8,1368,1369
8,1376,1396
8,1393,1377
8,1381,1378
8,1391,1379
8,1382,1380
8,1383,1395
8,1384,1386
8,1385,1392
8,1387,1389
8,1399,1388
8,1397,1390
8,1398,1394
8,1404,1400
8,1406,1401
8,1411,1402
8,1423,1403
8,1409,1405
8,1428,1407
8,1408,1410
8,1422,1412
8,1426,1413
8,1420,1414
8,1430,1415
8,1427,1416
8,1417,1425
8,1424,1418
8,1433,1419
8,1421,1432
8,1431,1429
8,1434,1445
8,1456,1435
8,1436,1460
8,1440,1437
8,1441,1438
8,1444,1439
8,1442,1443
8,1446,1454
8,1447,1467
8,1472,1448
8,1452,1449
8,1453,1450
8,1451,1468
8,1455,1471
8,1457,1470
8,1458,1465
8,1469,1459
8,1461,1464
8,1462,1466
8,1463,1473
9,2,0
9,15,1
9,3,11
9,9,4
9,5,7
9,12,6
9,10,8
9,13,14
9,56,16
9,88,17
9,18,24
9,26,19
9,20,22
9,87,21
9,35,23
9,38,25
9,27,51
9,28,36
9,29,58
9,37,30
9,45,31
9,32,47
9,33,48
9,44,34
9,42,39
9,40,59
9,41,43
9,60,46
9,85,49
9,50,55
9,84,52
9,53,82
9,54,57
9,61,95
9,62,86
9,79,63
9,94,64
9,65,93
9,92,66
9,68,67
9,81,69
9,70,91
9,90,71
9,72,74
9,76,73
9,75,78
9,77,89
9,80,83
9,179,96
9,97,113
9,98,144
9,107,99
9,105,100
9,101,118
9,149,102
9,186,103
9,104,111
9,106,126
9,108,117
9,131,109
9,110,172
9,112,116
9,114,163
9,115,136
9,161,119
9,121,120
9,170,122
9,123,169
9,139,124
9,127,125
9,143,128
9,150,129
9,130,190
9,132,133
9,134,162
9,135,151
9,177,137
9,178,138
9,174,140
9,141,142
9,180,145
9,156,146
9,147,187
9,159,148
9,152,173
9,185,153
9,165,154
9,181,155
9,167,157
9,166,158
9,160,168
9,164,171
9,175,184
9,176,191
9,182,183
9,189,188
9,192,199
9,193,198
9,201,194
9,195,202
9,200,196
9,203,197
9,204,258
9,206,205
9,253,207
9,208,227
9,209,211
9,226,210
9,212,224
9,214,213
9,215,225
9,221,216
9,217,229
9,230,218
9,232,219
9,233,220
9,223,222
9,228,231
9,244,234
9,235,247
9,236,257
9,237,263
9,261,238
9,250,239
9,249,240
9,241,254
9,242,245
9,246,243
9,252,248
9,259,251
9,256,255
9,262,260
9,279,264
9,289,265
9,283,266
9,299,267
9,268,285
9,272,269
9,270,297
9,275,271
9,273,277
9,274,282
9,276,284
9,278,302
9,306,280
9,281,301
9,298,286
9,303,287
9,288,318
9,295,290
9,291,321
9,292,316
9,294,293
9,296,313
9,300,309
9,305,304
9,320,307
9,308,314
9,310,315
9,312,311
9,319,317
9,322,327
9,328,323
9,325,324
9,326,340
9,334,329
9,330,331
9,332,338
9,333,343
9,335,342
9,339,336
9,341,337
9,344,383
9,368,345
9,346,416
9,411,347
9,348,373
9,352,349
9,354,350
9,380,351
9,379,353
9,355,420
9,356,375
9,370,357
9,358,361
9,376,359
9,364,360
9,362,374
9,363,415
9,365,413
9,378,366
9,367,381
9,369,382
9,386,371
9,372,389
9,414,377
9,384,385
9,387,388
9,419,390
9,393,391
9,392,406
9,396,394
9,423,395
9,397,407
9,398,422
9,399,409
9,400,401
9,402,408
9,412,403
9,404,421
9,418,405
9,410,425
9,424,417
9,494,426
9,427,428
9,519,429
9,430,459
9,431,446
9,467,432
9,433,487
9,434,442
9,511,435
9,436,450
9,437,463
9,438,440
9,439,444
9,498,441
9,464,443
9,445,523
9,496,447
9,448,462
9,449,491
9,509,451
9,452,501
9,453,457
9,454,493
9,455,460
9,456,478
9,461,458
9,466,465
9,468,505
9,469,515
9,470,472
9,522,471
9,486,473
9,474,481
9,475,524
9,476,518
9,477,525
9,479,507
9,489,480
9,482,521
9,483,502
9,484,492
9,485,495
9,488,500
9,499,490
9,497,504
9,506,503
9,510,508
9,512,514
9,516,513
9,517,520
9,540,526
9,537,527
9,528,539
9,529,535
9,543,530
9,531,532
9,533,534
9,542,536
9,538,541
9,544,595
9,545,546
9,568,547
9,564,548
9,567,549
9,550,566
9,551,572
9,560,552
9,553,591
9,554,597
9,558,555
9,556,557
9,565,559
9,561,570
9,562,569
9,571,563
9,573,576
9,574,587
9,577,575
9,578,592
9,579,598
9,599,580
9,586,581
9,585,582
9,583,584
9,589,588
9,596,590
9,594,593
9,600,629
9,610,601
9,602,606
9,603,611
9,604,630
9,605,631
9,607,635
9,616,608
9,633,609
9,641,612
9,646,613
9,614,644
9,615,632
9,619,617
9,620,618
9,634,621
9,622,653
9,623,640
9,627,624
9,625,647
9,637,626
9,628,648
9,636,642
9,638,655
9,654,639
9,652,643
9,649,645
9,650,651
9,661,656
9,667,657
9,658,662
9,664,659
9,660,666
9,672,663
9,671,665
9,668,670
9,673,669
9,711,674
9,690,675
9,676,716
9,681,677
9,678,696
9,721,679
9,680,694
9,706,682
9,684,683
9,685,700
9,727,686
9,713,687
9,688,703
9,693,689
9,692,691
9,695,705
9,697,707
9,702,698
9,704,699
9,719,701
9,708,714
9,709,729
9,728,710
9,722,712
9,718,715
9,720,717
9,723,724
9,726,725
9,745,730
9,786,731
9,739,732
9,733,756
9,734,782
9,758,735
9,751,736
9,737,779
9,738,748
9,740,772
9,741,742
9,743,749
9,747,744
9,746,769
9,750,768
9,752,778
9,755,753
9,776,754
9,757,783
9,784,759
9,785,760
9,780,761
9,762,788
9,775,763
9,764,767
9,765,787
9,766,781
9,771,770
9,773,777
9,789,774
9,790,802
9,800,791
9,793,792
9,795,794
9,796,799
9,803,797
9,801,798
9,804,807
9,838,805
9,806,814
9,839,808
9,815,809
9,810,831
9,811,833
9,812,817
9,819,813
9,816,835
9,820,818
9,821,830
9,828,822
9,826,823
9,834,824
9,825,827
9,829,832
9,836,837
9,840,845
9,872,841
9,842,871
9,843,846
9,844,875
9,847,852
9,870,848
9,853,849
9,855,850
9,867,851
9,861,854
9,869,856
9,857,865
9,864,858
9,859,860
9,866,862
9,863,873
9,874,868
9,876,884
9,896,877
9,891,878
9,888,879
9,880,883
9,885,881
9,882,887
9,886,895
9,889,894
9,890,897
9,892,899
9,893,898
9,930,900
9,936,901
9,911,902
9,903,913
9,915,904
9,905,907
9,906,919
9,914,908
9,928,909
9,946,910
9,912,917
9,916,920
9,939,918
9,922,921
9,923,941
9,949,924
9,927,925
9,926,940
9,929,948
9,931,942
9,944,932
9,933,934
9,935,938
9,937,943
9,945,947
9,988,950
9,952,951
9,953,963
9,954,972
9,955,956
9,960,957
9,959,958
9,961,966
9,962,975
9,964,970
9,965,984
9,967,990
9,968,969
9,980,971
9,997,973
9,974,992
9,976,995
9,977,981
9,982,978
9,979,983
9,987,985
9,989,986
9,991,994
9,999,993
9,996,998
9,1008,1000
9,1001,1013
9,1009,1002
9,1003,1007
9,1004,1005
9,1012,1006
9,1011,1010
9,1014,1042
9,1015,1039
9,1025,1016
9,1020,1017
9,1033,1018
9,1019,1040
9,1021,1023
9,1029,1022
9,1024,1043
9,1026,1027
9,1032,1028
9,1047,1030
9,1048,1031
9,1045,1034
9,1035,1044
9,1036,1038
9,1046,1037
9,1049,1041
9,1086,1050
9,1051,1059
9,1052,1063
9,1053,1054
9,1055,1057
9,1078,1056
9,1079,1058
9,1060,1080
9,1061,1064
9,1081,1062
9,1076,1065
9,1066,1075
9,1067,1087
9,1068,1089
9,1072,1069
9,1070,1073
9,1071,1088
9,1074,1085
9,1083,1077
9,1084,1082
9,1091,1090
9,1092,1097
9,1096,1093
9,1094,1110
9,1095,1107
9,1098,1101
9,1099,1102
9,1100,1108
9,1103,1109
9,1111,1104
9,1106,1105
9,1112,1113
9,1132,1114
9,1115,1137
9,1122,1116
9,1131,1117
9,1126,1118
9,1144,1119
9,1120,1127
9,1121,1148
9,1123,1124
9,1141,1125
9,1130,1128
9,1129,1134
9,1133,1142
9,1135,1139
9,1138,1136
9,1140,1145
9,1149,1143
9,1146,1147
9,1170,1150
9,1151,1165
9,1152,1190
9,1153,1168
9,1154,1175
9,1162,1155
9,1194,1156
9,1189,1157
9,1158,1166
9,1186,1159
9,1160,1163
9,1169,1161
9,1164,1172
9,1167,1180
9,1171,1179
9,1181,1173
9,1193,1174
9,1176,1183
9,1188,1177
9,1178,1195
9,1182,1187
9,1184,1192
9,1191,1185
9,1196,1208
9,1211,1197
9,1198,1209
9,1203,1199
9,1201,1200
9,1202,1205
9,1206,1204
9,1207,1210
9,1227,1212
9,1214,1213
9,1228,1215
9,1216,1231
9,1217,1218
9,1219,1230
9,1220,1226
9,1223,1221
9,1222,1229
9,1225,1224
9,1232,1237
9,1250,1233
9,1234,1240
9,1235,1238
9,1255,1236
9,1239,1252
9,1248,1241
9,1259,1242
9,1243,1249
9,1244,1245
9,1246,1247
9,1253,1251
9,1258,1254
9,1256,1257
9,1266,1260
9,1261,1272
9,1262,1268
9,1263,1271
9,1264,1282
9,1265,1280
9,1267,1281
9,1273,1269
9,1283,1270
9,1277,1274
9,1278,1275
9,1276,1279
9,1284,1306
9,1285,1315
9,1289,1286
9,1287,1323
9,1300,1288
9,1294,1290
9,1291,1296
9,1318,1292
9,1293,1297
9,1302,1295
9,1299,1298
9,1301,1309
9,1303,1321
9,1304,1322
9,1307,1305
9,1310,1308
9,1314,1311
9,1312,1320
9,1313,1317
9,1316,1319
9,1324,1335
9,1325,1327
9,1329,1326
9,1357,1328
9,1330,1331
9,1332,1340
9,1333,1343
9,1337,1334
9,1365,1336
9,1339,1338
9,1341,1345
9,1360,1342
9,1344,1368
9,1346,1375
9,1347,1349
9,1348,1372
9,1369,1350
9,1354,1351
9,1352,1362
9,1361,1353
9,1366,1355
9,1371,1356
9,1373,1358
9,1359,1370
9,1364,1363
9,1374,1367
9,1381,1376
9,1377,1391
9,1378,1382
9,1395,1379
9,1380,1389
9,1396,1383
9,1399,1384
9,1385,1398
9,1386,1397
9,1392,1387
9,1393,1388
9,1390,1394
9,1429,1400
9,1403,1401
9,1402,1423
9,1410,1404
9,1405,1411
9,1408,1406
9,1409,1407
9,1412,1431
9,1433,1413
9,1432,1414
9,1417,1415
9,1416,1419
9,1425,1418
9,1422,1420
9,1426,1421
9,1424,1427
9,1428,1430
9,1468,1434
9,1435,1442
9,1445,1436
9,1437,1452
9,1438,1440
9,1459,1439
9,1456,1441
9,1464,1443
9,1455,1444
9,1467,1446
9,1453,1447
9,1448,1458
9,1449,1460
9,1471,1450
9,1466,1451
9,1465,1454
9,1462,1457
9,1473,1461
9,1463,1472
9,1470,1469
