588,Heuristic,i05,1
Time,Value 
7230,223893
7200,223894
7170,223905
7140,223905
7110,223939
7080,223953
7050,223975
7020,223986
6990,223996
6960,223996
6930,224014
6900,224015
6870,224024
6840,224030
6810,224035
6780,224040
6750,224044
6720,224047
6690,224049
6660,224065
6630,224065
6600,224073
6570,224073
6540,224075
6510,224075
6480,224082
6450,224086
6420,224086
6390,224089
6360,224089
6330,224092
6300,224092
6270,224128
6240,224128
6210,224131
6180,224132
6150,224132
6120,224138
6090,224149
6060,224151
6030,224151
6000,224160
5970,224162
5940,224162
5910,224164
5880,224164
5850,224165
5820,224172
5790,224173
5760,224191
5730,224201
5700,224203
5670,224232
5640,224237
5610,224249
5580,224281
5550,224291
5520,224293
5490,224294
5460,224294
5430,224300
5400,224331
5370,224335
5340,224338
5310,224346
5280,224346
5250,224348
5220,224368
5190,224383
5160,224383
5130,224419
5100,224456
5070,224456
5040,224457
5010,224463
4980,224541
4950,224552
4920,224565
4890,224567
4860,224599
4830,224600
4800,224626
4770,224628
4740,224629
4710,224640
4680,224731
4650,224743
4620,224744
4590,224755
4560,224762
4530,224762
4500,224776
4470,224783
4440,224798
4410,224798
4380,224807
4350,224815
4320,224849
4290,224852
4260,224856
4230,224885
4200,224899
4170,224901
4140,224918
4110,224933
4080,224936
4050,224944
4020,225006
3990,225018
3960,225028
3930,225111
3900,225133
3870,225138
3840,225142
3810,225154
1740,227375
1710,227393
1680,227444
1650,227492
1620,227615
1590,227651
1560,227662
1530,227674
1500,227712
1470,227739
1440,227853
1410,227908
1380,227943
1350,227990
1320,228013
1290,228061
1260,228123
1230,228227
1200,228350
1170,228456
1140,228514
1110,228597
1080,228653
1050,228707
1020,228824
990,228957
960,229056
930,229162
900,229257
870,229286
360,230466
330,230496
300,230545
270,230607
240,230699
210,230943
180,231008
150,231148
120,231271
90,231379
60,231448
30,231494
0,231573
390,230431
420,230380
450,230335
480,230243
510,230188
540,230126
570,230017
600,229962
630,229893
660,229763
690,229735
720,229678
750,229612
780,229515
810,229394
840,229376
1770,227305
1800,227218
1830,227178
1860,227133
1890,227073
1920,227060
1950,227029
1980,226990
2010,226960
2040,226929
2070,226909
2100,226892
2130,226845
2160,226826
2190,226784
2220,226726
2250,226697
2280,226678
2310,226636
2340,226591
2370,226568
2400,226563
2430,226544
2460,226538
2490,226496
2520,226429
2550,226370
2580,226263
2610,226242
2640,226238
2670,226195
2700,226170
2730,226168
2760,226115
2790,226105
2820,226067
2850,226024
2880,226003
2910,225933
2940,225907
2970,225889
3000,225863
3030,225859
3060,225852
3090,225733
3120,225690
3150,225687
3180,225653
3210,225642
3240,225628
3270,225560
3300,225539
3330,225529
3360,225491
3390,225474
3420,225455
3450,225426
3480,225401
3510,225356
3540,225307
3570,225280
3600,225274
3630,225271
3660,225253
3690,225218
3720,225190
3750,225185
3780,225160
Final, 223893,7231

Round,H_team,A_team 
0,0,11
0,1,13
0,4,2
0,3,9
0,5,12
0,8,6
0,10,7
0,15,14
0,16,22
0,18,17
0,23,19
0,20,21
0,90,24
0,25,33
0,26,31
0,41,27
0,28,62
0,29,32
0,79,30
0,40,34
0,45,35
0,37,36
0,38,42
0,86,39
0,43,58
0,60,44
0,47,46
0,49,48
0,54,50
0,51,55
0,52,57
0,59,53
0,85,56
0,64,61
0,92,63
0,66,65
0,69,67
0,68,91
0,78,70
0,89,71
0,73,72
0,74,95
0,75,94
0,83,76
0,77,82
0,80,88
0,81,84
0,93,87
0,96,108
0,133,97
0,173,98
0,99,142
0,167,100
0,178,101
0,102,116
0,104,103
0,120,105
0,106,107
0,177,109
0,110,157
0,111,113
0,112,159
0,114,115
0,164,117
0,118,134
0,151,119
0,121,141
0,152,122
0,127,123
0,126,124
0,125,158
0,128,130
0,129,146
0,131,140
0,132,139
0,143,135
0,136,171
0,170,137
0,147,138
0,144,163
0,145,166
0,165,148
0,154,149
0,153,150
0,181,155
0,156,176
0,160,161
0,162,180
0,168,169
0,172,175
0,174,179
0,183,182
0,193,184
0,185,186
0,187,188
0,189,191
0,190,192
0,201,194
0,195,230
0,198,196
0,197,232
0,199,203
0,216,200
0,215,202
0,212,204
0,205,233
0,211,206
0,207,214
0,209,208
0,213,210
0,217,239
0,231,218
0,238,219
0,235,220
0,221,228
0,222,234
0,237,223
0,224,227
0,225,226
0,229,236
0,240,288
0,277,241
0,274,242
0,243,249
0,250,244
0,245,246
0,247,272
0,248,257
0,251,252
0,253,271
0,254,255
0,256,280
0,258,276
0,273,259
0,260,261
0,267,262
0,263,268
0,290,264
0,265,287
0,282,266
0,284,269
0,270,291
0,275,294
0,289,278
0,295,279
0,283,281
0,285,286
0,292,293
0,305,296
0,297,309
0,306,298
0,302,299
0,303,300
0,308,301
0,304,322
0,307,323
0,310,326
0,311,318
0,321,312
0,319,313
0,316,314
0,327,315
0,317,320
0,324,325
0,328,344
0,367,329
0,330,368
0,369,331
0,421,332
0,366,333
0,372,334
0,405,335
0,339,336
0,359,337
0,338,351
0,340,401
0,343,341
0,348,342
0,345,357
0,346,371
0,349,347
0,350,407
0,354,352
0,361,353
0,370,355
0,360,356
0,358,373
0,376,362
0,408,363
0,365,364
0,374,375
0,377,392
0,378,379
0,418,380
0,381,419
0,384,382
0,383,395
0,385,411
0,386,387
0,397,388
0,389,409
0,390,404
0,391,393
0,394,399
0,398,396
0,417,400
0,402,406
0,410,403
0,412,413
0,414,420
0,416,415
0,422,442
0,423,431
0,434,424
0,425,435
0,432,426
0,427,497
0,472,428
0,429,433
0,430,455
0,436,447
0,437,476
0,438,439
0,440,453
0,441,443
0,444,469
0,501,445
0,446,473
0,448,486
0,475,449
0,451,450
0,474,452
0,454,477
0,456,478
0,457,500
0,458,468
0,460,459
0,491,461
0,462,498
0,489,463
0,479,464
0,465,495
0,466,490
0,467,471
0,499,470
0,484,480
0,481,482
0,493,483
0,485,487
0,488,492
0,496,494
0,522,502
0,507,503
0,504,524
0,506,505
0,508,521
0,509,513
0,510,525
0,512,511
0,514,515
0,517,516
0,519,518
0,520,527
0,523,526
0,563,528
0,578,529
0,530,534
0,531,550
0,532,570
0,533,536
0,535,569
0,537,538
0,553,539
0,540,542
0,541,547
0,543,571
0,544,546
0,545,554
0,574,548
0,555,549
0,552,551
0,560,556
0,575,557
0,558,561
0,580,559
0,583,562
0,564,567
0,579,565
0,572,566
0,581,568
0,582,573
0,576,577
0,584,594
0,587,585
0,590,586
0,593,588
0,595,589
0,597,591
0,592,609
0,596,618
0,598,600
0,599,626
0,602,601
0,603,610
0,604,613
0,605,621
0,624,606
0,612,607
0,611,608
0,615,614
0,623,616
0,617,620
0,622,619
0,625,627
0,632,628
0,629,642
0,646,630
0,631,647
0,633,638
0,643,634
0,648,635
0,640,636
0,639,637
0,645,641
0,644,649
0,650,691
0,651,675
0,694,652
0,653,660
0,686,654
0,655,664
0,669,656
0,658,657
0,659,663
0,661,665
0,670,662
0,666,674
0,667,668
0,671,672
0,695,673
0,681,676
0,677,690
0,685,678
0,679,689
0,692,680
0,687,682
0,693,683
0,688,684
0,696,708
0,714,697
0,698,725
0,699,723
0,724,700
0,702,701
0,703,735
0,716,704
0,705,712
0,707,706
0,737,709
0,739,710
0,720,711
0,726,713
0,722,715
0,728,717
0,718,727
0,719,721
0,730,729
0,731,732
0,738,733
0,734,736
0,743,740
0,741,748
0,746,742
0,744,749
0,745,755
0,752,747
0,750,754
0,751,753
0,758,756
0,757,771
0,759,763
0,768,760
0,770,761
0,766,762
0,787,764
0,765,767
0,769,775
0,772,777
0,782,773
0,774,776
0,781,778
0,779,783
0,780,786
0,784,785
0,788,801
0,807,789
0,790,817
0,791,806
0,792,797
0,793,799
0,810,794
0,796,795
0,798,808
0,811,800
0,802,809
0,803,814
0,804,812
0,815,805
0,813,816
1,20,0
1,9,1
1,2,5
1,3,4
1,10,6
1,7,8
1,22,11
1,13,12
1,21,14
1,17,15
1,16,23
1,19,18
1,24,53
1,26,25
1,27,60
1,46,28
1,33,29
1,48,30
1,31,80
1,85,32
1,45,34
1,35,37
1,36,41
1,38,40
1,87,39
1,42,43
1,44,59
1,62,47
1,50,49
1,86,51
1,58,52
1,55,54
1,56,57
1,61,90
1,63,66
1,95,64
1,65,69
1,68,67
1,70,71
1,72,76
1,73,89
1,91,74
1,75,92
1,77,81
1,84,78
1,88,79
1,82,83
1,94,93
1,129,96
1,97,118
1,98,102
1,115,99
1,100,107
1,101,109
1,133,103
1,104,113
1,105,151
1,122,106
1,108,121
1,159,110
1,158,111
1,112,157
1,116,114
1,117,134
1,119,127
1,150,120
1,123,126
1,124,125
1,142,128
1,130,146
1,143,131
1,167,132
1,135,166
1,170,136
1,138,137
1,139,168
1,140,165
1,141,163
1,180,144
1,162,145
1,179,147
1,148,154
1,149,174
1,153,152
1,171,155
1,175,156
1,177,160
1,161,178
1,169,164
1,181,172
1,173,176
1,182,192
1,183,189
1,184,191
1,193,185
1,186,187
1,188,190
1,194,212
1,203,195
1,196,232
1,197,233
1,211,198
1,202,199
1,200,205
1,206,201
1,204,210
1,230,207
1,214,208
1,209,213
1,220,215
1,218,216
1,217,231
1,237,219
1,226,221
1,228,222
1,234,223
1,238,224
1,229,225
1,227,239
1,236,235
1,244,240
1,241,245
1,242,277
1,276,243
1,246,255
1,271,247
1,248,261
1,249,292
1,293,250
1,258,251
1,252,273
1,253,257
1,260,254
1,283,256
1,259,272
1,262,284
1,275,263
1,289,264
1,282,265
1,266,279
1,281,267
1,294,268
1,286,269
1,288,270
1,280,274
1,278,285
1,295,287
1,291,290
1,296,307
1,323,297
1,298,325
1,299,303
1,300,304
1,309,301
1,302,324
1,312,305
1,306,319
1,322,308
1,310,316
1,315,311
1,313,318
1,314,317
1,320,327
1,326,321
1,413,328
1,329,334
1,367,330
1,331,341
1,332,333
1,335,402
1,340,336
1,337,373
1,338,361
1,401,339
1,364,342
1,406,343
1,344,359
1,368,345
1,346,347
1,363,348
1,371,349
1,355,350
1,360,351
1,352,358
1,353,356
1,362,354
1,357,366
1,370,365
1,417,369
1,379,372
1,374,405
1,375,412
1,420,376
1,403,377
1,393,378
1,382,380
1,381,399
1,383,394
1,384,418
1,419,385
1,386,397
1,387,389
1,388,415
1,390,392
1,409,391
1,400,395
1,421,396
1,398,410
1,404,416
1,408,407
1,411,414
1,432,422
1,469,423
1,424,427
1,425,470
1,426,429
1,428,471
1,447,430
1,475,431
1,433,435
1,434,498
1,455,436
1,481,437
1,482,438
1,439,448
1,452,440
1,449,441
1,442,474
1,450,443
1,459,444
1,468,445
1,446,454
1,473,451
1,453,460
1,501,456
1,499,457
1,467,458
1,461,485
1,497,462
1,463,465
1,464,491
1,500,466
1,472,496
1,476,477
1,478,495
1,490,479
1,480,483
1,484,488
1,486,487
1,492,489
1,494,493
1,502,514
1,525,503
1,504,521
1,505,523
1,515,506
1,520,507
1,511,508
1,517,509
1,516,510
1,518,512
1,513,526
1,524,519
1,527,522
1,551,528
1,529,554
1,530,578
1,532,531
1,533,569
1,534,544
1,570,535
1,543,536
1,555,537
1,538,553
1,539,550
1,571,540
1,549,541
1,542,548
1,545,546
1,547,552
1,556,558
1,557,574
1,565,559
1,566,560
1,561,581
1,562,576
1,563,564
1,567,583
1,568,582
1,572,577
1,573,575
1,579,580
1,586,584
1,595,585
1,587,594
1,596,588
1,589,598
1,607,590
1,591,612
1,600,592
1,609,593
1,601,597
1,599,604
1,603,602
1,605,622
1,623,606
1,613,608
1,617,610
1,614,611
1,615,616
1,618,620
1,619,626
1,621,625
1,627,624
1,628,629
1,630,636
1,634,631
1,638,632
1,633,647
1,635,640
1,637,646
1,643,639
1,641,644
1,642,645
1,649,648
1,666,650
1,673,651
1,672,652
1,663,653
1,654,658
1,655,657
1,671,656
1,687,659
1,660,667
1,670,661
1,662,686
1,664,665
1,668,669
1,674,675
1,676,691
1,677,679
1,678,681
1,680,688
1,682,695
1,683,684
1,693,685
1,692,689
1,690,694
1,697,696
1,735,698
1,724,699
1,709,700
1,701,737
1,713,702
1,708,703
1,704,726
1,716,705
1,706,730
1,725,707
1,710,714
1,711,719
1,729,712
1,736,715
1,731,717
1,718,720
1,721,733
1,732,722
1,723,734
1,727,738
1,728,739
1,740,753
1,741,755
1,743,742
1,748,744
1,752,745
1,746,750
1,749,747
1,754,751
1,756,786
1,757,761
1,778,758
1,767,759
1,760,762
1,769,763
1,764,779
1,768,765
1,766,770
1,771,785
1,782,772
1,773,787
1,777,774
1,783,775
1,776,781
1,784,780
1,793,788
1,789,799
1,795,790
1,791,810
1,812,792
1,797,794
1,817,796
1,798,811
1,800,807
1,805,801
1,802,814
1,809,803
1,816,804
1,806,815
1,808,813
2,1,0
2,12,2
2,11,3
2,9,4
2,5,10
2,6,7
2,8,19
2,15,13
2,14,16
2,23,17
2,18,20
2,21,22
2,24,56
2,25,80
2,30,26
2,27,52
2,28,42
2,29,31
2,32,87
2,79,33
2,34,38
2,36,35
2,37,46
2,39,40
2,41,86
2,43,59
2,53,44
2,62,45
2,61,47
2,48,85
2,54,49
2,51,50
2,60,55
2,57,58
2,63,65
2,64,68
2,66,95
2,67,94
2,90,69
2,70,73
2,71,78
2,72,81
2,92,74
2,91,75
2,76,82
2,89,77
2,83,84
2,88,93
2,96,117
2,134,97
2,109,98
2,99,172
2,106,100
2,102,101
2,103,160
2,105,104
2,107,153
2,108,116
2,110,112
2,161,111
2,113,120
2,125,114
2,124,115
2,118,129
2,150,119
2,121,173
2,126,122
2,123,152
2,151,127
2,128,133
2,130,140
2,146,131
2,132,149
2,135,162
2,155,136
2,137,171
2,138,169
2,147,139
2,141,175
2,144,142
2,163,143
2,176,145
2,179,148
2,154,165
2,156,181
2,157,158
2,159,164
2,166,180
2,178,167
2,168,170
2,174,177
2,182,193
2,191,183
2,184,188
2,185,189
2,190,186
2,192,187
2,214,194
2,206,195
2,196,197
2,233,198
2,215,199
2,212,200
2,201,230
2,232,202
2,205,203
2,216,204
2,207,209
2,208,211
2,210,222
2,228,213
2,219,217
2,224,218
2,220,237
2,221,235
2,223,227
2,225,234
2,226,236
2,239,229
2,231,238
2,240,289
2,250,241
2,242,249
2,244,243
2,273,245
2,254,246
2,247,258
2,255,248
2,251,283
2,252,277
2,259,253
2,281,256
2,257,271
2,272,260
2,261,265
2,292,262
2,285,263
2,264,270
2,266,291
2,267,274
2,268,295
2,269,294
2,284,275
2,293,276
2,288,278
2,279,280
2,290,282
2,287,286
2,300,296
2,297,298
2,312,299
2,301,324
2,304,302
2,303,322
2,316,305
2,323,306
2,308,307
2,311,309
2,327,310
2,313,314
2,317,315
2,318,326
2,325,319
2,321,320
2,333,328
2,372,329
2,334,330
2,343,331
2,332,349
2,336,335
2,357,337
2,358,338
2,339,348
2,342,340
2,341,401
2,368,344
2,347,345
2,359,346
2,353,350
2,351,352
2,354,360
2,407,355
2,356,408
2,361,362
2,365,363
2,371,364
2,366,367
2,369,421
2,373,370
2,412,374
2,376,375
2,377,391
2,378,410
2,392,379
2,380,394
2,400,381
2,382,409
2,393,383
2,395,384
2,418,385
2,415,386
2,397,387
2,396,388
2,403,389
2,416,390
2,404,398
2,399,419
2,405,402
2,406,417
2,420,411
2,413,414
2,423,422
2,426,424
2,498,425
2,433,427
2,442,428
2,429,439
2,430,454
2,431,459
2,443,432
2,462,434
2,435,497
2,437,436
2,438,447
2,440,441
2,460,444
2,445,456
2,448,446
2,449,473
2,474,450
2,452,451
2,469,453
2,455,501
2,463,457
2,483,458
2,495,461
2,490,464
2,465,491
2,485,466
2,494,467
2,468,472
2,470,478
2,471,496
2,477,475
2,476,482
2,479,489
2,480,488
2,487,481
2,493,484
2,492,486
2,500,499
2,502,520
2,503,522
2,507,504
2,524,505
2,523,506
2,515,508
2,509,514
2,510,519
2,513,511
2,516,512
2,525,517
2,526,518
2,521,527
2,528,547
2,552,529
2,561,530
2,571,531
2,550,532
2,535,533
2,546,534
2,536,570
2,551,537
2,538,545
2,569,539
2,540,553
2,541,555
2,554,542
2,548,543
2,544,549
2,580,556
2,565,557
2,574,558
2,559,560
2,564,562
2,567,563
2,566,568
2,576,572
2,577,573
2,575,582
2,578,583
2,581,579
2,584,623
2,585,586
2,592,587
2,588,601
2,589,599
2,610,590
2,591,596
2,593,603
2,594,595
2,597,598
2,600,609
2,612,602
2,620,604
2,626,605
2,606,615
2,607,627
2,608,624
2,613,611
2,616,614
2,619,617
2,618,621
2,625,622
2,628,638
2,629,641
2,630,634
2,637,631
2,647,632
2,636,633
2,635,642
2,646,639
2,640,643
2,648,644
2,649,645
2,650,690
2,651,674
2,652,655
2,653,668
2,657,654
2,656,672
2,658,687
2,665,659
2,660,670
2,661,662
2,686,663
2,667,664
2,675,666
2,669,671
2,681,673
2,679,676
2,691,677
2,684,678
2,680,693
2,694,682
2,685,683
2,689,688
2,695,692
2,696,724
2,697,708
2,736,698
2,700,699
2,729,701
2,737,702
2,707,703
2,705,704
2,725,706
2,738,709
2,712,710
2,711,718
2,713,730
2,714,716
2,715,735
2,717,739
2,733,719
2,720,722
2,721,723
2,726,728
2,727,731
2,732,734
2,747,740
2,742,741
2,745,743
2,744,752
2,755,746
2,753,748
2,749,754
2,750,751
2,756,769
2,785,757
2,758,768
2,759,779
2,760,766
2,761,767
2,762,765
2,763,781
2,770,764
2,786,771
2,776,772
2,778,773
2,774,783
2,775,784
2,787,777
2,780,782
2,789,788
2,796,790
2,817,791
2,792,808
2,807,793
2,794,806
2,800,795
2,811,797
2,799,798
2,801,802
2,803,804
2,814,805
2,813,809
2,810,816
2,812,815
3,0,7
3,11,1
3,13,2
3,3,8
3,4,12
3,5,6
3,10,9
3,17,14
3,19,15
3,16,21
3,22,18
3,23,20
3,78,24
3,31,25
3,33,26
3,47,27
3,57,28
3,80,29
3,49,30
3,32,51
3,34,37
3,35,38
3,46,36
3,42,39
3,40,86
3,45,41
3,52,43
3,44,62
3,55,48
3,50,85
3,53,60
3,56,54
3,59,58
3,93,61
3,94,63
3,64,88
3,65,67
3,74,66
3,69,68
3,89,70
3,84,71
3,82,72
3,81,73
3,95,75
3,77,76
3,87,79
3,83,92
3,90,91
3,133,96
3,97,104
3,99,98
3,100,161
3,101,174
3,121,102
3,157,103
3,152,105
3,106,153
3,178,107
3,115,108
3,109,116
3,119,110
3,111,179
3,120,112
3,165,113
3,114,123
3,117,118
3,122,124
3,127,125
3,126,150
3,128,129
3,131,130
3,171,132
3,134,146
3,136,135
3,139,137
3,148,138
3,140,142
3,143,141
3,145,144
3,149,147
3,160,151
3,164,154
3,155,168
3,180,156
3,158,159
3,163,162
3,172,166
3,177,167
3,169,170
3,173,181
3,176,175
3,188,182
3,183,185
3,192,184
3,191,186
3,187,190
3,189,193
3,194,203
3,195,207
3,208,196
3,202,197
3,198,232
3,199,204
3,200,201
3,205,215
3,230,206
3,209,211
3,210,214
3,213,212
3,216,238
3,218,217
3,223,219
3,227,220
3,239,221
3,222,225
3,237,224
3,235,226
3,229,228
3,233,231
3,236,234
3,270,240
3,249,241
3,243,242
3,289,244
3,245,252
3,246,251
3,247,257
3,258,248
3,255,250
3,253,272
3,261,254
3,256,279
3,271,259
3,283,260
3,262,285
3,263,267
3,264,282
3,265,290
3,278,266
3,269,268
3,277,273
3,274,292
3,286,275
3,276,280
3,295,281
3,284,287
3,291,288
3,294,293
3,296,327
3,306,297
3,298,300
3,320,299
3,307,301
3,322,302
3,309,303
3,308,304
3,305,321
3,310,313
3,319,311
3,324,312
3,314,318
3,315,316
3,317,326
3,325,323
3,328,334
3,329,374
3,330,333
3,331,421
3,370,332
3,335,369
3,401,336
3,360,337
3,338,356
3,339,342
3,348,340
3,402,341
3,343,365
3,344,346
3,345,373
3,347,359
3,349,366
3,350,351
3,352,362
3,354,353
3,355,361
3,358,357
3,363,371
3,407,364
3,367,368
3,391,372
3,375,408
3,414,376
3,388,377
3,409,378
3,379,412
3,395,380
3,394,381
3,385,382
3,383,418
3,384,400
3,386,390
3,387,416
3,389,404
3,398,392
3,410,393
3,396,415
3,397,403
3,417,399
3,405,406
3,411,413
3,419,420
3,422,440
3,454,423
3,424,497
3,425,433
3,434,426
3,427,429
3,428,432
3,460,430
3,431,446
3,498,435
3,436,481
3,437,438
3,447,439
3,441,469
3,450,442
3,443,459
3,444,501
3,445,455
3,456,448
3,477,449
3,451,474
3,475,452
3,453,485
3,457,465
3,458,480
3,461,478
3,470,462
3,479,463
3,464,499
3,466,492
3,467,493
3,496,468
3,471,472
3,473,476
3,486,482
3,488,483
3,484,494
3,495,487
3,489,500
3,491,490
3,506,502
3,503,520
3,511,504
3,505,525
3,521,507
3,508,523
3,519,509
3,526,510
3,512,513
3,514,527
3,522,515
3,518,516
3,517,524
3,564,528
3,529,567
3,530,575
3,531,569
3,536,532
3,583,533
3,534,543
3,553,535
3,537,552
3,546,538
3,539,554
3,544,540
3,541,571
3,549,542
3,550,545
3,547,551
3,573,548
3,570,555
3,556,565
3,557,559
3,558,579
3,560,581
3,574,561
3,562,572
3,576,563
3,582,566
3,568,580
3,577,578
3,598,584
3,594,585
3,586,589
3,609,587
3,603,588
3,590,627
3,602,591
3,592,597
3,593,612
3,599,595
3,621,596
3,601,600
3,604,619
3,611,605
3,614,606
3,610,607
3,616,608
3,624,613
3,623,615
3,617,618
3,622,620
3,625,626
3,631,628
3,644,629
3,639,630
3,632,646
3,634,633
3,641,635
3,642,636
3,638,637
3,648,640
3,645,643
3,647,649
3,668,650
3,652,651
3,664,653
3,654,666
3,672,655
3,656,690
3,675,657
3,679,658
3,659,660
3,663,661
3,662,671
3,670,665
3,669,667
3,673,685
3,674,686
3,683,676
3,687,677
3,693,678
3,695,680
3,681,684
3,682,689
3,688,692
3,691,694
3,696,737
3,702,697
3,698,706
3,699,709
3,701,700
3,703,725
3,704,712
3,710,705
3,707,735
3,708,713
3,731,711
3,726,714
3,715,720
3,716,718
3,730,717
3,719,732
3,739,721
3,722,736
3,723,727
3,733,724
3,728,729
3,734,738
3,740,744
3,741,745
3,750,742
3,743,746
3,747,755
3,748,752
3,751,749
3,754,753
3,757,756
3,765,758
3,759,770
3,779,760
3,761,766
3,768,762
3,763,774
3,767,764
3,786,769
3,771,780
3,772,784
3,773,776
3,785,775
3,782,777
3,787,778
3,781,783
3,788,807
3,805,789
3,790,803
3,791,812
3,792,794
3,793,800
3,795,801
3,797,796
3,798,813
3,799,814
3,815,802
3,804,817
3,806,811
3,808,810
3,809,816
4,19,0
4,1,8
4,2,6
4,7,3
4,4,10
4,9,5
4,18,11
4,12,23
4,14,13
4,15,21
4,20,16
4,22,17
4,24,33
4,29,25
4,26,79
4,27,42
4,52,28
4,30,80
4,31,48
4,88,32
4,35,34
4,39,36
4,37,40
4,38,46
4,54,41
4,44,43
4,47,45
4,49,56
4,86,50
4,85,51
4,58,53
4,55,57
4,60,59
4,61,87
4,62,90
4,68,63
4,75,64
4,65,95
4,66,94
4,67,92
4,91,69
4,81,70
4,71,82
4,72,89
4,73,77
4,93,74
4,84,76
4,78,83
4,105,96
4,97,128
4,98,121
4,107,99
4,100,109
4,177,101
4,115,102
4,110,103
4,104,134
4,114,106
4,125,108
4,111,157
4,112,161
4,113,119
4,116,127
4,129,117
4,118,133
4,120,152
4,150,122
4,151,123
4,153,124
4,159,126
4,162,130
4,175,131
4,170,132
4,135,171
4,169,136
4,137,155
4,167,138
4,139,149
4,146,140
4,141,173
4,142,143
4,144,176
4,145,180
4,147,148
4,174,154
4,156,172
4,160,158
4,166,163
4,164,168
4,179,165
4,181,178
4,184,182
4,193,183
4,185,192
4,186,188
4,189,187
4,190,191
4,200,194
4,197,195
4,196,209
4,207,198
4,213,199
4,201,233
4,203,202
4,204,205
4,206,208
4,221,210
4,211,214
4,212,230
4,231,215
4,232,216
4,217,223
4,219,218
4,238,220
4,226,222
4,236,224
4,225,239
4,227,237
4,235,228
4,234,229
4,240,255
4,241,294
4,283,242
4,292,243
4,244,249
4,245,276
4,250,246
4,260,247
4,248,254
4,251,277
4,252,258
4,273,253
4,256,264
4,257,259
4,290,261
4,268,262
4,293,263
4,291,265
4,266,270
4,287,267
4,275,269
4,272,271
4,279,274
4,282,278
4,280,295
4,281,285
4,286,284
4,288,289
4,296,298
4,304,297
4,299,309
4,322,300
4,301,303
4,302,307
4,305,308
4,327,306
4,319,310
4,311,317
4,316,312
4,320,313
4,326,314
4,321,315
4,318,325
4,323,324
4,328,367
4,330,329
4,348,331
4,332,371
4,349,333
4,334,413
4,340,335
4,336,369
4,337,355
4,375,338
4,341,339
4,342,406
4,363,343
4,373,344
4,359,345
4,346,368
4,366,347
4,362,350
4,351,356
4,352,353
4,361,354
4,357,370
4,364,358
4,374,360
4,365,407
4,372,378
4,412,376
4,377,411
4,379,410
4,380,383
4,381,385
4,382,414
4,394,384
4,416,386
4,388,387
4,415,389
4,390,396
4,391,404
4,392,409
4,393,397
4,399,395
4,403,398
4,400,420
4,401,402
4,408,405
4,421,417
4,418,419
4,422,433
4,423,460
4,424,498
4,434,425
4,426,435
4,442,427
4,428,443
4,451,429
4,459,430
4,439,431
4,432,441
4,438,436
4,447,437
4,482,440
4,456,444
4,492,445
4,446,453
4,455,448
4,449,474
4,452,450
4,476,454
4,489,457
4,458,496
4,487,461
4,499,462
4,478,463
4,464,495
4,465,490
4,466,486
4,483,467
4,468,469
4,497,470
4,493,471
4,472,488
4,475,473
4,481,477
4,500,479
4,494,480
4,491,484
4,501,485
4,502,521
4,527,503
4,504,505
4,506,524
4,507,523
4,514,508
4,509,526
4,510,517
4,515,511
4,519,512
4,513,518
4,516,525
4,520,522
4,528,537
4,529,564
4,555,530
4,535,531
4,532,583
4,533,582
4,534,547
4,539,536
4,538,552
4,548,540
4,542,541
4,543,549
4,545,544
4,551,546
4,553,550
4,554,571
4,559,556
4,579,557
4,581,558
4,580,560
4,572,561
4,563,562
4,565,568
4,566,577
4,578,567
4,569,570
4,573,576
4,575,574
4,585,584
4,586,594
4,587,590
4,588,592
4,589,601
4,591,593
4,595,598
4,596,619
4,597,600
4,599,603
4,607,602
4,606,604
4,605,625
4,608,623
4,612,609
4,626,610
4,611,624
4,613,621
4,618,614
4,615,620
4,627,616
4,617,622
4,628,647
4,629,640
4,645,630
4,649,631
4,635,632
4,633,639
4,637,634
4,636,644
4,638,646
4,641,648
4,643,642
4,650,681
4,692,651
4,666,652
4,653,686
4,655,654
4,676,656
4,657,672
4,658,695
4,662,659
4,660,669
4,664,661
4,665,663
4,667,674
4,668,670
4,671,675
4,678,673
4,677,694
4,687,679
4,689,680
4,682,683
4,684,693
4,685,688
4,690,691
4,709,696
4,697,699
4,718,698
4,700,737
4,701,703
4,708,702
4,717,704
4,705,715
4,706,714
4,736,707
4,729,710
4,711,722
4,712,728
4,716,713
4,738,719
4,720,732
4,721,734
4,723,733
4,724,727
4,735,725
4,730,726
4,731,739
4,740,745
4,741,744
4,742,747
4,753,743
4,746,754
4,749,748
4,755,750
4,752,751
4,756,770
4,775,757
4,758,763
4,760,759
4,769,761
4,762,767
4,764,765
4,766,768
4,771,782
4,778,772
4,784,773
4,774,781
4,776,785
4,777,780
4,779,787
4,783,786
4,814,788
4,816,789
4,800,790
4,796,791
4,817,792
4,793,794
4,807,795
4,808,797
4,810,798
4,801,799
4,802,804
4,803,805
4,813,806
4,809,815
4,812,811
5,0,17
5,1,10
5,2,22
5,3,5
5,6,4
5,7,12
5,8,9
5,11,13
5,14,20
5,16,15
5,23,18
5,21,19
5,24,52
5,25,88
5,26,93
5,27,61
5,28,47
5,48,29
5,32,30
5,33,31
5,36,34
5,40,35
5,39,37
5,41,38
5,42,86
5,43,53
5,58,44
5,87,45
5,46,62
5,85,49
5,50,55
5,51,56
5,54,60
5,57,59
5,63,74
5,64,66
5,94,65
5,67,90
5,68,95
5,75,69
5,70,83
5,76,71
5,72,77
5,73,78
5,79,80
5,82,81
5,89,84
5,92,91
5,96,128
5,146,97
5,103,98
5,121,99
5,178,100
5,101,106
5,102,107
5,104,111
5,119,105
5,108,127
5,109,181
5,110,160
5,112,164
5,158,113
5,124,114
5,116,115
5,140,117
5,165,118
5,151,120
5,123,122
5,125,126
5,131,129
5,130,142
5,132,137
5,133,134
5,168,135
5,136,162
5,138,155
5,167,139
5,176,141
5,143,144
5,163,145
5,170,147
5,148,174
5,149,179
5,152,150
5,161,153
5,154,177
5,166,156
5,157,159
5,171,169
5,172,173
5,180,175
5,182,189
5,188,183
5,187,184
5,190,185
5,186,192
5,191,193
5,194,213
5,195,196
5,209,197
5,198,206
5,199,216
5,203,200
5,202,201
5,204,211
5,232,205
5,208,207
5,210,212
5,214,230
5,215,233
5,220,217
5,218,223
5,239,219
5,229,221
5,222,235
5,224,234
5,225,236
5,228,226
5,231,227
5,238,237
5,254,240
5,241,293
5,242,245
5,279,243
5,255,244
5,246,273
5,247,253
5,272,248
5,249,250
5,276,251
5,259,252
5,260,256
5,261,257
5,258,271
5,262,275
5,263,292
5,264,291
5,265,288
5,290,266
5,267,269
5,268,286
5,270,278
5,281,274
5,277,283
5,285,280
5,289,282
5,295,284
5,294,287
5,297,296
5,304,298
5,307,299
5,300,306
5,301,323
5,302,308
5,303,305
5,309,326
5,318,310
5,313,311
5,312,315
5,314,319
5,316,320
5,325,317
5,327,321
5,324,322
5,329,328
5,372,330
5,335,331
5,334,332
5,333,377
5,336,421
5,356,337
5,362,338
5,339,405
5,340,363
5,341,348
5,342,343
5,344,366
5,345,367
5,358,346
5,368,347
5,355,349
5,350,354
5,353,351
5,360,352
5,357,407
5,373,359
5,376,361
5,370,364
5,371,365
5,369,401
5,374,411
5,413,375
5,378,392
5,404,379
5,419,380
5,381,384
5,395,382
5,383,410
5,414,385
5,386,403
5,387,398
5,416,388
5,389,391
5,415,390
5,409,393
5,418,394
5,397,396
5,399,400
5,417,402
5,406,408
5,420,412
5,441,422
5,453,423
5,470,424
5,425,432
5,497,426
5,427,498
5,433,428
5,429,437
5,430,431
5,435,434
5,436,482
5,477,438
5,439,476
5,440,451
5,442,443
5,455,444
5,445,459
5,474,446
5,485,447
5,448,481
5,450,449
5,452,473
5,454,475
5,495,456
5,479,457
5,469,458
5,460,468
5,461,466
5,462,464
5,463,499
5,500,465
5,467,472
5,471,494
5,478,486
5,480,493
5,483,491
5,484,492
5,487,501
5,496,488
5,490,489
5,508,502
5,503,506
5,527,504
5,505,516
5,524,507
5,525,509
5,512,510
5,511,520
5,517,513
5,522,514
5,515,521
5,523,518
5,526,519
5,528,529
5,551,530
5,533,531
5,559,532
5,541,534
5,571,535
5,536,553
5,537,546
5,547,538
5,570,539
5,540,543
5,542,544
5,552,545
5,555,548
5,549,575
5,550,554
5,568,556
5,557,566
5,558,580
5,560,579
5,561,573
5,562,578
5,577,563
5,583,564
5,576,565
5,567,572
5,569,574
5,582,581
5,584,595
5,585,592
5,601,586
5,607,587
5,600,588
5,589,593
5,622,590
5,626,591
5,598,594
5,596,599
5,609,597
5,602,610
5,612,603
5,604,615
5,620,605
5,606,627
5,614,608
5,623,611
5,613,618
5,616,624
5,621,617
5,619,625
5,628,637
5,629,648
5,630,638
5,646,631
5,632,633
5,634,645
5,636,635
5,647,639
5,640,641
5,642,649
5,644,643
5,656,650
5,651,666
5,695,652
5,661,653
5,663,654
5,655,671
5,686,657
5,658,677
5,659,664
5,665,660
5,672,662
5,667,670
5,674,668
5,675,669
5,684,673
5,690,676
5,691,678
5,679,682
5,680,681
5,688,683
5,692,685
5,694,687
5,689,693
5,700,696
5,697,706
5,698,716
5,699,733
5,713,701
5,726,702
5,703,736
5,704,707
5,717,705
5,709,708
5,710,730
5,715,711
5,739,712
5,714,728
5,725,718
5,719,723
5,738,720
5,732,721
5,735,722
5,737,724
5,727,729
5,734,731
5,754,740
5,752,741
5,745,742
5,744,743
5,746,753
5,751,747
5,748,755
5,749,750
5,756,775
5,770,757
5,762,758
5,759,769
5,767,760
5,761,768
5,765,763
5,764,766
5,783,771
5,772,773
5,780,774
5,776,787
5,777,778
5,781,779
5,782,785
5,786,784
5,788,805
5,789,802
5,790,807
5,794,791
5,792,796
5,797,793
5,795,814
5,798,809
5,799,813
5,800,808
5,804,801
5,817,803
5,806,812
5,811,810
5,815,816
6,12,0
6,6,1
6,9,2
6,10,3
6,4,22
6,5,7
6,20,8
6,11,16
6,13,21
6,18,14
6,15,23
6,17,19
6,57,24
6,30,25
6,29,26
6,43,27
6,28,58
6,79,31
6,32,50
6,80,33
6,34,47
6,35,46
6,38,36
6,60,37
6,45,39
6,40,85
6,42,41
6,44,52
6,51,48
6,86,49
6,53,91
6,59,54
6,56,55
6,61,62
6,93,63
6,94,64
6,74,65
6,66,75
6,95,67
6,90,68
6,69,92
6,77,70
6,71,81
6,83,72
6,76,73
6,78,89
6,82,84
6,88,87
6,97,96
6,98,108
6,99,116
6,100,181
6,101,167
6,114,102
6,103,119
6,128,104
6,134,105
6,106,109
6,107,177
6,158,110
6,111,159
6,118,112
6,113,153
6,115,123
6,117,133
6,127,120
6,156,121
6,122,151
6,124,152
6,150,125
6,126,160
6,129,140
6,144,130
6,131,163
6,132,138
6,135,170
6,136,168
6,137,148
6,171,139
6,180,141
6,142,146
6,162,143
6,175,145
6,164,147
6,149,165
6,154,179
6,155,169
6,161,157
6,173,166
6,172,176
6,174,178
6,182,190
6,183,187
6,184,185
6,193,186
6,188,191
6,192,189
6,194,215
6,198,195
6,230,196
6,197,208
6,201,199
6,200,214
6,205,202
6,212,203
6,213,204
6,206,209
6,207,211
6,216,210
6,237,217
6,220,218
6,219,231
6,234,221
6,222,239
6,223,224
6,235,225
6,226,229
6,227,238
6,236,228
6,233,232
6,240,261
6,243,241
6,292,242
6,244,272
6,245,277
6,252,246
6,251,247
6,259,248
6,293,249
6,250,254
6,253,258
6,271,255
6,285,256
6,257,260
6,262,294
6,269,263
6,278,264
6,265,266
6,267,295
6,274,268
6,270,289
6,276,273
6,287,275
6,286,279
6,280,283
6,284,281
6,282,291
6,288,290
6,296,312
6,297,300
6,298,324
6,299,301
6,309,302
6,308,303
6,307,304
6,320,305
6,306,318
6,310,314
6,326,311
6,315,313
6,321,316
6,317,319
6,323,322
6,325,327
6,328,372
6,368,329
6,330,413
6,331,340
6,366,332
6,333,416
6,391,334
6,335,341
6,402,336
6,337,358
6,338,374
6,343,339
6,363,342
6,367,344
6,345,346
6,347,373
6,364,348
6,365,349
6,350,360
6,351,355
6,361,352
6,376,353
6,354,370
6,356,371
6,359,357
6,405,362
6,380,369
6,414,375
6,377,378
6,379,393
6,395,381
6,392,382
6,385,383
6,384,417
6,398,386
6,387,415
6,421,388
6,390,389
6,394,419
6,396,403
6,404,397
6,420,399
6,400,418
6,401,408
6,407,406
6,410,409
6,411,412
6,422,434
6,445,423
6,424,425
6,426,433
6,427,432
6,494,428
6,477,429
6,474,430
6,431,447
6,435,470
6,446,436
6,437,439
6,438,448
6,443,440
6,441,442
6,444,466
6,449,452
6,482,450
6,451,475
6,453,487
6,473,454
6,456,455
6,457,491
6,458,493
6,459,468
6,469,460
6,461,490
6,465,462
6,463,464
6,496,467
6,488,471
6,472,480
6,476,481
6,485,478
6,499,479
6,492,483
6,489,484
6,486,495
6,498,497
6,501,500
6,502,515
6,503,524
6,504,523
6,505,527
6,507,506
6,520,508
6,509,510
6,511,526
6,514,512
6,516,513
6,519,517
6,518,525
6,521,522
6,530,528
6,529,537
6,531,570
6,535,532
6,539,533
6,534,552
6,536,569
6,538,551
6,546,540
6,544,541
6,553,542
6,554,543
6,545,547
6,548,571
6,549,550
6,574,555
6,556,581
6,580,557
6,558,560
6,579,559
6,561,582
6,577,562
6,563,583
6,564,576
6,565,566
6,575,567
6,573,568
6,578,572
6,590,584
6,609,585
6,586,598
6,595,587
6,588,599
6,597,589
6,592,591
6,593,602
6,594,601
6,610,596
6,600,612
6,603,607
6,608,604
6,605,616
6,611,606
6,615,613
6,614,621
6,625,617
6,619,618
6,620,626
6,627,622
6,624,623
6,648,628
6,645,629
6,630,642
6,631,633
6,637,632
6,639,634
6,635,646
6,641,636
6,638,647
6,644,640
6,643,649
6,650,667
6,651,695
6,652,687
6,669,653
6,654,672
6,686,655
6,656,675
6,657,666
6,682,658
6,659,661
6,663,660
6,662,665
6,664,668
6,670,694
6,671,674
6,673,680
6,676,677
6,678,688
6,691,679
6,681,690
6,683,689
6,685,684
6,693,692
6,696,699
6,701,697
6,703,698
6,733,700
6,702,709
6,704,710
6,730,705
6,706,735
6,707,714
6,708,726
6,711,717
6,712,715
6,729,713
6,728,716
6,718,736
6,719,739
6,720,734
6,724,721
6,722,725
6,723,731
6,732,727
6,737,738
6,750,740
6,751,741
6,742,744
6,743,754
6,745,746
6,747,748
6,753,749
6,755,752
6,785,756
6,757,769
6,758,783
6,761,759
6,763,760
6,779,762
6,768,764
6,765,766
6,767,770
6,775,771
6,780,772
6,773,781
6,787,774
6,778,776
6,784,777
6,786,782
6,788,800
6,803,789
6,814,790
6,791,792
6,801,793
6,794,795
6,806,796
6,816,797
6,815,798
6,802,799
6,804,813
6,805,807
6,808,811
6,809,817
6,810,812
7,0,13
7,5,1
7,3,2
7,7,4
7,9,6
7,8,10
7,12,11
7,22,14
7,18,15
7,19,16
7,17,20
7,23,21
7,54,24
7,87,25
7,80,26
7,27,28
7,29,51
7,31,30
7,33,32
7,46,34
7,39,35
7,47,36
7,37,38
7,41,40
7,49,42
7,60,43
7,44,57
7,61,45
7,50,48
7,52,53
7,55,59
7,58,56
7,62,88
7,63,75
7,69,64
7,65,68
7,67,66
7,70,82
7,72,71
7,84,73
7,74,94
7,78,76
7,91,77
7,93,79
7,81,83
7,85,86
7,89,92
7,90,95
7,96,118
7,117,97
7,98,116
7,102,99
7,177,100
7,107,101
7,105,103
7,120,104
7,115,106
7,108,114
7,109,178
7,113,110
7,112,111
7,119,126
7,121,172
7,127,122
7,123,124
7,152,125
7,128,134
7,142,129
7,130,176
7,141,131
7,147,132
7,146,133
7,163,135
7,145,136
7,137,149
7,139,138
7,140,143
7,166,144
7,148,171
7,151,150
7,153,158
7,169,154
7,155,167
7,162,156
7,160,157
7,159,161
7,165,164
7,179,168
7,170,174
7,173,180
7,181,175
7,186,182
7,184,183
7,185,188
7,187,193
7,189,190
7,191,192
7,204,194
7,195,232
7,196,207
7,197,206
7,209,198
7,199,200
7,203,201
7,202,233
7,205,216
7,208,230
7,229,210
7,211,213
7,214,212
7,215,236
7,217,238
7,218,237
7,227,219
7,231,220
7,221,225
7,224,222
7,223,226
7,239,228
7,234,235
7,240,264
7,241,292
7,242,250
7,243,293
7,254,244
7,245,249
7,246,276
7,277,247
7,248,271
7,273,251
7,253,252
7,255,259
7,256,265
7,272,257
7,258,261
7,280,260
7,286,262
7,284,263
7,266,288
7,294,267
7,275,268
7,269,274
7,282,270
7,291,278
7,279,281
7,283,295
7,287,285
7,290,289
7,304,296
7,324,297
7,298,309
7,299,308
7,300,323
7,322,301
7,305,302
7,303,307
7,306,325
7,317,310
7,311,314
7,327,312
7,326,313
7,320,315
7,319,316
7,318,321
7,378,328
7,413,329
7,359,330
7,336,331
7,332,416
7,334,333
7,417,335
7,375,337
7,352,338
7,339,402
7,341,340
7,365,342
7,348,343
7,344,357
7,349,345
7,346,367
7,347,358
7,361,350
7,351,362
7,353,360
7,407,354
7,355,356
7,370,363
7,408,364
7,366,368
7,369,405
7,373,371
7,372,411
7,374,376
7,393,377
7,391,379
7,380,400
7,381,418
7,382,394
7,409,383
7,384,399
7,385,420
7,386,421
7,396,387
7,388,389
7,403,390
7,392,410
7,419,395
7,397,398
7,406,401
7,415,404
7,412,414
7,443,422
7,423,430
7,424,435
7,497,425
7,426,427
7,428,440
7,482,429
7,431,456
7,432,433
7,434,470
7,436,439
7,437,477
7,476,438
7,452,441
7,460,442
7,444,445
7,475,446
7,447,448
7,449,451
7,450,473
7,468,453
7,454,474
7,481,455
7,457,490
7,458,494
7,459,469
7,500,461
7,462,463
7,464,465
7,466,489
7,488,467
7,483,471
7,493,472
7,478,487
7,491,479
7,492,480
7,484,496
7,486,485
7,495,501
7,498,499
7,523,502
7,504,503
7,510,505
7,506,508
7,527,507
7,516,509
7,522,511
7,512,526
7,513,519
7,521,514
7,515,520
7,517,518
7,524,525
7,528,538
7,583,529
7,562,530
7,531,539
7,532,533
7,534,551
7,535,536
7,537,545
7,540,555
7,543,541
7,550,542
7,544,547
7,546,552
7,548,575
7,570,549
7,553,554
7,566,556
7,557,558
7,559,568
7,560,565
7,576,561
7,572,563
7,564,578
7,567,577
7,571,569
7,573,574
7,579,582
7,581,580
7,588,584
7,585,597
7,586,595
7,587,593
7,594,589
7,617,590
7,591,600
7,607,592
7,602,596
7,598,609
7,599,608
7,601,612
7,626,603
7,604,623
7,618,605
7,606,616
7,622,610
7,611,627
7,613,614
7,624,615
7,621,619
7,625,620
7,628,646
7,631,629
7,640,630
7,636,632
7,633,637
7,634,638
7,647,635
7,639,645
7,649,641
7,642,644
7,648,643
7,650,669
7,654,651
7,657,652
7,653,670
7,675,655
7,668,656
7,658,694
7,677,659
7,660,664
7,667,661
7,662,663
7,665,686
7,666,671
7,672,674
7,692,673
7,678,676
7,679,695
7,684,680
7,683,681
7,682,691
7,689,685
7,687,690
7,693,688
7,702,696
7,697,707
7,722,698
7,699,737
7,700,708
7,709,701
7,706,703
7,718,704
7,705,728
7,710,720
7,739,711
7,712,730
7,714,713
7,725,715
7,716,729
7,717,732
7,734,719
7,721,738
7,724,723
7,731,726
7,727,733
7,736,735
7,740,742
7,741,746
7,750,743
7,744,745
7,754,747
7,748,751
7,752,749
7,755,753
7,756,767
7,757,762
7,766,758
7,764,759
7,760,765
7,783,761
7,763,779
7,770,768
7,769,785
7,771,784
7,772,787
7,773,780
7,774,778
7,775,786
7,776,782
7,777,781
7,803,788
7,801,789
7,790,794
7,791,795
7,811,792
7,793,798
7,796,808
7,797,800
7,799,805
7,813,802
7,814,804
7,816,806
7,807,810
7,812,809
7,817,815
8,0,8
8,1,7
8,2,11
8,6,3
8,4,5
8,13,9
8,10,12
8,14,19
8,20,15
8,16,18
8,21,17
8,22,23
8,24,55
8,25,93
8,26,88
8,59,27
8,53,28
8,79,29
8,30,33
8,31,32
8,34,39
8,35,62
8,36,85
8,86,37
8,38,45
8,40,47
8,46,41
8,42,44
8,43,57
8,48,54
8,49,51
8,56,50
8,52,90
8,58,60
8,66,61
8,63,69
8,64,67
8,75,65
8,68,74
8,76,70
8,71,77
8,84,72
8,73,83
8,81,78
8,87,80
8,92,82
8,91,89
8,95,94
8,96,152
8,97,129
8,114,98
8,108,99
8,100,101
8,109,102
8,103,111
8,104,117
8,150,105
8,116,106
8,181,107
8,110,161
8,158,112
8,122,113
8,134,115
8,118,140
8,120,119
8,176,121
8,125,123
8,124,151
8,126,127
8,146,128
8,143,130
8,131,144
8,132,169
8,133,142
8,135,156
8,163,136
8,167,137
8,138,170
8,139,155
8,141,145
8,147,154
8,149,148
8,157,153
8,159,160
8,166,162
8,164,179
8,165,174
8,168,171
8,180,172
8,175,173
8,178,177
8,191,182
8,190,183
8,186,184
8,187,185
8,188,189
8,192,193
8,194,199
8,195,209
8,233,196
8,198,197
8,200,215
8,201,205
8,230,202
8,213,203
8,204,214
8,206,207
8,212,208
8,210,211
8,216,237
8,217,227
8,238,218
8,219,224
8,220,236
8,221,222
8,225,223
8,226,239
8,228,234
8,235,229
8,232,231
8,260,240
8,242,241
8,277,243
8,244,270
8,250,245
8,246,253
8,247,248
8,249,255
8,259,251
8,252,276
8,271,254
8,261,256
8,257,258
8,262,269
8,263,294
8,264,266
8,265,280
8,268,267
8,273,272
8,274,293
8,292,275
8,278,290
8,279,283
8,281,287
8,288,282
8,285,284
8,295,286
8,289,291
8,296,306
8,297,327
8,323,298
8,305,299
8,300,324
8,301,304
8,302,303
8,322,307
8,308,309
8,310,325
8,316,311
8,312,320
8,313,317
8,314,321
8,315,326
8,319,318
8,328,330
8,329,347
8,331,417
8,332,365
8,333,367
8,414,334
8,406,335
8,341,336
8,337,338
8,340,339
8,342,405
8,343,407
8,344,345
8,346,366
8,401,348
8,349,370
8,356,350
8,354,351
8,352,355
8,353,408
8,357,373
8,358,359
8,360,361
8,362,374
8,364,363
8,371,368
8,402,369
8,377,372
8,375,420
8,376,413
8,378,391
8,411,379
8,399,380
8,383,381
8,410,382
8,419,384
8,412,385
8,388,386
8,387,390
8,389,398
8,393,392
8,394,400
8,418,395
8,416,396
8,409,397
8,403,404
8,421,415
8,422,427
8,423,444
8,432,424
8,425,426
8,441,428
8,429,443
8,430,446
8,473,431
8,433,434
8,435,462
8,436,476
8,448,437
8,438,481
8,439,452
8,440,450
8,442,451
8,445,460
8,447,456
8,454,449
8,453,459
8,455,469
8,464,457
8,471,458
8,461,486
8,463,500
8,479,465
8,487,466
8,467,484
8,468,483
8,470,498
8,494,472
8,474,475
8,477,482
8,501,478
8,480,496
8,495,485
8,493,488
8,491,489
8,490,492
8,499,497
8,507,502
8,503,505
8,506,504
8,508,522
8,509,512
8,518,510
8,511,521
8,513,515
8,520,514
8,519,516
8,526,517
8,524,523
8,525,527
8,552,528
8,538,529
8,530,563
8,583,531
8,569,532
8,533,575
8,537,534
8,539,535
8,536,550
8,541,540
8,542,543
8,554,544
8,551,545
8,547,546
8,549,548
8,571,553
8,555,573
8,556,557
8,566,558
8,581,559
8,560,561
8,562,567
8,577,564
8,565,572
8,568,579
8,574,570
8,578,576
8,582,580
8,584,624
8,590,585
8,623,586
8,612,587
8,595,588
8,589,600
8,591,609
8,592,601
8,598,593
8,597,594
8,596,603
8,610,599
8,602,626
8,614,604
8,619,605
8,606,613
8,622,607
8,608,615
8,616,611
8,627,617
8,618,625
8,620,621
8,633,628
8,629,649
8,637,630
8,638,631
8,632,639
8,635,634
8,636,648
8,642,640
8,643,641
8,645,644
8,646,647
8,676,650
8,651,693
8,652,654
8,665,653
8,655,658
8,656,667
8,671,657
8,670,659
8,661,660
8,677,662
8,664,663
8,673,666
8,668,675
8,674,669
8,672,686
8,690,678
8,694,679
8,680,683
8,685,681
8,688,682
8,684,692
8,691,687
8,695,689
8,701,696
8,703,697
8,698,707
8,699,708
8,700,702
8,704,729
8,705,722
8,713,706
8,733,709
8,710,728
8,711,712
8,730,714
8,715,718
8,726,716
8,717,727
8,720,719
8,721,731
8,737,723
8,738,724
8,725,736
8,739,732
8,735,734
8,746,740
8,743,741
8,742,752
8,747,744
8,751,745
8,754,748
8,749,755
8,753,750
8,762,756
8,766,757
8,758,760
8,759,765
8,771,761
8,764,763
8,768,767
8,770,769
8,781,772
8,774,773
8,780,775
8,777,776
8,778,779
8,782,784
8,787,783
8,785,786
8,795,788
8,789,793
8,792,790
8,811,791
8,794,796
8,798,797
8,799,803
8,800,801
8,802,816
8,815,804
8,805,813
8,810,806
8,808,807
8,809,814
8,812,817
9,6,0
9,12,1
9,2,10
9,13,3
9,11,4
9,8,5
9,7,9
9,14,23
9,15,22
9,17,16
9,21,18
9,19,20
9,59,24
9,25,79
9,32,26
9,53,27
9,28,44
9,30,29
9,50,31
9,33,49
9,34,42
9,47,35
9,36,40
9,37,85
9,39,38
9,41,43
9,45,46
9,48,86
9,51,54
9,56,52
9,55,58
9,57,60
9,88,61
9,62,87
9,95,63
9,65,64
9,69,66
9,67,91
9,94,68
9,70,72
9,71,73
9,74,75
9,76,81
9,77,84
9,82,78
9,80,93
9,83,89
9,92,90
9,134,96
9,105,97
9,98,115
9,99,114
9,160,100
9,101,181
9,102,108
9,103,120
9,119,104
9,106,177
9,107,109
9,111,110
9,113,112
9,116,126
9,117,146
9,179,118
9,175,121
9,122,125
9,123,150
9,127,124
9,140,128
9,129,133
9,130,163
9,142,131
9,155,132
9,169,135
9,136,166
9,137,147
9,138,149
9,148,139
9,172,141
9,145,143
9,144,162
9,152,151
9,153,159
9,154,167
9,156,173
9,157,178
9,161,158
9,174,164
9,168,165
9,171,170
9,176,180
9,182,187
9,183,186
9,189,184
9,185,191
9,192,188
9,193,190
9,210,194
9,233,195
9,196,206
9,207,197
9,208,198
9,199,205
9,202,200
9,232,201
9,203,204
9,230,209
9,211,212
9,214,213
9,215,216
9,224,217
9,218,227
9,219,220
9,236,221
9,222,229
9,223,238
9,228,225
9,234,226
9,237,231
9,239,235
9,291,240
9,241,244
9,293,242
9,243,250
9,255,245
9,249,246
9,256,247
9,248,260
9,251,253
9,257,252
9,254,259
9,272,258
9,261,283
9,263,262
9,264,288
9,278,265
9,266,289
9,267,286
9,268,284
9,269,279
9,270,290
9,271,273
9,274,295
9,275,285
9,276,277
9,280,281
9,287,282
9,294,292
9,321,296
9,325,297
9,298,327
9,299,322
9,307,300
9,301,302
9,303,304
9,315,305
9,324,306
9,312,308
9,309,323
9,311,310
9,313,316
9,314,320
9,318,317
9,326,319
9,368,328
9,329,378
9,330,414
9,331,339
9,367,332
9,333,391
9,334,412
9,335,401
9,336,417
9,337,366
9,338,359
9,402,340
9,342,341
9,364,343
9,347,344
9,345,358
9,373,346
9,348,365
9,363,349
9,350,352
9,351,361
9,355,353
9,408,354
9,356,357
9,362,360
9,369,406
9,371,370
9,413,372
9,407,374
9,411,375
9,405,376
9,379,377
9,380,384
9,420,381
9,382,383
9,385,393
9,396,386
9,404,387
9,398,388
9,389,416
9,390,409
9,392,397
9,395,394
9,399,418
9,400,419
9,415,403
9,410,421
9,428,422
9,459,423
9,433,424
9,427,425
9,498,426
9,429,476
9,430,438
9,431,454
9,435,432
9,497,434
9,448,436
9,482,437
9,439,477
9,440,442
9,451,441
9,443,452
9,444,453
9,469,445
9,446,449
9,481,447
9,450,475
9,487,455
9,456,460
9,457,461
9,472,458
9,462,479
9,490,463
9,489,464
9,465,499
9,466,491
9,480,467
9,471,468
9,470,495
9,473,474
9,478,500
9,483,484
9,485,492
9,486,501
9,488,494
9,496,493
9,502,504
9,523,503
9,505,507
9,522,506
9,508,524
9,518,509
9,510,513
9,514,511
9,512,517
9,527,515
9,526,516
9,525,519
9,521,520
9,528,562
9,529,551
9,552,530
9,531,536
9,532,539
9,570,533
9,545,534
9,550,535
9,547,537
9,554,538
9,540,549
9,548,541
9,542,571
9,543,544
9,546,553
9,575,555
9,556,579
9,557,581
9,558,573
9,559,566
9,568,560
9,561,577
9,563,578
9,572,564
9,580,565
9,567,576
9,569,583
9,582,574
9,584,589
9,585,607
9,609,586
9,587,597
9,588,602
9,590,625
9,603,591
9,593,592
9,594,599
9,600,595
9,626,596
9,601,598
9,604,618
9,605,617
9,608,606
9,610,612
9,615,611
9,616,613
9,624,614
9,620,619
9,621,622
9,627,623
9,649,628
9,632,629
9,630,643
9,631,648
9,646,633
9,634,636
9,644,635
9,647,637
9,639,638
9,640,645
9,641,642
9,678,650
9,657,651
9,652,658
9,653,667
9,654,671
9,666,655
9,674,656
9,659,668
9,660,662
9,661,677
9,663,670
9,686,664
9,669,665
9,675,672
9,673,693
9,676,687
9,688,679
9,680,685
9,681,691
9,690,682
9,683,692
9,689,684
9,694,695
9,696,726
9,698,697
9,702,699
9,729,700
9,708,701
9,714,703
9,715,704
9,706,705
9,707,716
9,709,724
9,713,710
9,732,711
9,712,717
9,722,718
9,719,731
9,735,720
9,736,721
9,723,738
9,734,725
9,727,739
9,728,730
9,733,737
9,740,741
9,742,754
9,747,743
9,744,746
9,745,749
9,748,750
9,755,751
9,753,752
9,761,756
9,786,757
9,779,758
9,762,759
9,760,764
9,763,768
9,765,770
9,767,766
9,769,771
9,772,774
9,773,777
9,775,782
9,784,776
9,783,778
9,785,780
9,781,787
9,788,799
9,789,800
9,790,791
9,806,792
9,795,793
9,794,808
9,796,812
9,797,810
9,816,798
9,801,803
9,805,802
9,804,809
9,807,811
9,813,815
9,814,817
