0,IP,i06
Time,Value 
540,301517
510,301518
480,301532
450,301534
420,301542
390,301551
0,357247
30,356849
60,352290
90,344966
120,344959
150,344955
180,334717
210,317045
240,314948
270,302319
300,302251
330,301865
360,301552
Final, 301517,175570

Round,H_team,A_team 
0,25,0
0,24,1
0,15,2
0,28,3
0,16,4
0,12,5
0,6,32
0,7,18
0,21,8
0,33,9
0,10,20
0,11,23
0,13,22
0,31,14
0,17,29
0,30,19
0,27,26
0,40,34
0,61,35
0,58,36
0,59,37
0,38,57
0,39,56
0,54,41
0,42,64
0,43,50
0,44,45
0,46,55
0,47,49
0,48,62
0,51,63
0,53,52
0,65,60
0,108,66
0,67,93
0,115,68
0,111,69
0,70,82
0,141,71
0,88,72
0,73,142
0,113,74
0,75,101
0,84,76
0,77,112
0,127,78
0,148,79
0,145,80
0,105,81
0,83,147
0,94,85
0,86,120
0,119,87
0,89,133
0,90,124
0,98,91
0,92,100
0,131,95
0,103,96
0,97,117
0,136,99
0,139,102
0,125,104
0,106,149
0,138,107
0,118,109
0,110,121
0,114,140
0,135,116
0,122,143
0,128,123
0,134,126
0,129,132
0,130,144
0,137,146
0,151,150
0,152,213
0,183,153
0,154,178
0,157,155
0,156,208
0,158,161
0,159,190
0,160,165
0,197,162
0,163,212
0,206,164
0,166,185
0,167,209
0,214,168
0,169,199
0,181,170
0,171,173
0,172,192
0,180,174
0,175,179
0,221,176
0,177,191
0,182,217
0,218,184
0,219,186
0,187,189
0,200,188
0,194,193
0,220,195
0,196,211
0,202,198
0,201,205
0,204,203
0,216,207
0,215,210
0,232,222
0,233,223
0,224,227
0,229,225
0,230,226
0,228,241
0,231,240
0,234,237
0,238,235
0,239,236
0,242,248
0,243,244
0,249,245
0,246,252
0,253,247
0,251,250
0,294,254
0,322,255
0,256,263
0,257,272
0,317,258
0,262,259
0,261,260
0,325,264
0,324,265
0,266,285
0,267,288
0,269,268
0,270,319
0,321,271
0,292,273
0,295,274
0,298,275
0,291,276
0,306,277
0,278,286
0,279,290
0,315,280
0,314,281
0,282,316
0,304,283
0,284,310
0,287,289
0,302,293
0,296,311
0,300,297
0,299,313
0,301,305
0,312,303
0,307,320
0,308,309
0,318,323
0,326,331
0,328,327
0,329,341
0,330,369
0,332,334
0,346,333
0,354,335
0,336,361
0,338,337
0,339,345
0,340,342
0,371,343
0,349,344
0,347,368
0,348,355
0,350,358
0,351,367
0,363,352
0,360,353
0,356,366
0,370,357
0,359,364
0,362,365
0,372,402
0,393,373
0,375,374
0,401,376
0,377,387
0,395,378
0,379,403
0,380,381
0,405,382
0,412,383
0,390,384
0,410,385
0,408,386
0,388,407
0,400,389
0,391,413
0,398,392
0,406,394
0,396,404
0,397,399
0,411,409
0,414,461
0,415,465
0,432,416
0,467,417
0,418,456
0,438,419
0,442,420
0,421,488
0,422,423
0,425,424
0,426,479
0,437,427
0,428,435
0,449,429
0,431,430
0,433,476
0,434,441
0,481,436
0,439,471
0,440,485
0,443,480
0,444,469
0,493,445
0,468,446
0,472,447
0,448,464
0,450,460
0,451,453
0,483,452
0,486,454
0,458,455
0,490,457
0,473,459
0,487,462
0,475,463
0,477,466
0,478,470
0,474,492
0,482,484
0,489,491
0,556,494
0,524,495
0,496,520
0,497,511
0,498,562
0,569,499
0,500,574
0,501,535
0,502,566
0,553,503
0,504,521
0,545,505
0,506,543
0,507,568
0,513,508
0,579,509
0,512,510
0,514,515
0,516,533
0,517,518
0,519,577
0,522,534
0,523,554
0,537,525
0,526,575
0,527,529
0,528,563
0,530,570
0,531,561
0,564,532
0,547,536
0,538,573
0,576,539
0,540,552
0,541,572
0,567,542
0,551,544
0,578,546
0,548,550
0,557,549
0,558,555
0,560,559
0,571,565
0,582,580
0,587,581
0,583,585
0,590,584
0,586,591
0,588,599
0,596,589
0,592,593
0,598,594
0,595,597
0,600,612
0,601,609
0,647,602
0,603,626
0,604,630
0,605,632
0,606,651
0,607,629
0,608,625
0,646,610
0,616,611
0,640,613
0,648,614
0,639,615
0,617,624
0,634,618
0,619,635
0,620,631
0,621,650
0,622,645
0,623,636
0,627,628
0,633,652
0,655,637
0,638,643
0,641,653
0,644,642
0,654,649
0,656,657
0,700,658
0,659,674
0,660,698
0,661,682
0,662,711
0,663,687
0,664,716
0,665,669
0,666,675
0,667,678
0,668,706
0,710,670
0,671,701
0,672,705
0,712,673
0,713,676
0,696,677
0,690,679
0,686,680
0,702,681
0,717,683
0,704,684
0,685,715
0,688,714
0,689,691
0,692,707
0,693,703
0,694,699
0,709,695
0,697,708
1,19,0
1,1,33
1,2,31
1,3,25
1,4,11
1,5,30
1,15,6
1,7,10
1,28,8
1,9,14
1,21,12
1,13,18
1,23,16
1,17,26
1,32,20
1,27,22
1,29,24
1,34,65
1,35,64
1,36,53
1,38,37
1,39,44
1,57,40
1,56,41
1,42,43
1,45,54
1,63,46
1,59,47
1,49,48
1,52,50
1,61,51
1,62,55
1,60,58
1,127,66
1,67,88
1,68,135
1,69,103
1,137,70
1,71,142
1,72,94
1,73,122
1,141,74
1,95,75
1,115,76
1,77,111
1,121,78
1,79,149
1,100,80
1,81,114
1,113,82
1,83,120
1,109,84
1,85,134
1,147,86
1,87,136
1,89,110
1,145,90
1,91,146
1,97,92
1,93,151
1,129,96
1,150,98
1,99,148
1,101,140
1,112,102
1,124,104
1,105,108
1,133,106
1,107,130
1,139,116
1,117,128
1,118,119
1,131,123
1,125,138
1,143,126
1,144,132
1,152,218
1,153,199
1,179,154
1,155,159
1,210,156
1,221,157
1,212,158
1,160,220
1,187,161
1,162,211
1,216,163
1,203,164
1,165,181
1,190,166
1,167,193
1,168,200
1,189,169
1,186,170
1,171,208
1,185,172
1,173,176
1,174,209
1,213,175
1,177,198
1,178,192
1,184,180
1,191,182
1,183,204
1,188,217
1,214,194
1,195,219
1,197,196
1,206,201
1,205,202
1,207,215
1,222,226
1,223,231
1,224,233
1,225,238
1,227,241
1,228,239
1,237,229
1,230,232
1,235,234
1,236,240
1,242,251
1,246,243
1,245,244
1,247,248
1,252,249
1,253,250
1,254,275
1,277,255
1,262,256
1,260,257
1,258,325
1,263,259
1,303,261
1,276,264
1,317,265
1,292,266
1,296,267
1,268,312
1,297,269
1,270,272
1,271,281
1,273,306
1,274,309
1,285,278
1,305,279
1,290,280
1,282,298
1,311,283
1,287,284
1,286,289
1,288,313
1,316,291
1,293,321
1,295,294
1,319,299
1,320,300
1,301,302
1,307,304
1,308,315
1,310,314
1,322,318
1,323,324
1,327,326
1,340,328
1,329,345
1,349,330
1,334,331
1,332,362
1,365,333
1,335,361
1,337,336
1,338,359
1,352,339
1,341,363
1,366,342
1,343,356
1,344,354
1,371,346
1,351,347
1,348,360
1,368,350
1,353,358
1,355,370
1,357,367
1,369,364
1,372,400
1,381,373
1,374,411
1,385,375
1,376,388
1,377,391
1,378,408
1,394,379
1,387,380
1,404,382
1,383,407
1,384,397
1,413,386
1,389,410
1,403,390
1,392,409
1,398,393
1,395,396
1,401,399
1,412,402
1,405,406
1,493,414
1,488,415
1,416,458
1,417,424
1,418,467
1,419,450
1,420,456
1,430,421
1,463,422
1,491,423
1,485,425
1,426,482
1,427,432
1,470,428
1,429,453
1,459,431
1,461,433
1,444,434
1,451,435
1,457,436
1,455,437
1,445,438
1,439,490
1,474,440
1,441,452
1,479,442
1,478,443
1,446,486
1,473,447
1,448,449
1,454,476
1,460,465
1,462,483
1,464,475
1,466,468
1,469,489
1,471,472
1,477,487
1,480,484
1,492,481
1,494,563
1,495,496
1,548,497
1,530,498
1,499,567
1,518,500
1,539,501
1,502,574
1,503,561
1,504,506
1,505,579
1,572,507
1,508,552
1,525,509
1,564,510
1,543,511
1,517,512
1,524,513
1,514,531
1,515,557
1,549,516
1,519,571
1,520,555
1,521,541
1,522,528
1,550,523
1,542,526
1,562,527
1,533,529
1,535,532
1,534,547
1,536,570
1,577,537
1,566,538
1,546,540
1,544,553
1,554,545
1,551,559
1,558,556
1,560,573
1,565,578
1,568,576
1,575,569
1,580,595
1,581,583
1,582,590
1,584,588
1,598,585
1,586,597
1,599,587
1,589,592
1,594,591
1,593,596
1,631,600
1,629,601
1,651,602
1,603,604
1,652,605
1,615,606
1,640,607
1,612,608
1,636,609
1,613,610
1,611,647
1,614,650
1,645,616
1,655,617
1,618,624
1,621,619
1,628,620
1,641,622
1,626,623
1,625,639
1,657,627
1,630,646
1,632,633
1,643,634
1,637,635
1,654,638
1,642,648
1,649,644
1,653,656
1,712,658
1,661,659
1,699,660
1,662,692
1,663,689
1,664,669
1,709,665
1,666,671
1,667,679
1,684,668
1,707,670
1,700,672
1,673,694
1,674,710
1,675,677
1,701,676
1,714,678
1,680,688
1,716,681
1,682,702
1,695,683
1,698,685
1,686,693
1,687,691
1,705,690
1,713,696
1,703,697
1,715,704
1,708,706
1,711,717
2,0,13
2,26,1
2,2,3
2,4,5
2,6,7
2,8,9
2,10,11
2,12,27
2,14,15
2,16,17
2,18,19
2,20,21
2,22,23
2,24,25
2,33,28
2,31,29
2,32,30
2,54,34
2,35,57
2,41,36
2,37,48
2,51,38
2,52,39
2,58,40
2,62,42
2,44,43
2,47,45
2,49,46
2,50,60
2,55,53
2,56,61
2,65,59
2,64,63
2,66,67
2,68,69
2,70,71
2,72,73
2,74,75
2,76,133
2,104,77
2,78,79
2,80,81
2,82,83
2,84,85
2,86,87
2,88,89
2,90,91
2,92,93
2,94,95
2,96,97
2,98,99
2,100,101
2,102,111
2,112,103
2,124,105
2,106,107
2,108,109
2,110,119
2,138,113
2,114,115
2,116,117
2,142,118
2,120,121
2,122,151
2,123,125
2,126,127
2,128,129
2,130,131
2,132,139
2,134,135
2,136,137
2,140,141
2,146,143
2,144,145
2,149,147
2,148,150
2,220,152
2,174,153
2,176,154
2,180,155
2,212,156
2,209,157
2,158,204
2,211,159
2,217,160
2,161,173
2,162,213
2,181,163
2,164,187
2,165,183
2,198,166
2,168,167
2,169,221
2,170,203
2,192,171
2,175,172
2,190,177
2,215,178
2,207,179
2,200,182
2,210,184
2,199,185
2,186,197
2,188,194
2,202,189
2,218,191
2,193,214
2,196,195
2,201,216
2,208,205
2,219,206
2,222,224
2,223,230
2,241,225
2,226,227
2,240,228
2,229,233
2,231,236
2,232,235
2,238,234
2,239,237
2,250,242
2,243,249
2,244,252
2,247,245
2,251,246
2,248,253
2,254,287
2,255,258
2,256,299
2,257,294
2,259,308
2,314,260
2,268,261
2,313,262
2,283,263
2,264,300
2,265,323
2,274,266
2,267,286
2,269,298
2,304,270
2,277,271
2,272,318
2,273,296
2,275,295
2,276,317
2,281,278
2,279,284
2,280,322
2,309,282
2,285,307
2,288,315
2,289,321
2,303,290
2,291,297
2,305,292
2,293,324
2,310,301
2,316,302
2,312,306
2,319,311
2,325,320
2,335,326
2,337,327
2,328,348
2,366,329
2,342,330
2,331,341
2,364,332
2,333,371
2,359,334
2,336,369
2,370,338
2,339,347
2,356,340
2,361,343
2,360,344
2,345,362
2,367,346
2,363,349
2,350,351
2,352,368
2,353,355
2,357,354
2,358,365
2,407,372
2,373,396
2,374,404
2,402,375
2,400,376
2,388,377
2,393,378
2,379,389
2,408,380
2,381,385
2,382,410
2,383,395
2,399,384
2,386,401
2,387,391
2,390,394
2,397,392
2,406,398
2,403,412
2,411,405
2,409,413
2,442,414
2,437,415
2,429,416
2,417,418
2,419,470
2,420,493
2,421,428
2,422,485
2,423,439
2,424,454
2,425,480
2,449,426
2,471,427
2,472,430
2,433,431
2,432,463
2,434,461
2,435,459
2,436,464
2,490,438
2,440,478
2,441,448
2,443,479
2,476,444
2,445,477
2,446,492
2,447,468
2,450,473
2,475,451
2,452,462
2,453,474
2,465,455
2,456,488
2,457,489
2,483,458
2,466,460
2,491,467
2,484,469
2,482,481
2,486,487
2,494,560
2,495,497
2,511,496
2,498,528
2,509,499
2,500,551
2,501,569
2,555,502
2,503,539
2,566,504
2,556,505
2,506,533
2,507,508
2,510,517
2,512,557
2,543,513
2,579,514
2,515,548
2,575,516
2,536,518
2,532,519
2,577,520
2,565,521
2,563,522
2,578,523
2,552,524
2,545,525
2,526,530
2,538,527
2,529,567
2,571,531
2,559,534
2,561,535
2,541,537
2,547,540
2,553,542
2,549,544
2,573,546
2,550,554
2,576,558
2,570,562
2,572,564
2,574,568
2,597,580
2,581,598
2,592,582
2,583,595
2,591,584
2,585,596
2,587,586
2,588,589
2,590,593
2,599,594
2,600,657
2,631,601
2,602,641
2,642,603
2,607,604
2,628,605
2,606,634
2,638,608
2,609,644
2,610,622
2,612,611
2,613,615
2,647,614
2,616,637
2,632,617
2,618,621
2,650,619
2,627,620
2,629,623
2,624,643
2,625,648
2,633,626
2,630,655
2,635,654
2,636,640
2,639,656
2,649,645
2,652,646
2,653,651
2,658,715
2,659,710
2,660,713
2,688,661
2,674,662
2,678,663
2,706,664
2,671,665
2,701,666
2,684,667
2,703,668
2,669,714
2,670,702
2,672,711
2,704,673
2,692,675
2,676,712
2,677,708
2,679,705
2,697,680
2,681,682
2,683,709
2,685,700
2,699,686
2,687,696
2,716,689
2,691,690
2,707,693
2,695,694
2,717,698
3,0,2
3,1,14
3,12,3
3,9,4
3,5,7
3,11,6
3,8,10
3,13,15
3,16,18
3,17,19
3,20,22
3,21,23
3,24,26
3,25,27
3,28,31
3,29,32
3,30,33
3,53,34
3,39,35
3,55,36
3,37,49
3,38,47
3,40,56
3,41,52
3,42,59
3,43,54
3,46,44
3,45,58
3,48,60
3,61,50
3,64,51
3,57,65
3,63,62
3,66,68
3,67,69
3,70,72
3,71,73
3,74,84
3,75,77
3,134,76
3,78,80
3,79,81
3,82,136
3,83,85
3,86,88
3,87,89
3,90,92
3,91,93
3,94,109
3,95,97
3,107,96
3,98,100
3,99,101
3,102,144
3,103,125
3,151,104
3,122,105
3,106,108
3,110,112
3,111,113
3,114,116
3,115,117
3,118,120
3,119,121
3,123,124
3,126,128
3,127,129
3,130,132
3,131,133
3,135,137
3,138,140
3,139,141
3,142,150
3,143,145
3,147,146
3,149,148
3,152,210
3,153,169
3,154,180
3,191,155
3,156,218
3,157,219
3,179,158
3,159,202
3,160,190
3,178,161
3,172,162
3,163,174
3,164,186
3,166,165
3,167,170
3,209,168
3,171,221
3,173,201
3,200,175
3,176,187
3,177,216
3,213,181
3,182,193
3,184,183
3,195,185
3,220,188
3,189,192
3,194,199
3,196,208
3,198,197
3,203,207
3,204,211
3,206,205
3,217,212
3,214,215
3,225,222
3,235,223
3,231,224
3,233,226
3,230,227
3,238,228
3,234,229
3,236,232
3,237,241
3,240,239
3,245,242
3,252,243
3,244,246
3,251,247
3,250,248
3,249,253
3,292,254
3,309,255
3,266,256
3,257,258
3,259,264
3,260,303
3,261,288
3,299,262
3,263,297
3,265,322
3,267,273
3,300,268
3,290,269
3,270,280
3,304,271
3,321,272
3,275,274
3,295,276
3,313,277
3,278,319
3,311,279
3,323,281
3,294,282
3,283,293
3,284,317
3,306,285
3,308,286
3,318,287
3,291,289
3,320,296
3,298,305
3,324,301
3,302,310
3,312,307
3,314,316
3,315,325
3,326,363
3,327,360
3,342,328
3,346,329
3,330,335
3,331,339
3,345,332
3,355,333
3,334,366
3,336,349
3,362,337
3,343,338
3,341,340
3,344,358
3,347,353
3,361,348
3,356,350
3,354,351
3,371,352
3,364,357
3,370,359
3,365,367
3,368,369
3,372,374
3,401,373
3,375,406
3,376,387
3,377,404
3,389,378
3,411,379
3,380,400
3,382,381
3,413,383
3,412,384
3,399,385
3,386,388
3,390,398
3,391,402
3,392,394
3,396,393
3,408,395
3,410,397
3,405,403
3,409,407
3,414,419
3,415,457
3,416,447
3,468,417
3,418,465
3,423,420
3,421,446
3,422,477
3,436,424
3,489,425
3,426,443
3,427,484
3,428,437
3,474,429
3,430,466
3,431,445
3,432,482
3,480,433
3,485,434
3,487,435
3,438,475
3,439,472
3,440,463
3,473,441
3,459,442
3,455,444
3,452,448
3,453,449
3,451,450
3,454,483
3,461,456
3,458,478
3,488,460
3,462,470
3,464,486
3,467,493
3,469,471
3,476,490
3,492,479
3,481,491
3,516,494
3,578,495
3,496,514
3,497,577
3,499,498
3,500,512
3,501,572
3,569,502
3,533,503
3,504,541
3,505,543
3,513,506
3,507,571
3,560,508
3,509,517
3,510,549
3,547,511
3,540,515
3,518,532
3,568,519
3,520,566
3,521,556
3,525,522
3,523,576
3,524,539
3,563,526
3,527,570
3,528,529
3,554,530
3,531,552
3,534,565
3,535,579
3,567,536
3,537,548
3,559,538
3,542,545
3,544,546
3,574,550
3,551,562
3,553,575
3,555,573
3,557,558
3,564,561
3,580,592
3,591,581
3,586,582
3,594,583
3,584,587
3,585,590
3,596,588
3,589,599
3,593,597
3,595,598
3,651,600
3,601,636
3,637,602
3,656,603
3,604,628
3,605,630
3,626,606
3,607,625
3,608,618
3,615,609
3,620,610
3,611,627
3,655,612
3,623,613
3,634,614
3,616,649
3,617,638
3,619,652
3,621,641
3,622,654
3,650,624
3,647,629
3,633,631
3,644,632
3,635,642
3,648,639
3,657,640
3,643,653
3,646,645
3,705,658
3,659,669
3,660,666
3,702,661
3,710,662
3,714,663
3,664,701
3,665,679
3,711,667
3,668,674
3,694,670
3,671,691
3,712,672
3,693,673
3,675,697
3,676,717
3,677,716
3,678,703
3,680,692
3,681,704
3,682,706
3,683,707
3,700,684
3,685,713
3,686,709
3,690,687
3,689,688
3,708,695
3,696,715
3,698,699
4,6,0
4,1,2
4,3,4
4,5,8
4,7,9
4,10,12
4,11,13
4,14,16
4,15,17
4,18,20
4,19,21
4,22,24
4,23,25
4,26,28
4,27,31
4,29,30
4,32,33
4,34,48
4,62,35
4,36,45
4,47,37
4,59,38
4,60,39
4,40,42
4,51,41
4,43,46
4,44,53
4,49,61
4,50,55
4,52,63
4,54,64
4,56,65
4,57,58
4,150,66
4,67,68
4,69,70
4,71,136
4,72,74
4,73,75
4,76,78
4,77,79
4,80,82
4,81,83
4,84,86
4,85,87
4,88,90
4,89,91
4,92,122
4,93,95
4,120,94
4,96,98
4,97,99
4,100,102
4,101,103
4,104,106
4,105,107
4,108,143
4,109,110
4,111,138
4,112,144
4,113,115
4,141,114
4,116,118
4,117,119
4,121,123
4,124,126
4,125,127
4,128,130
4,129,131
4,132,134
4,133,135
4,137,139
4,140,142
4,145,148
4,146,149
4,151,147
4,207,152
4,178,153
4,191,154
4,155,190
4,156,196
4,187,157
4,221,158
4,162,159
4,210,160
4,211,161
4,163,167
4,193,164
4,197,165
4,166,200
4,168,201
4,183,169
4,170,209
4,204,171
4,172,198
4,173,206
4,192,174
4,175,214
4,216,176
4,208,177
4,182,179
4,213,180
4,181,219
4,188,184
4,185,194
4,215,186
4,203,189
4,195,218
4,199,217
4,202,220
4,205,212
4,222,235
4,223,238
4,224,234
4,225,231
4,226,241
4,227,233
4,228,237
4,229,239
4,236,230
4,232,240
4,242,252
4,253,243
4,248,244
4,245,251
4,246,249
4,247,250
4,305,254
4,255,259
4,258,256
4,322,257
4,296,260
4,297,261
4,262,283
4,308,263
4,295,264
4,320,265
4,272,266
4,268,267
4,316,269
4,301,270
4,271,292
4,273,274
4,285,275
4,286,276
4,277,291
4,282,278
4,315,279
4,280,303
4,281,312
4,311,284
4,287,299
4,288,314
4,289,302
4,290,325
4,293,313
4,324,294
4,319,298
4,300,318
4,321,304
4,307,306
4,317,309
4,310,323
4,354,326
4,327,365
4,328,361
4,329,331
4,351,330
4,332,346
4,340,333
4,334,370
4,335,336
4,359,337
4,338,342
4,339,360
4,352,341
4,363,343
4,366,344
4,349,345
4,355,347
4,348,364
4,350,357
4,369,353
4,367,356
4,358,368
4,362,371
4,373,372
4,374,381
4,383,375
4,410,376
4,385,377
4,378,382
4,400,379
4,403,380
4,384,388
4,405,386
4,387,409
4,389,390
4,395,391
4,393,392
4,394,411
4,406,396
4,402,397
4,398,413
4,412,399
4,407,401
4,404,408
4,488,414
4,428,415
4,480,416
4,417,447
4,470,418
4,419,439
4,420,489
4,435,421
4,475,422
4,482,423
4,424,471
4,425,426
4,427,438
4,450,429
4,491,430
4,431,436
4,484,432
4,490,433
4,486,434
4,437,452
4,448,440
4,485,441
4,469,442
4,462,443
4,444,464
4,445,458
4,446,476
4,449,451
4,472,453
4,477,454
4,455,457
4,479,456
4,459,481
4,460,467
4,461,466
4,463,492
4,465,473
4,487,468
4,478,474
4,493,483
4,494,532
4,495,550
4,496,542
4,508,497
4,498,531
4,570,499
4,540,500
4,514,501
4,502,568
4,541,503
4,577,504
4,505,507
4,516,506
4,560,509
4,562,510
4,511,574
4,549,512
4,513,559
4,571,515
4,517,521
4,579,518
4,519,543
4,520,565
4,522,551
4,536,523
4,558,524
4,525,567
4,572,526
4,527,564
4,573,528
4,529,555
4,530,578
4,539,533
4,561,534
4,557,535
4,537,553
4,538,554
4,544,547
4,548,545
4,546,556
4,552,566
4,569,563
4,576,575
4,588,580
4,584,581
4,582,595
4,583,590
4,589,585
4,594,586
4,587,592
4,599,591
4,598,593
4,597,596
4,600,646
4,614,601
4,606,602
4,603,622
4,604,647
4,625,605
4,636,607
4,645,608
4,609,620
4,610,633
4,611,653
4,612,637
4,613,656
4,615,630
4,640,616
4,617,634
4,618,655
4,619,638
4,629,621
4,623,635
4,624,644
4,648,626
4,641,627
4,632,628
4,631,650
4,649,639
4,642,652
4,657,643
4,654,651
4,658,659
4,705,660
4,661,689
4,662,694
4,663,691
4,664,685
4,665,681
4,666,679
4,667,680
4,668,704
4,669,687
4,670,693
4,714,671
4,672,690
4,673,708
4,674,699
4,675,683
4,698,676
4,713,677
4,682,678
4,703,684
4,711,686
4,715,688
4,706,692
4,695,707
4,701,696
4,697,702
4,717,700
4,709,710
4,716,712
5,0,3
5,6,1
5,2,5
5,4,7
5,8,11
5,9,10
5,12,15
5,13,16
5,14,30
5,33,17
5,18,21
5,19,20
5,22,25
5,23,24
5,26,29
5,28,27
5,31,32
5,34,49
5,35,52
5,63,36
5,37,61
5,38,55
5,39,57
5,64,40
5,41,42
5,51,43
5,65,44
5,53,45
5,46,47
5,48,54
5,58,50
5,60,56
5,59,62
5,66,69
5,72,67
5,68,71
5,70,73
5,74,83
5,75,76
5,85,77
5,78,81
5,79,82
5,80,110
5,84,87
5,108,86
5,88,91
5,89,90
5,92,95
5,93,94
5,96,99
5,97,98
5,100,111
5,101,102
5,150,103
5,104,107
5,105,106
5,109,126
5,112,115
5,113,114
5,116,119
5,117,118
5,120,123
5,121,122
5,124,127
5,125,147
5,128,131
5,129,130
5,132,135
5,133,134
5,136,139
5,137,138
5,140,143
5,141,142
5,144,151
5,145,149
5,148,146
5,152,203
5,153,187
5,154,213
5,158,155
5,189,156
5,157,168
5,159,160
5,161,208
5,214,162
5,165,163
5,164,177
5,171,166
5,181,167
5,169,204
5,170,179
5,217,172
5,215,173
5,174,182
5,186,175
5,176,199
5,180,178
5,183,216
5,206,184
5,221,185
5,198,188
5,190,200
5,205,191
5,192,197
5,219,193
5,220,194
5,201,195
5,218,196
5,209,202
5,212,207
5,210,211
5,239,222
5,223,228
5,235,224
5,232,225
5,226,240
5,227,237
5,238,229
5,230,234
5,241,231
5,233,236
5,242,247
5,243,250
5,244,249
5,246,245
5,252,248
5,251,253
5,254,291
5,255,317
5,256,310
5,313,257
5,258,259
5,260,315
5,261,322
5,309,262
5,263,265
5,264,282
5,266,275
5,267,312
5,268,314
5,269,270
5,271,295
5,272,285
5,318,273
5,274,320
5,276,306
5,277,297
5,278,289
5,279,324
5,280,304
5,281,293
5,305,283
5,284,290
5,303,286
5,287,321
5,288,316
5,292,308
5,294,301
5,298,296
5,299,311
5,302,300
5,325,307
5,323,319
5,326,355
5,352,327
5,328,359
5,329,354
5,330,358
5,360,331
5,366,332
5,333,341
5,367,334
5,343,335
5,353,336
5,337,351
5,365,338
5,371,339
5,347,340
5,342,363
5,364,344
5,356,345
5,346,362
5,350,348
5,357,349
5,361,369
5,370,368
5,413,372
5,373,410
5,409,374
5,375,411
5,376,385
5,377,408
5,378,404
5,379,390
5,380,393
5,381,401
5,382,402
5,391,383
5,407,384
5,386,400
5,387,398
5,388,392
5,395,389
5,394,403
5,396,412
5,397,405
5,399,406
5,435,414
5,467,415
5,490,416
5,472,417
5,423,418
5,448,419
5,420,474
5,460,421
5,422,480
5,424,469
5,425,459
5,453,426
5,434,427
5,479,428
5,429,463
5,430,455
5,465,431
5,483,432
5,433,485
5,436,458
5,441,437
5,438,477
5,439,489
5,471,440
5,442,462
5,443,461
5,444,446
5,454,445
5,447,475
5,457,449
5,452,450
5,476,451
5,456,486
5,481,464
5,466,488
5,478,468
5,491,470
5,473,482
5,484,493
5,492,487
5,539,494
5,543,495
5,497,496
5,498,579
5,545,499
5,530,500
5,550,501
5,502,537
5,503,544
5,571,504
5,506,505
5,573,507
5,508,549
5,526,509
5,510,560
5,542,511
5,512,525
5,555,513
5,578,514
5,515,529
5,556,516
5,517,548
5,518,520
5,562,519
5,521,538
5,567,522
5,523,574
5,533,524
5,532,527
5,528,569
5,531,577
5,570,534
5,535,558
5,563,536
5,568,540
5,541,553
5,565,546
5,554,547
5,551,572
5,552,557
5,575,559
5,561,576
5,566,564
5,590,580
5,581,594
5,582,598
5,593,583
5,596,584
5,592,585
5,586,588
5,587,595
5,591,589
5,597,599
5,641,600
5,601,645
5,602,607
5,638,603
5,620,604
5,605,606
5,608,656
5,609,610
5,626,611
5,640,612
5,628,613
5,624,614
5,655,615
5,646,616
5,637,617
5,622,618
5,644,619
5,621,654
5,630,623
5,643,625
5,627,631
5,632,629
5,639,633
5,634,635
5,636,651
5,649,642
5,647,650
5,652,648
5,653,657
5,658,682
5,678,659
5,693,660
5,706,661
5,707,662
5,708,663
5,691,664
5,688,665
5,704,666
5,667,668
5,669,686
5,709,670
5,681,671
5,687,672
5,676,673
5,674,716
5,710,675
5,677,680
5,679,703
5,696,683
5,684,685
5,692,689
5,690,712
5,694,714
5,699,695
5,701,697
5,713,698
5,700,705
5,702,717
5,715,711
6,0,4
6,1,5
6,2,6
6,3,7
6,15,8
6,9,12
6,10,27
6,11,14
6,24,13
6,16,19
6,17,18
6,20,23
6,21,22
6,25,26
6,32,28
6,33,29
6,30,31
6,46,34
6,43,35
6,36,40
6,37,39
6,42,38
6,41,62
6,56,44
6,45,51
6,50,47
6,52,48
6,49,53
6,55,54
6,57,59
6,58,64
6,61,60
6,63,65
6,66,133
6,134,67
6,68,72
6,69,73
6,149,70
6,74,71
6,81,75
6,76,79
6,77,80
6,78,101
6,82,85
6,83,84
6,86,89
6,87,88
6,90,93
6,91,92
6,94,97
6,95,96
6,98,151
6,99,100
6,102,105
6,103,104
6,106,109
6,107,108
6,110,113
6,111,112
6,114,117
6,115,116
6,118,121
6,119,120
6,122,125
6,123,137
6,130,124
6,126,129
6,127,128
6,131,132
6,135,136
6,138,141
6,139,140
6,142,145
6,143,144
6,146,150
6,147,148
6,153,152
6,185,154
6,155,219
6,156,192
6,179,157
6,213,158
6,196,159
6,160,214
6,161,180
6,162,221
6,177,163
6,164,182
6,167,165
6,166,201
6,191,168
6,173,169
6,211,170
6,193,171
6,172,212
6,186,174
6,175,220
6,203,176
6,195,178
6,184,181
6,198,183
6,187,190
6,188,202
6,189,215
6,194,204
6,199,197
6,200,217
6,218,205
6,216,206
6,207,209
6,208,210
6,237,222
6,234,223
6,224,232
6,225,226
6,231,227
6,228,230
6,235,229
6,240,233
6,236,238
6,241,239
6,249,242
6,243,245
6,250,244
6,253,246
6,252,247
6,248,251
6,282,254
6,273,255
6,317,256
6,257,277
6,321,258
6,259,318
6,265,260
6,296,261
6,307,262
6,266,263
6,264,313
6,314,267
6,298,268
6,269,279
6,270,293
6,302,271
6,315,272
6,274,292
6,275,276
6,278,310
6,300,280
6,316,281
6,283,285
6,323,284
6,286,294
6,311,287
6,289,288
6,290,295
6,291,301
6,297,299
6,304,303
6,306,305
6,319,308
6,324,309
6,312,325
6,320,322
6,326,339
6,336,327
6,358,328
6,334,329
6,330,337
6,331,354
6,368,332
6,333,370
6,335,338
6,344,340
6,341,343
6,342,350
6,345,353
6,346,365
6,347,356
6,348,352
6,349,371
6,351,364
6,355,367
6,357,359
6,363,360
6,361,366
6,369,362
6,372,379
6,411,373
6,374,412
6,375,405
6,376,380
6,406,377
6,388,378
6,402,381
6,413,382
6,384,383
6,385,395
6,404,386
6,408,387
6,389,394
6,390,400
6,409,391
6,392,399
6,393,407
6,410,396
6,403,397
6,401,398
6,414,428
6,415,483
6,416,423
6,417,430
6,418,485
6,449,419
6,421,420
6,493,422
6,433,424
6,467,425
6,426,448
6,427,491
6,480,429
6,431,486
6,432,454
6,458,434
6,456,435
6,470,436
6,481,437
6,459,438
6,468,439
6,440,479
6,441,442
6,443,476
6,447,444
6,489,445
6,446,472
6,450,487
6,451,473
6,452,453
6,463,455
6,482,457
6,461,460
6,492,462
6,464,484
6,466,465
6,469,475
6,471,478
6,474,490
6,488,477
6,511,494
6,576,495
6,532,496
6,516,497
6,548,498
6,499,573
6,500,526
6,501,557
6,553,502
6,503,562
6,504,552
6,505,515
6,506,554
6,507,527
6,538,508
6,509,543
6,559,510
6,519,512
6,513,531
6,546,514
6,528,517
6,547,518
6,533,520
6,544,521
6,545,522
6,540,523
6,524,549
6,525,560
6,529,530
6,534,571
6,535,541
6,536,558
6,537,550
6,572,539
6,577,542
6,564,551
6,555,563
6,569,556
6,565,561
6,566,568
6,575,567
6,574,570
6,579,578
6,580,581
6,594,582
6,596,583
6,584,593
6,585,586
6,591,587
6,588,597
6,589,598
6,599,590
6,595,592
6,625,600
6,601,627
6,602,622
6,635,603
6,604,640
6,605,609
6,607,606
6,608,624
6,610,618
6,611,620
6,612,647
6,645,613
6,614,653
6,615,641
6,616,621
6,617,619
6,648,623
6,626,630
6,651,628
6,633,629
6,652,631
6,656,632
6,634,638
6,657,636
6,646,637
6,639,642
6,643,644
6,650,649
6,654,655
6,668,658
6,659,692
6,660,716
6,661,664
6,663,662
6,665,713
6,666,676
6,683,667
6,691,669
6,670,701
6,671,698
6,672,674
6,673,707
6,675,687
6,699,677
6,711,678
6,679,695
6,680,715
6,705,681
6,689,682
6,684,690
6,685,688
6,686,710
6,694,693
6,696,709
6,697,706
6,703,700
6,714,702
6,712,704
6,708,717
7,7,0
7,1,4
7,8,2
7,3,6
7,5,33
7,15,9
7,10,14
7,11,12
7,13,17
7,31,16
7,18,22
7,19,23
7,20,24
7,21,25
7,26,30
7,27,32
7,29,28
7,44,34
7,48,35
7,36,50
7,64,37
7,38,53
7,39,41
7,40,65
7,42,45
7,60,43
7,61,46
7,47,52
7,56,49
7,51,58
7,54,59
7,55,63
7,62,57
7,81,66
7,67,70
7,75,68
7,69,115
7,71,88
7,141,72
7,73,82
7,140,74
7,76,80
7,77,78
7,79,83
7,84,133
7,85,95
7,86,99
7,87,91
7,89,112
7,100,90
7,92,96
7,93,97
7,94,98
7,101,105
7,102,106
7,103,107
7,137,104
7,108,144
7,109,113
7,110,114
7,111,145
7,116,120
7,117,121
7,118,122
7,119,123
7,124,128
7,125,129
7,126,130
7,127,131
7,132,136
7,134,138
7,135,139
7,142,146
7,143,147
7,151,148
7,149,150
7,152,181
7,163,153
7,154,194
7,155,196
7,165,156
7,157,164
7,158,173
7,159,201
7,209,160
7,168,161
7,205,162
7,208,166
7,214,167
7,202,169
7,207,170
7,216,171
7,204,172
7,174,175
7,176,218
7,192,177
7,178,198
7,185,179
7,180,220
7,182,189
7,183,200
7,184,213
7,195,186
7,206,187
7,210,188
7,190,217
7,191,199
7,197,193
7,203,215
7,211,219
7,212,221
7,222,238
7,226,223
7,228,224
7,233,225
7,227,240
7,229,230
7,237,231
7,232,241
7,234,236
7,239,235
7,246,242
7,248,243
7,253,244
7,245,250
7,247,249
7,251,252
7,296,254
7,255,278
7,256,323
7,308,257
7,258,314
7,259,280
7,260,282
7,261,311
7,262,302
7,286,263
7,267,264
7,268,265
7,309,266
7,300,269
7,303,270
7,271,274
7,287,272
7,276,273
7,294,275
7,283,277
7,279,298
7,299,281
7,284,325
7,285,292
7,301,288
7,289,320
7,317,290
7,291,305
7,293,319
7,295,307
7,321,297
7,318,304
7,310,306
7,313,312
7,316,315
7,322,324
7,358,326
7,327,349
7,354,328
7,329,333
7,344,330
7,340,331
7,332,351
7,334,363
7,339,335
7,362,336
7,352,337
7,338,355
7,341,357
7,369,342
7,343,353
7,345,361
7,356,346
7,350,347
7,359,348
7,360,371
7,364,368
7,365,366
7,367,370
7,372,384
7,373,389
7,379,374
7,387,375
7,377,376
7,412,378
7,380,413
7,381,411
7,382,388
7,383,403
7,385,407
7,386,393
7,402,390
7,391,392
7,400,394
7,405,395
7,396,401
7,397,406
7,398,408
7,399,409
7,404,410
7,414,421
7,415,456
7,416,488
7,422,417
7,424,418
7,419,446
7,437,420
7,484,423
7,429,425
7,473,426
7,427,483
7,428,433
7,485,430
7,431,434
7,462,432
7,479,435
7,454,436
7,458,438
7,439,443
7,477,440
7,476,441
7,448,442
7,444,461
7,445,451
7,469,447
7,455,449
7,493,450
7,463,452
7,478,453
7,487,457
7,459,471
7,486,460
7,464,474
7,468,465
7,472,466
7,470,467
7,475,482
7,480,481
7,489,492
7,490,491
7,494,513
7,495,575
7,496,579
7,510,497
7,509,498
7,499,532
7,549,500
7,501,556
7,502,517
7,526,503
7,504,505
7,551,506
7,522,507
7,508,562
7,560,511
7,539,512
7,514,533
7,515,568
7,553,516
7,518,567
7,574,519
7,520,550
7,521,564
7,523,548
7,524,535
7,542,525
7,527,545
7,557,528
7,529,540
7,546,530
7,531,565
7,534,554
7,541,536
7,537,566
7,538,555
7,543,547
7,544,577
7,570,552
7,558,571
7,576,559
7,563,561
7,578,569
7,573,572
7,580,586
7,581,585
7,582,584
7,583,591
7,587,590
7,593,588
7,597,589
7,592,594
7,595,599
7,598,596
7,600,608
7,655,601
7,644,602
7,603,647
7,651,604
7,633,605
7,606,611
7,627,607
7,609,643
7,631,610
7,657,612
7,613,632
7,614,615
7,616,626
7,642,617
7,618,646
7,619,640
7,620,639
7,621,649
7,622,650
7,623,625
7,624,645
7,628,634
7,629,637
7,641,630
7,635,652
7,636,638
7,656,648
7,653,654
7,661,658
7,660,659
7,662,679
7,663,705
7,664,665
7,690,666
7,667,699
7,700,668
7,669,678
7,715,670
7,672,671
7,673,692
7,674,685
7,682,675
7,676,680
7,677,684
7,681,696
7,706,683
7,698,686
7,693,687
7,688,701
7,689,714
7,716,691
7,710,694
7,695,703
7,697,709
7,702,711
7,713,704
7,707,708
7,717,712
8,0,15
8,28,1
8,27,2
8,19,3
8,4,31
8,5,11
8,6,18
8,12,7
8,33,8
8,22,9
8,25,10
8,14,13
8,30,16
8,23,17
8,29,20
8,24,21
8,32,26
8,34,58
8,35,54
8,37,36
8,60,38
8,59,39
8,40,51
8,44,41
8,57,42
8,43,63
8,45,55
8,65,46
8,48,47
8,50,49
8,52,62
8,53,56
8,64,61
8,85,66
8,121,67
8,132,68
8,151,69
8,70,135
8,71,149
8,72,118
8,73,100
8,97,74
8,75,134
8,148,76
8,128,77
8,78,122
8,79,143
8,80,83
8,91,81
8,82,108
8,120,84
8,136,86
8,101,87
8,88,116
8,95,89
8,90,139
8,113,92
8,104,93
8,133,94
8,96,131
8,98,102
8,99,110
8,123,103
8,105,142
8,106,124
8,107,141
8,138,109
8,129,111
8,112,137
8,147,114
8,115,119
8,150,117
8,144,125
8,145,126
8,130,127
8,146,140
8,163,152
8,153,203
8,154,192
8,220,155
8,171,156
8,157,218
8,169,158
8,187,159
8,160,183
8,161,195
8,196,162
8,179,164
8,165,205
8,166,167
8,204,168
8,170,198
8,172,189
8,173,208
8,174,188
8,175,197
8,176,209
8,177,214
8,178,191
8,181,180
8,221,182
8,193,184
8,212,185
8,200,186
8,190,210
8,194,207
8,199,216
8,201,202
8,217,206
8,215,211
8,219,213
8,240,222
8,223,225
8,229,224
8,226,228
8,227,232
8,230,239
8,238,231
8,233,237
8,241,234
8,236,235
8,242,253
8,247,243
8,244,251
8,252,245
8,250,246
8,249,248
8,254,271
8,255,312
8,256,257
8,258,307
8,319,259
8,279,260
8,261,316
8,269,262
8,263,317
8,264,309
8,265,301
8,266,308
8,292,267
8,294,268
8,299,270
8,272,295
8,277,273
8,274,323
8,275,290
8,278,276
8,280,298
8,281,287
8,310,282
8,288,283
8,284,289
8,285,291
8,297,286
8,293,320
8,313,296
8,306,300
8,303,302
8,322,304
8,305,321
8,311,318
8,325,314
8,315,324
8,337,326
8,327,363
8,328,345
8,371,329
8,330,356
8,331,369
8,333,332
8,339,334
8,335,367
8,347,336
8,338,361
8,368,340
8,365,341
8,342,346
8,343,344
8,348,351
8,349,354
8,353,350
8,359,352
8,355,364
8,357,358
8,370,360
8,366,362
8,395,372
8,373,374
8,407,375
8,392,376
8,381,377
8,378,385
8,379,406
8,380,389
8,411,382
8,398,383
8,384,405
8,396,386
8,390,387
8,410,388
8,397,391
8,394,393
8,399,404
8,403,400
8,401,402
8,408,409
8,413,412
8,420,414
8,425,415
8,426,416
8,466,417
8,454,418
8,430,419
8,453,421
8,424,422
8,423,441
8,460,427
8,450,428
8,429,448
8,471,431
8,447,432
8,434,433
8,435,455
8,436,492
8,438,437
8,476,439
8,440,480
8,442,468
8,443,484
8,488,444
8,457,445
8,446,470
8,449,463
8,451,478
8,474,452
8,456,464
8,486,458
8,487,459
8,475,461
8,462,473
8,465,467
8,477,469
8,491,472
8,482,479
8,481,489
8,483,490
8,485,493
8,494,502
8,495,507
8,539,496
8,497,560
8,498,575
8,522,499
8,500,545
8,564,501
8,503,504
8,554,505
8,514,506
8,508,543
8,518,509
8,532,510
8,511,570
8,512,544
8,526,513
8,577,515
8,516,520
8,517,576
8,519,538
8,521,546
8,535,523
8,567,524
8,552,525
8,559,527
8,566,528
8,562,529
8,530,533
8,531,549
8,563,534
8,540,536
8,572,537
8,548,541
8,550,542
8,571,547
8,556,551
8,561,553
8,557,555
8,558,565
8,568,578
8,573,569
8,579,574
8,589,580
8,581,597
8,591,582
8,583,587
8,584,594
8,585,593
8,586,598
8,588,595
8,590,596
8,592,599
8,600,644
8,610,601
8,602,643
8,603,652
8,604,615
8,645,605
8,606,656
8,607,657
8,608,611
8,609,651
8,631,612
8,613,619
8,646,614
8,639,616
8,647,617
8,637,618
8,629,620
8,638,621
8,622,635
8,624,623
8,626,625
8,640,627
8,648,628
8,630,633
8,632,641
8,634,636
8,654,642
8,649,655
8,650,653
8,658,681
8,704,659
8,709,660
8,683,661
8,662,708
8,684,663
8,692,664
8,665,667
8,666,703
8,671,668
8,679,669
8,670,673
8,675,672
8,693,674
8,685,676
8,717,677
8,678,712
8,680,696
8,695,682
8,686,689
8,687,700
8,688,702
8,716,690
8,691,697
8,698,694
8,699,713
8,701,714
8,705,715
8,711,706
8,707,710
9,26,0
9,25,1
9,2,33
9,3,27
9,4,15
9,9,5
9,20,6
9,7,24
9,8,13
9,22,10
9,17,11
9,23,12
9,14,28
9,16,29
9,18,32
9,31,19
9,30,21
9,34,42
9,35,37
9,36,43
9,50,38
9,55,39
9,63,40
9,41,57
9,49,44
9,45,48
9,46,56
9,47,60
9,53,51
9,54,52
9,58,59
9,62,61
9,65,64
9,66,79
9,103,67
9,68,70
9,69,78
9,107,71
9,81,72
9,120,73
9,74,92
9,133,75
9,76,101
9,102,77
9,80,130
9,82,118
9,83,132
9,126,84
9,93,85
9,119,86
9,87,141
9,136,88
9,99,89
9,131,90
9,91,137
9,144,94
9,95,145
9,96,113
9,149,97
9,142,98
9,139,100
9,104,138
9,148,105
9,143,106
9,114,108
9,109,125
9,147,110
9,123,111
9,146,112
9,150,115
9,116,127
9,117,134
9,121,151
9,122,128
9,140,124
9,135,129
9,180,152
9,155,153
9,156,154
9,194,157
9,158,175
9,159,204
9,192,160
9,161,190
9,162,165
9,201,163
9,164,207
9,193,166
9,167,220
9,168,177
9,169,172
9,170,191
9,198,171
9,197,173
9,185,174
9,211,176
9,186,178
9,179,196
9,208,181
9,182,183
9,184,200
9,217,187
9,188,216
9,189,221
9,205,195
9,199,215
9,202,206
9,213,203
9,209,212
9,218,210
9,219,214
9,222,233
9,239,223
9,224,238
9,225,230
9,235,226
9,234,227
9,231,228
9,240,229
9,237,232
9,241,236
9,243,242
9,244,247
9,245,253
9,248,246
9,249,251
9,250,252
9,254,255
9,309,256
9,257,269
9,273,258
9,259,296
9,260,316
9,320,261
9,262,293
9,263,300
9,264,278
9,265,305
9,286,266
9,324,267
9,270,268
9,271,308
9,272,319
9,290,274
9,275,317
9,276,310
9,325,277
9,280,279
9,281,284
9,282,291
9,283,292
9,304,285
9,323,287
9,298,288
9,289,294
9,297,295
9,318,299
9,301,303
9,302,313
9,306,322
9,307,321
9,312,311
9,314,315
9,326,330
9,333,327
9,360,328
9,332,329
9,331,348
9,369,334
9,344,335
9,336,343
9,337,339
9,363,338
9,340,355
9,341,350
9,362,342
9,345,347
9,346,357
9,361,349
9,351,365
9,367,352
9,353,359
9,354,356
9,358,370
9,364,371
9,368,366
9,375,372
9,383,373
9,374,403
9,376,405
9,409,377
9,378,411
9,382,379
9,384,380
9,406,381
9,385,413
9,386,412
9,404,387
9,388,390
9,389,408
9,391,398
9,392,395
9,393,397
9,394,396
9,407,399
9,400,401
9,402,410
9,414,449
9,415,491
9,416,475
9,417,462
9,418,425
9,419,454
9,468,420
9,421,431
9,432,422
9,423,485
9,479,424
9,456,426
9,457,427
9,428,488
9,430,429
9,433,439
9,434,459
9,435,486
9,436,473
9,437,471
9,438,448
9,441,440
9,442,478
9,465,443
9,453,444
9,445,476
9,447,446
9,461,450
9,452,451
9,455,469
9,458,487
9,460,474
9,463,482
9,464,480
9,467,466
9,470,477
9,483,472
9,484,481
9,489,490
9,492,493
9,507,494
9,520,495
9,496,501
9,497,551
9,555,498
9,499,558
9,509,500
9,567,502
9,554,503
9,515,504
9,505,514
9,506,564
9,534,508
9,510,571
9,511,540
9,512,518
9,513,560
9,546,516
9,550,517
9,547,519
9,561,521
9,568,522
9,523,541
9,543,524
9,525,526
9,527,578
9,528,530
9,529,563
9,562,531
9,532,577
9,533,535
9,536,537
9,556,538
9,565,539
9,542,576
9,545,544
9,549,548
9,552,553
9,570,557
9,559,566
9,569,579
9,575,572
9,574,573
9,580,587
9,595,581
9,585,582
9,597,583
9,599,584
9,596,586
9,598,588
9,594,589
9,590,592
9,593,591
9,628,600
9,601,633
9,602,621
9,651,603
9,644,604
9,605,608
9,652,606
9,617,607
9,614,609
9,610,640
9,611,646
9,612,626
9,653,613
9,615,648
9,625,616
9,618,654
9,619,624
9,620,657
9,623,622
9,627,629
9,630,631
9,650,632
9,637,634
9,635,636
9,638,655
9,643,639
9,642,641
9,645,647
9,656,649
9,658,672
9,659,707
9,668,660
9,710,661
9,712,662
9,692,663
9,702,664
9,677,665
9,678,666
9,714,667
9,669,693
9,670,674
9,679,671
9,673,695
9,704,675
9,676,699
9,680,685
9,681,697
9,682,688
9,683,711
9,687,684
9,694,686
9,689,701
9,690,698
9,691,717
9,696,700
9,703,705
9,706,716
9,708,709
9,715,713
