11,Heuristic,10000000,7230.000000,1,0.005000,500000,40,30
Time,Value 
Final, 838,7231

NrViolations,0
Round,H_team,A_team 
0,19,0
0,1,34
0,2,12
0,20,3
0,4,21
0,17,5
0,6,33
0,7,30
0,8,13
0,16,9
0,32,10
0,11,29
0,14,38
0,28,15
0,18,26
0,36,22
0,23,37
0,27,24
0,25,35
0,31,39
1,0,34
1,1,38
1,2,39
1,6,3
1,4,37
1,20,5
1,7,21
1,8,30
1,28,9
1,25,10
1,17,11
1,31,12
1,36,13
1,14,24
1,19,15
1,26,16
1,18,35
1,32,22
1,23,33
1,27,29
2,0,10
2,1,9
2,2,30
2,3,37
2,4,13
2,18,5
2,6,15
2,35,7
2,8,20
2,25,11
2,28,12
2,34,14
2,31,16
2,23,17
2,19,33
2,27,21
2,26,22
2,38,24
2,39,29
2,32,36
3,0,28
3,13,1
3,3,2
3,12,4
3,5,14
3,22,6
3,9,7
3,26,8
3,10,31
3,24,11
3,15,25
3,35,16
3,29,17
3,30,18
3,38,19
3,37,20
3,21,23
3,33,27
3,39,32
3,34,36
4,33,0
4,31,1
4,25,2
4,3,19
4,9,4
4,5,27
4,16,6
4,37,7
4,36,8
4,10,28
4,11,18
4,12,14
4,13,17
4,24,15
4,29,20
4,21,26
4,22,23
4,30,35
4,34,32
4,39,38
5,20,0
5,7,1
5,2,37
5,14,3
5,4,29
5,5,26
5,17,6
5,22,8
5,36,9
5,10,19
5,11,31
5,12,34
5,13,27
5,21,15
5,16,23
5,24,18
5,25,32
5,28,39
5,30,38
5,33,35
6,27,0
6,1,26
6,2,36
6,32,3
6,4,34
6,19,5
6,6,13
6,7,33
6,8,9
6,11,10
6,15,12
6,14,31
6,16,37
6,17,22
6,18,21
6,20,24
6,23,30
6,38,25
6,28,29
6,35,39
7,0,12
7,1,25
7,2,28
7,3,21
7,19,4
7,23,5
7,6,31
7,7,34
7,8,39
7,18,9
7,26,10
7,27,11
7,13,33
7,14,22
7,15,17
7,32,16
7,20,30
7,36,24
7,35,29
7,38,37
8,0,16
8,27,1
8,21,2
8,3,13
8,10,4
8,36,5
8,26,6
8,32,7
8,8,24
8,9,14
8,39,11
8,19,12
8,31,15
8,17,20
8,37,18
8,22,30
8,23,28
8,34,25
8,29,33
8,35,38
9,0,38
9,21,1
9,29,2
9,12,3
9,4,8
9,5,32
9,11,6
9,7,36
9,9,19
9,10,16
9,22,13
9,33,14
9,30,15
9,17,18
9,25,20
9,31,23
9,24,35
9,26,28
9,34,27
9,37,39
10,25,0
10,33,1
10,24,2
10,27,3
10,4,39
10,5,7
10,21,6
10,34,8
10,9,10
10,11,22
10,12,18
10,30,13
10,14,36
10,15,26
10,16,19
10,31,17
10,38,20
10,29,23
10,28,35
10,37,32
11,39,0
11,1,29
11,2,9
11,3,26
11,27,4
11,12,5
11,6,19
11,11,7
11,38,8
11,15,10
11,13,32
11,14,17
11,16,21
11,18,22
11,20,35
11,23,36
11,24,37
11,28,25
11,30,34
11,33,31
12,0,23
12,36,1
12,2,7
12,3,4
12,5,9
12,6,18
12,8,12
12,10,24
12,35,11
12,13,34
12,14,27
12,15,37
12,16,30
12,39,17
12,19,21
12,20,31
12,38,22
12,25,29
12,32,26
12,28,33
13,0,15
13,1,16
13,2,14
13,22,3
13,36,4
13,5,38
13,6,23
13,7,28
13,8,31
13,26,9
13,10,27
13,32,11
13,25,12
13,13,35
13,17,24
13,20,18
13,39,19
13,30,21
13,34,29
13,37,33
14,7,0
14,1,39
14,31,2
14,16,3
14,4,33
14,5,15
14,36,6
14,8,27
14,9,12
14,10,18
14,30,11
14,37,13
14,32,14
14,17,19
14,26,20
14,21,28
14,22,35
14,34,23
14,25,24
14,29,38
15,26,0
15,1,37
15,4,2
15,23,3
15,24,5
15,35,6
15,7,8
15,9,32
15,39,10
15,11,13
15,12,38
15,18,14
15,33,15
15,16,22
15,34,17
15,29,19
15,27,20
15,21,36
15,30,25
15,31,28
16,3,0
16,11,1
16,18,2
16,4,22
16,35,5
16,24,6
16,39,7
16,29,8
16,9,20
16,38,10
16,12,13
16,14,30
16,15,36
16,16,25
16,28,17
16,19,27
16,21,37
16,23,26
16,31,32
16,33,34
17,0,8
17,18,1
17,2,27
17,3,39
17,35,4
17,5,34
17,6,9
17,25,7
17,37,10
17,11,36
17,12,30
17,13,26
17,14,21
17,15,29
17,24,16
17,33,17
17,19,22
17,20,28
17,23,32
17,38,31
18,0,18
18,3,1
18,2,16
18,15,4
18,37,5
18,10,6
18,7,12
18,8,11
18,29,9
18,13,24
18,26,14
18,17,38
18,19,35
18,20,33
18,22,21
18,25,23
18,32,27
18,28,34
18,39,30
18,36,31
19,0,6
19,1,2
19,36,3
19,7,4
19,16,5
19,8,23
19,9,31
19,30,10
19,26,11
19,39,12
19,13,18
19,37,14
19,32,15
19,17,35
19,20,19
19,34,21
19,22,33
19,29,24
19,27,25
19,28,38
20,22,0
20,1,24
20,34,2
20,29,3
20,4,38
20,39,5
20,30,6
20,7,20
20,8,14
20,9,13
20,36,10
20,28,11
20,12,23
20,27,15
20,16,18
20,17,37
20,32,19
20,21,35
20,31,25
20,33,26
21,4,0
21,1,17
21,2,13
21,30,3
21,5,29
21,6,25
21,15,7
21,33,8
21,34,9
21,10,22
21,11,16
21,12,20
21,14,19
21,18,28
21,21,32
21,23,39
21,24,26
21,31,27
21,35,37
21,38,36
22,31,0
22,6,1
22,2,26
22,3,38
22,4,30
22,5,28
22,14,7
22,21,8
22,25,9
22,10,29
22,11,20
22,12,36
22,23,13
22,15,22
22,33,16
22,17,32
22,18,27
22,19,37
22,24,39
22,35,34
23,0,21
23,35,1
23,15,2
23,3,33
23,23,4
23,5,30
23,6,32
23,22,7
23,25,8
23,9,11
23,10,12
23,13,16
23,29,14
23,26,17
23,18,34
23,19,28
23,20,39
23,24,31
23,27,38
23,37,36
24,0,5
24,20,1
24,19,2
24,3,34
24,11,4
24,38,6
24,7,23
24,8,15
24,9,17
24,13,10
24,37,12
24,16,14
24,32,18
24,21,31
24,22,24
24,26,25
24,28,27
24,30,29
24,39,33
24,36,35
25,0,35
25,1,5
25,11,2
25,9,3
25,16,4
25,34,6
25,7,27
25,8,32
25,23,10
25,12,17
25,13,31
25,20,14
25,39,15
25,38,18
25,36,19
25,21,24
25,22,29
25,33,25
25,30,26
25,28,37
26,2,0
26,1,19
26,11,3
26,4,5
26,8,6
26,7,26
26,33,9
26,34,10
26,12,29
26,28,13
26,14,15
26,16,20
26,17,36
26,23,18
26,21,25
26,39,22
26,30,24
26,27,37
26,31,35
26,38,32
27,29,0
27,1,22
27,2,23
27,5,3
27,4,20
27,6,39
27,31,7
27,10,8
27,37,9
27,12,11
27,14,13
27,15,38
27,34,16
27,17,21
27,18,36
27,25,19
27,24,28
27,35,26
27,27,30
27,33,32
28,13,0
28,10,1
28,35,2
28,3,28
28,6,4
28,5,25
28,19,7
28,17,8
28,9,30
28,37,11
28,22,12
28,14,23
28,15,34
28,27,16
28,18,31
28,32,20
28,38,21
28,24,33
28,26,39
28,29,36
29,0,17
29,32,1
29,5,2
29,3,31
29,26,4
29,6,27
29,29,7
29,19,8
29,9,39
29,10,21
29,38,11
29,24,12
29,13,25
29,35,14
29,15,16
29,18,33
29,20,23
29,22,34
29,36,28
29,37,30
