2486,Heuristic,i04,1
Time,Value 
Final, 181355,7231

Round,H_team,A_team 
0,5,0
0,1,8
0,15,2
0,3,16
0,4,17
0,9,6
0,7,24
0,10,19
0,11,14
0,20,12
0,13,23
0,18,21
0,22,25
0,33,26
0,27,37
0,31,28
0,32,29
0,34,30
0,35,36
0,38,68
0,52,39
0,49,40
0,48,41
0,42,47
0,71,43
0,44,53
0,51,45
0,55,46
0,66,50
0,56,54
0,57,60
0,58,67
0,59,61
0,65,62
0,64,63
0,70,69
0,87,72
0,73,137
0,74,128
0,120,75
0,76,99
0,105,77
0,96,78
0,79,97
0,80,95
0,88,81
0,83,82
0,84,90
0,85,93
0,91,86
0,89,100
0,132,92
0,136,94
0,125,98
0,102,101
0,104,103
0,106,123
0,107,138
0,108,134
0,109,114
0,122,110
0,111,144
0,112,135
0,113,145
0,133,115
0,140,116
0,126,117
0,119,118
0,121,124
0,146,127
0,129,131
0,130,147
0,139,148
0,143,141
0,149,142
0,150,183
0,186,151
0,228,152
0,155,153
0,154,157
0,156,179
0,158,171
0,159,236
0,173,160
0,163,161
0,235,162
0,164,190
0,178,165
0,166,172
0,167,176
0,169,168
0,217,170
0,174,218
0,223,175
0,203,177
0,180,188
0,181,224
0,185,182
0,194,184
0,187,215
0,233,189
0,212,191
0,198,192
0,193,207
0,195,221
0,196,202
0,197,230
0,225,199
0,200,209
0,219,201
0,204,205
0,206,216
0,208,226
0,211,210
0,214,213
0,227,220
0,222,231
0,237,229
0,232,234
0,242,238
0,239,251
0,240,245
0,248,241
0,243,244
0,246,252
0,247,253
0,250,249
0,254,266
0,268,255
0,270,256
0,267,257
0,265,258
0,259,269
0,260,274
0,261,263
0,262,288
0,264,272
0,273,271
0,275,291
0,279,276
0,297,277
0,296,278
0,290,280
0,299,281
0,282,293
0,289,283
0,284,295
0,285,292
0,286,294
0,287,298
0,322,300
0,301,316
0,305,302
0,303,353
0,342,304
0,306,309
0,333,307
0,330,308
0,310,334
0,311,337
0,335,312
0,325,313
0,315,314
0,318,317
0,319,320
0,331,321
0,323,332
0,324,346
0,343,326
0,327,336
0,328,341
0,329,340
0,338,348
0,347,339
0,344,345
0,349,350
0,351,352
0,384,354
0,355,369
0,362,356
0,374,357
0,358,365
0,359,381
0,361,360
0,380,363
0,364,366
0,372,367
0,368,379
0,385,370
0,377,371
0,373,382
0,375,378
0,386,376
0,383,387
0,388,460
0,435,389
0,399,390
0,391,415
0,445,392
0,395,393
0,394,400
0,396,398
0,397,413
0,401,411
0,406,402
0,418,403
0,417,404
0,451,405
0,407,408
0,410,409
0,412,457
0,421,414
0,426,416
0,419,447
0,420,444
0,422,424
0,452,423
0,425,428
0,456,427
0,458,429
0,463,430
0,437,431
0,432,465
0,443,433
0,439,434
0,446,436
0,459,438
0,440,454
0,455,441
0,442,464
0,462,448
0,449,450
0,461,453
0,482,466
0,484,467
0,496,468
0,469,504
0,470,485
0,542,471
0,472,483
0,481,473
0,474,493
0,494,475
0,476,480
0,492,477
0,490,478
0,479,524
0,487,486
0,497,488
0,489,513
0,491,521
0,495,520
0,498,499
0,500,511
0,501,518
0,514,502
0,503,532
0,534,505
0,509,506
0,526,507
0,508,535
0,510,533
0,547,512
0,546,515
0,528,516
0,517,527
0,543,519
0,522,523
0,525,529
0,530,538
0,536,531
0,537,539
0,541,540
0,545,544
0,548,564
0,549,553
0,570,550
0,551,556
0,566,552
0,558,554
0,555,573
0,567,557
0,559,560
0,561,563
0,562,565
0,568,572
0,571,569
0,574,594
0,602,575
0,610,576
0,587,577
0,578,580
0,579,585
0,581,611
0,612,582
0,592,583
0,586,584
0,597,588
0,589,590
0,609,591
0,593,595
0,606,596
0,605,598
0,599,614
0,615,600
0,618,601
0,613,603
0,604,616
0,607,608
0,619,617
0,621,620
0,622,623
0,675,624
0,635,625
0,648,626
0,627,629
0,628,639
0,630,644
0,637,631
0,638,632
0,633,634
0,636,640
0,641,646
0,643,642
0,659,645
0,647,649
0,650,652
0,651,674
0,653,661
0,654,665
0,655,679
0,656,668
0,663,657
0,677,658
0,678,660
0,662,666
0,669,664
0,667,672
0,676,670
0,671,673
1,8,0
1,1,9
1,2,3
1,4,7
1,6,5
1,10,12
1,19,11
1,13,18
1,22,14
1,15,16
1,23,17
1,21,20
1,25,24
1,31,26
1,27,32
1,28,30
1,29,33
1,35,34
1,37,36
1,43,38
1,39,51
1,40,50
1,41,42
1,46,44
1,53,45
1,48,47
1,52,49
1,54,59
1,68,55
1,58,56
1,69,57
1,63,60
1,61,70
1,67,62
1,64,65
1,71,66
1,72,106
1,93,73
1,147,74
1,78,75
1,77,76
1,98,79
1,102,80
1,81,87
1,94,82
1,83,85
1,92,84
1,125,86
1,88,103
1,99,89
1,90,105
1,100,91
1,101,95
1,96,97
1,104,130
1,107,149
1,139,108
1,109,140
1,124,110
1,111,146
1,127,112
1,135,113
1,114,133
1,115,122
1,116,148
1,117,134
1,118,121
1,119,144
1,120,129
1,145,123
1,137,126
1,128,132
1,131,136
1,138,143
1,142,141
1,182,150
1,151,185
1,152,180
1,166,153
1,168,154
1,155,172
1,156,158
1,171,157
1,163,159
1,160,162
1,161,173
1,187,164
1,174,165
1,170,167
1,176,169
1,175,218
1,177,194
1,178,214
1,231,179
1,213,181
1,184,183
1,212,186
1,215,188
1,220,189
1,190,223
1,191,208
1,192,195
1,225,193
1,235,196
1,197,199
1,226,198
1,230,200
1,201,209
1,202,221
1,228,203
1,234,204
1,216,205
1,207,206
1,210,222
1,232,211
1,224,217
1,227,219
1,229,233
1,236,237
1,240,238
1,239,242
1,241,243
1,244,247
1,245,246
1,248,252
1,249,253
1,251,250
1,294,254
1,263,255
1,256,265
1,257,261
1,258,264
1,271,259
1,288,260
1,266,262
1,267,274
1,287,268
1,269,273
1,272,270
1,275,285
1,278,276
1,277,290
1,295,279
1,280,289
1,281,293
1,286,282
1,283,299
1,296,284
1,291,292
1,298,297
1,308,300
1,301,347
1,353,302
1,303,306
1,304,349
1,335,305
1,334,307
1,309,333
1,314,310
1,317,311
1,312,321
1,313,316
1,315,337
1,318,331
1,319,330
1,320,340
1,322,342
1,348,323
1,324,325
1,326,351
1,350,327
1,328,336
1,329,344
1,332,338
1,346,339
1,352,341
1,345,343
1,354,385
1,357,355
1,356,366
1,364,358
1,360,359
1,367,361
1,363,362
1,365,371
1,384,368
1,370,369
1,372,375
1,374,373
1,376,377
1,387,378
1,379,381
1,386,380
1,382,383
1,388,443
1,460,389
1,390,420
1,414,391
1,392,419
1,400,393
1,394,445
1,447,395
1,425,396
1,415,397
1,398,401
1,409,399
1,402,407
1,403,408
1,404,418
1,450,405
1,406,413
1,410,424
1,421,411
1,446,412
1,416,417
1,423,422
1,465,426
1,427,457
1,428,461
1,429,442
1,430,458
1,431,459
1,456,432
1,433,435
1,434,453
1,439,436
1,441,437
1,438,440
1,448,444
1,451,449
1,452,462
1,455,454
1,463,464
1,466,476
1,479,467
1,468,482
1,513,469
1,483,470
1,471,473
1,481,472
1,474,486
1,475,524
1,478,477
1,480,522
1,541,484
1,485,542
1,494,487
1,488,496
1,532,489
1,492,490
1,523,491
1,493,498
1,495,536
1,521,497
1,525,499
1,533,500
1,547,501
1,502,518
1,504,503
1,529,505
1,506,538
1,507,527
1,508,531
1,544,509
1,511,510
1,512,546
1,528,514
1,515,539
1,516,517
1,519,540
1,520,537
1,526,543
1,530,545
1,535,534
1,548,558
1,554,549
1,550,555
1,551,552
1,553,566
1,557,556
1,563,559
1,560,562
1,564,561
1,572,565
1,567,570
1,569,568
1,573,571
1,601,574
1,596,575
1,576,611
1,577,588
1,578,590
1,579,589
1,580,586
1,581,595
1,583,582
1,584,593
1,620,585
1,597,587
1,591,612
1,592,594
1,614,598
1,599,605
1,623,600
1,603,602
1,604,607
1,606,618
1,608,622
1,610,609
1,613,621
1,617,615
1,616,619
1,642,624
1,636,625
1,626,641
1,657,627
1,628,663
1,674,629
1,630,635
1,634,631
1,632,646
1,633,645
1,640,637
1,659,638
1,639,643
1,647,644
1,648,679
1,649,656
1,673,650
1,652,651
1,653,669
1,670,654
1,667,655
1,658,664
1,660,671
1,661,677
1,665,662
1,666,672
1,668,675
1,678,676
2,0,15
2,7,1
2,2,6
2,8,3
2,24,4
2,5,9
2,20,10
2,16,11
2,12,21
2,14,13
2,17,25
2,19,18
2,23,22
2,26,35
2,30,27
2,28,33
2,29,34
2,36,31
2,37,32
2,38,46
2,47,39
2,54,40
2,41,52
2,42,68
2,51,43
2,44,48
2,45,55
2,49,65
2,50,53
2,56,59
2,62,57
2,61,58
2,60,66
2,63,69
2,70,64
2,67,71
2,72,77
2,73,100
2,74,120
2,75,98
2,90,76
2,97,78
2,81,79
2,80,88
2,82,84
2,94,83
2,91,85
2,86,89
2,87,102
2,92,130
2,137,93
2,95,125
2,103,96
2,105,99
2,101,104
2,115,106
2,108,107
2,148,109
2,110,127
2,112,111
2,144,113
2,114,124
2,134,116
2,117,139
2,123,118
2,121,119
2,135,122
2,147,126
2,128,129
2,132,131
2,133,138
2,149,136
2,141,140
2,143,142
2,146,145
2,150,194
2,151,152
2,153,170
2,158,154
2,169,155
2,172,156
2,157,168
2,162,159
2,161,160
2,173,163
2,175,164
2,165,214
2,218,166
2,181,167
2,171,176
2,224,174
2,177,228
2,188,178
2,179,232
2,180,215
2,182,186
2,183,203
2,185,184
2,213,187
2,189,190
2,191,225
2,192,237
2,211,193
2,230,195
2,201,196
2,222,197
2,198,208
2,199,227
2,229,200
2,209,202
2,204,231
2,205,234
2,206,226
2,207,212
2,216,210
2,217,223
2,221,219
2,220,233
2,236,235
2,238,239
2,243,240
2,253,241
2,242,246
2,252,244
2,250,245
2,247,248
2,251,249
2,254,286
2,255,261
2,271,256
2,274,257
2,270,258
2,259,265
2,260,263
2,268,262
2,264,269
2,266,267
2,273,272
2,278,275
2,276,296
2,277,280
2,279,284
2,282,281
2,292,283
2,285,295
2,288,287
2,289,291
2,290,297
2,293,298
2,294,299
2,300,318
2,346,301
2,302,304
2,305,303
2,307,306
2,321,308
2,310,309
2,311,315
2,312,334
2,313,342
2,314,333
2,316,331
2,330,317
2,349,319
2,341,320
2,332,322
2,323,353
2,339,324
2,325,348
2,344,326
2,340,327
2,343,328
2,351,329
2,337,335
2,336,352
2,347,338
2,350,345
2,354,373
2,355,370
2,356,374
2,368,357
2,358,379
2,361,359
2,360,380
2,366,362
2,365,363
2,381,364
2,367,384
2,369,382
2,371,386
2,378,372
2,377,375
2,376,387
2,383,385
2,411,388
2,389,401
2,393,390
2,391,407
2,420,392
2,399,394
2,395,400
2,396,410
2,397,425
2,398,421
2,418,402
2,404,403
2,405,406
2,408,414
2,423,409
2,432,412
2,413,415
2,457,416
2,427,417
2,422,419
2,424,450
2,426,456
2,428,439
2,438,429
2,454,430
2,464,431
2,461,433
2,436,434
2,435,443
2,437,458
2,441,440
2,442,463
2,444,451
2,445,462
2,460,446
2,447,452
2,448,449
2,453,459
2,465,455
2,466,475
2,467,481
2,476,468
2,522,469
2,540,470
2,484,471
2,472,485
2,473,541
2,487,474
2,477,491
2,503,478
2,482,479
2,488,480
2,519,483
2,486,493
2,518,489
2,490,523
2,524,492
2,521,494
2,539,495
2,497,496
2,538,498
2,499,530
2,500,510
2,516,501
2,502,512
2,504,513
2,505,545
2,506,542
2,507,528
2,534,508
2,509,543
2,511,533
2,517,514
2,527,515
2,546,520
2,532,525
2,544,526
2,529,535
2,531,547
2,537,536
2,554,548
2,549,558
2,552,550
2,566,551
2,553,557
2,556,555
2,565,559
2,560,569
2,571,561
2,562,564
2,563,572
2,568,567
2,570,573
2,595,574
2,575,620
2,609,576
2,577,581
2,589,578
2,586,579
2,580,591
2,582,597
2,594,583
2,585,584
2,588,587
2,590,592
2,612,593
2,611,596
2,598,608
2,616,599
2,600,618
2,601,606
2,602,613
2,603,617
2,615,604
2,623,605
2,607,610
2,622,614
2,619,621
2,624,636
2,625,641
2,644,626
2,631,627
2,632,628
2,629,676
2,645,630
2,646,633
2,634,663
2,635,648
2,638,637
2,639,642
2,640,659
2,643,657
2,670,647
2,664,649
2,650,651
2,660,652
2,677,653
2,656,654
2,672,655
2,658,668
2,662,661
2,665,666
2,673,667
2,669,675
2,671,674
2,679,678
3,4,0
3,3,1
3,5,2
3,6,8
3,17,7
3,9,15
3,13,10
3,11,20
3,14,12
3,24,16
3,18,23
3,25,19
3,21,22
3,26,29
3,27,35
3,32,28
3,30,36
3,33,31
3,34,37
3,38,41
3,39,42
3,40,52
3,43,47
3,55,44
3,45,48
3,46,68
3,56,49
3,50,51
3,58,53
3,69,54
3,57,61
3,59,62
3,70,60
3,65,63
3,71,64
3,66,67
3,88,72
3,136,73
3,79,74
3,95,75
3,76,94
3,77,100
3,78,81
3,103,80
3,82,93
3,83,132
3,84,86
3,85,90
3,87,101
3,89,105
3,91,99
3,131,92
3,98,96
3,125,97
3,104,102
3,106,111
3,126,107
3,108,117
3,109,143
3,110,135
3,113,112
3,121,114
3,142,115
3,116,139
3,118,146
3,122,119
3,120,147
3,123,124
3,127,133
3,130,128
3,129,137
3,134,149
3,138,141
3,140,148
3,145,144
3,150,177
3,183,151
3,194,152
3,162,153
3,154,172
3,155,161
3,167,156
3,157,232
3,176,158
3,159,160
3,163,235
3,164,178
3,187,165
3,170,166
3,168,171
3,169,218
3,173,236
3,174,175
3,179,222
3,180,213
3,223,181
3,184,182
3,203,185
3,186,207
3,214,188
3,219,189
3,190,224
3,226,191
3,197,192
3,193,205
3,195,227
3,196,229
3,198,225
3,208,199
3,200,201
3,202,230
3,210,204
3,206,212
3,237,209
3,234,211
3,215,217
3,231,216
3,228,220
3,233,221
3,245,238
3,241,239
3,246,240
3,247,242
3,252,243
3,244,250
3,248,249
3,253,251
3,268,254
3,273,255
3,256,264
3,257,260
3,263,258
3,287,259
3,261,288
3,262,271
3,265,270
3,269,266
3,267,272
3,298,274
3,295,275
3,276,285
3,284,277
3,297,278
3,291,279
3,283,280
3,281,289
3,299,282
3,286,292
3,296,290
3,293,294
3,342,300
3,301,330
3,302,349
3,310,303
3,304,319
3,306,305
3,309,307
3,317,308
3,311,334
3,333,312
3,340,313
3,335,314
3,331,315
3,316,322
3,321,318
3,337,320
3,323,347
3,324,332
3,338,325
3,329,326
3,327,341
3,328,350
3,336,353
3,344,339
3,343,352
3,351,345
3,348,346
3,362,354
3,355,356
3,357,384
3,359,358
3,364,360
3,381,361
3,363,366
3,378,365
3,379,367
3,380,368
3,377,369
3,370,374
3,371,387
3,372,376
3,373,383
3,375,386
3,385,382
3,401,388
3,436,389
3,390,400
3,426,391
3,392,395
3,393,445
3,444,394
3,396,414
3,421,397
3,413,398
3,419,399
3,403,402
3,407,404
3,405,416
3,415,406
3,408,418
3,409,411
3,410,423
3,412,427
3,417,452
3,462,420
3,422,451
3,424,447
3,456,425
3,453,428
3,429,441
3,430,465
3,440,431
3,455,432
3,433,439
3,434,435
3,437,438
3,442,454
3,443,460
3,446,461
3,450,448
3,449,457
3,458,463
3,459,464
3,481,466
3,471,467
3,468,488
3,469,503
3,470,472
3,542,473
3,474,490
3,475,482
3,479,476
3,477,521
3,478,493
3,480,495
3,483,484
3,540,485
3,499,486
3,524,487
3,489,504
3,491,522
3,498,492
3,496,494
3,523,497
3,508,500
3,501,546
3,528,502
3,505,538
3,541,506
3,535,507
3,509,526
3,510,544
3,543,511
3,512,517
3,518,513
3,514,516
3,515,547
3,525,519
3,536,520
3,539,527
3,545,529
3,530,532
3,531,537
3,534,533
3,548,569
3,556,549
3,566,550
3,551,553
3,558,552
3,557,554
3,555,570
3,559,564
3,565,560
3,561,572
3,562,563
3,573,567
3,568,571
3,574,586
3,575,603
3,579,576
3,594,577
3,578,585
3,584,580
3,587,581
3,582,611
3,583,595
3,588,612
3,589,592
3,593,590
3,591,599
3,596,609
3,597,610
3,598,623
3,600,616
3,617,601
3,621,602
3,604,622
3,605,607
3,620,606
3,614,608
3,613,619
3,618,615
3,624,632
3,625,626
3,627,671
3,657,628
3,629,643
3,630,634
3,631,638
3,633,659
3,644,635
3,636,647
3,637,639
3,646,640
3,641,645
3,642,674
3,663,648
3,666,649
3,678,650
3,651,679
3,652,672
3,653,656
3,654,677
3,655,665
3,675,658
3,676,660
3,661,668
3,662,669
3,664,673
3,667,670
4,0,7
4,1,5
4,8,2
4,9,3
4,6,4
4,10,24
4,23,11
4,12,13
4,21,14
4,15,17
4,16,25
4,20,18
4,22,19
4,34,26
4,31,27
4,36,28
4,29,37
4,35,30
4,33,32
4,52,38
4,53,39
4,40,56
4,41,43
4,42,45
4,47,44
4,48,46
4,49,51
4,54,50
4,55,58
4,63,57
4,60,59
4,61,65
4,62,69
4,64,67
4,66,70
4,68,71
4,80,72
4,73,134
4,74,78
4,75,79
4,100,76
4,89,77
4,81,147
4,92,82
4,86,83
4,85,84
4,99,87
4,102,88
4,90,91
4,93,136
4,94,131
4,96,95
4,97,104
4,101,98
4,105,103
4,106,137
4,107,109
4,148,108
4,146,110
4,111,127
4,112,122
4,124,113
4,114,143
4,115,121
4,141,116
4,117,140
4,145,118
4,119,123
4,128,120
4,132,125
4,149,126
4,130,129
4,133,142
4,144,135
4,139,138
4,151,150
4,152,215
4,153,163
4,176,154
4,166,155
4,156,171
4,158,157
4,159,173
4,160,236
4,161,162
4,165,164
4,168,167
4,172,169
4,224,170
4,217,174
4,213,175
4,227,177
4,178,180
4,234,179
4,214,181
4,194,182
4,186,183
4,184,203
4,207,185
4,188,187
4,189,228
4,221,190
4,191,206
4,192,202
4,204,193
4,195,233
4,200,196
4,225,197
4,209,198
4,199,230
4,201,237
4,210,205
4,212,208
4,216,211
4,218,223
4,220,219
4,226,222
4,235,229
4,232,231
4,238,246
4,239,244
4,240,241
4,243,242
4,245,253
4,251,247
4,248,250
4,249,252
4,257,254
4,255,267
4,256,288
4,258,259
4,260,268
4,261,274
4,263,262
4,271,264
4,265,269
4,272,266
4,270,273
4,275,279
4,298,276
4,277,296
4,278,285
4,280,297
4,294,281
4,282,289
4,283,286
4,284,291
4,290,287
4,292,293
4,299,295
4,301,300
4,303,302
4,304,337
4,305,309
4,334,306
4,307,335
4,308,316
4,349,310
4,333,311
4,318,312
4,322,313
4,314,321
4,315,330
4,331,317
4,319,340
4,320,342
4,339,323
4,324,348
4,332,325
4,326,336
4,327,343
4,345,328
4,352,329
4,346,338
4,341,351
4,350,344
4,353,347
4,354,370
4,384,355
4,357,356
4,358,361
4,365,359
4,362,360
4,363,364
4,366,381
4,368,367
4,374,369
4,382,371
4,386,372
4,373,385
4,387,375
4,376,378
4,383,377
4,380,379
4,388,435
4,389,396
4,392,390
4,403,391
4,394,393
4,395,419
4,397,398
4,411,399
4,400,410
4,423,401
4,402,405
4,404,408
4,406,447
4,407,413
4,409,424
4,412,417
4,414,415
4,416,427
4,418,426
4,448,420
4,421,422
4,425,436
4,428,456
4,429,437
4,438,430
4,431,442
4,454,432
4,433,446
4,460,434
4,439,453
4,464,440
4,462,441
4,443,461
4,445,444
4,452,449
4,451,450
4,463,455
4,457,465
4,458,459
4,466,479
4,467,475
4,495,468
4,489,469
4,484,470
4,471,540
4,482,472
4,473,483
4,474,478
4,476,481
4,490,477
4,504,480
4,485,541
4,486,491
4,487,498
4,488,522
4,492,518
4,493,499
4,494,497
4,496,524
4,500,507
4,502,501
4,514,503
4,530,505
4,506,511
4,533,508
4,535,509
4,510,543
4,520,512
4,513,516
4,515,531
4,517,539
4,542,519
4,521,523
4,538,525
4,526,534
4,537,527
4,547,528
4,544,529
4,532,545
4,546,536
4,573,548
4,549,557
4,550,556
4,554,551
4,552,553
4,564,555
4,569,558
4,571,559
4,572,560
4,561,565
4,570,562
4,563,568
4,567,566
4,574,584
4,577,575
4,576,614
4,591,578
4,590,579
4,580,589
4,581,582
4,583,588
4,585,586
4,612,587
4,592,593
4,595,594
4,596,597
4,607,598
4,599,604
4,619,600
4,601,602
4,603,621
4,615,605
4,606,617
4,608,623
4,611,609
4,610,622
4,620,613
4,616,618
4,643,624
4,640,625
4,626,636
4,638,627
4,628,629
4,663,630
4,639,631
4,632,675
4,657,633
4,659,634
4,647,635
4,641,637
4,671,642
4,648,644
4,645,646
4,649,654
4,650,655
4,673,651
4,674,652
4,668,653
4,658,656
4,660,667
4,661,666
4,677,662
4,672,664
4,665,669
4,670,678
4,679,676
5,0,1
5,2,9
5,3,4
5,16,5
5,7,6
5,8,15
5,18,10
5,11,21
5,12,22
5,20,13
5,19,14
5,17,24
5,25,23
5,27,26
5,28,35
5,30,29
5,37,31
5,32,34
5,36,33
5,38,71
5,44,39
5,58,40
5,68,41
5,51,42
5,48,43
5,45,54
5,56,46
5,47,55
5,67,49
5,65,50
5,52,53
5,57,70
5,59,64
5,60,61
5,62,63
5,69,66
5,72,119
5,77,73
5,129,74
5,97,75
5,76,89
5,78,120
5,79,96
5,80,101
5,98,81
5,82,85
5,93,83
5,84,91
5,92,86
5,88,87
5,90,99
5,94,130
5,95,103
5,137,100
5,102,105
5,132,104
5,143,106
5,134,107
5,140,108
5,138,109
5,110,145
5,113,111
5,144,112
5,142,114
5,127,115
5,116,117
5,122,118
5,135,121
5,123,133
5,124,146
5,131,125
5,136,126
5,147,128
5,141,139
5,149,148
5,180,150
5,177,151
5,152,184
5,172,153
5,154,156
5,162,155
5,167,157
5,231,158
5,161,159
5,160,163
5,174,164
5,189,165
5,169,166
5,181,168
5,170,176
5,171,214
5,173,235
5,175,178
5,179,204
5,182,212
5,183,207
5,185,194
5,206,186
5,187,224
5,188,223
5,233,190
5,203,191
5,199,192
5,193,234
5,209,195
5,236,196
5,237,197
5,222,198
5,202,200
5,229,201
5,205,232
5,208,216
5,225,210
5,211,226
5,215,213
5,218,217
5,219,228
5,220,221
5,230,227
5,238,248
5,250,239
5,244,240
5,252,241
5,242,245
5,243,251
5,253,246
5,249,247
5,254,282
5,255,260
5,287,256
5,281,257
5,269,258
5,259,262
5,268,261
5,267,263
5,264,299
5,294,265
5,266,273
5,288,270
5,272,271
5,274,295
5,297,275
5,280,276
5,277,278
5,279,296
5,293,283
5,285,284
5,291,286
5,289,292
5,290,298
5,300,331
5,348,301
5,309,302
5,349,303
5,310,304
5,307,305
5,306,314
5,308,315
5,311,321
5,312,320
5,313,319
5,316,332
5,317,335
5,334,318
5,330,322
5,325,323
5,353,324
5,345,326
5,328,327
5,336,329
5,337,333
5,338,339
5,340,351
5,342,341
5,343,350
5,352,344
5,347,346
5,369,354
5,355,373
5,356,384
5,367,357
5,360,358
5,359,363
5,361,362
5,364,379
5,386,365
5,368,366
5,370,377
5,371,372
5,385,374
5,376,375
5,378,383
5,381,380
5,382,387
5,436,388
5,398,389
5,390,445
5,391,406
5,444,392
5,420,393
5,394,395
5,401,396
5,411,397
5,399,410
5,400,409
5,402,404
5,416,403
5,405,417
5,414,407
5,408,415
5,450,412
5,413,426
5,427,418
5,419,424
5,423,421
5,422,452
5,457,425
5,434,428
5,459,429
5,432,430
5,438,431
5,453,433
5,435,446
5,442,437
5,439,443
5,455,440
5,441,454
5,447,451
5,448,456
5,449,462
5,464,458
5,461,460
5,465,463
5,497,466
5,467,470
5,468,480
5,469,521
5,485,471
5,472,542
5,473,475
5,524,474
5,476,482
5,503,477
5,504,478
5,481,479
5,540,483
5,519,484
5,494,486
5,499,487
5,523,488
5,498,489
5,491,490
5,492,493
5,512,495
5,522,496
5,505,500
5,501,513
5,517,502
5,506,510
5,507,533
5,508,514
5,509,534
5,511,526
5,516,515
5,518,532
5,520,539
5,545,525
5,527,531
5,528,535
5,529,538
5,544,530
5,536,547
5,546,537
5,543,541
5,549,548
5,551,550
5,556,552
5,553,554
5,555,567
5,557,566
5,558,573
5,559,568
5,560,561
5,562,571
5,563,570
5,564,565
5,569,572
5,575,574
5,576,585
5,577,582
5,609,578
5,579,580
5,612,581
5,593,583
5,584,590
5,586,592
5,595,587
5,588,596
5,589,594
5,614,591
5,597,600
5,598,615
5,599,608
5,621,601
5,602,620
5,603,619
5,605,604
5,613,606
5,622,607
5,610,611
5,623,616
5,618,617
5,624,641
5,625,677
5,626,670
5,627,639
5,642,628
5,629,657
5,636,630
5,631,643
5,637,632
5,633,638
5,634,645
5,635,640
5,644,663
5,659,646
5,654,647
5,648,678
5,653,649
5,676,650
5,651,655
5,652,671
5,656,662
5,669,658
5,674,660
5,675,661
5,664,665
5,668,666
5,679,667
5,672,673
6,9,0
6,4,1
6,2,7
6,5,3
6,6,17
6,24,8
6,14,10
6,13,11
6,18,12
6,23,15
6,22,16
6,21,19
6,25,20
6,26,32
6,28,27
6,31,29
6,37,30
6,35,33
6,34,36
6,42,38
6,39,68
6,40,48
6,41,47
6,43,52
6,44,56
6,46,45
6,66,49
6,50,58
6,53,51
6,54,55
6,71,57
6,69,59
6,64,60
6,61,62
6,70,63
6,65,67
6,100,72
6,73,106
6,87,74
6,75,81
6,83,76
6,99,77
6,79,78
6,104,80
6,131,82
6,84,94
6,85,92
6,86,93
6,101,88
6,89,90
6,91,105
6,98,95
6,96,102
6,103,97
6,116,107
6,108,147
6,109,141
6,110,111
6,121,112
6,146,113
6,115,114
6,117,149
6,118,144
6,119,124
6,120,132
6,123,122
6,125,130
6,126,128
6,145,127
6,136,129
6,135,133
6,137,134
6,148,138
6,139,142
6,140,143
6,150,185
6,151,184
6,177,152
6,153,160
6,154,170
6,155,173
6,156,176
6,157,172
6,168,158
6,196,159
6,235,161
6,162,166
6,163,236
6,164,188
6,165,218
6,171,167
6,217,169
6,223,174
6,175,187
6,178,213
6,205,179
6,214,180
6,181,215
6,182,206
6,183,212
6,186,194
6,224,189
6,190,220
6,207,191
6,192,229
6,210,193
6,195,219
6,197,226
6,198,199
6,200,237
6,221,201
6,202,233
6,208,203
6,204,211
6,230,209
6,232,216
6,222,225
6,228,227
6,234,231
6,253,238
6,240,239
6,241,242
6,250,243
6,245,244
6,246,249
6,247,252
6,251,248
6,274,254
6,266,255
6,256,259
6,273,257
6,258,287
6,260,267
6,262,261
6,263,268
6,270,264
6,265,272
6,271,269
6,275,290
6,276,297
6,279,277
6,284,278
6,296,280
6,292,281
6,282,294
6,283,298
6,291,285
6,286,299
6,295,288
6,293,289
6,300,316
6,331,301
6,302,337
6,303,307
6,320,304
6,305,310
6,333,306
6,322,308
6,309,349
6,335,311
6,312,317
6,341,313
6,314,334
6,321,315
6,318,330
6,319,342
6,323,346
6,338,324
6,347,325
6,326,327
6,329,328
6,332,348
6,344,336
6,339,345
6,340,352
6,351,343
6,350,353
6,354,355
6,369,356
6,362,357
6,358,363
6,359,364
6,381,360
6,366,361
6,380,365
6,387,367
6,372,368
6,373,370
6,371,378
6,384,374
6,375,385
6,383,376
6,377,382
6,379,386
6,388,461
6,389,411
6,390,394
6,391,408
6,392,400
6,393,399
6,420,395
6,396,413
6,397,414
6,415,398
6,410,401
6,417,402
6,406,403
6,404,405
6,407,447
6,409,422
6,412,416
6,418,451
6,419,421
6,424,423
6,425,435
6,426,427
6,428,433
6,462,429
6,430,464
6,431,458
6,432,463
6,446,434
6,436,443
6,437,459
6,453,438
6,460,439
6,440,465
6,441,442
6,449,444
6,445,448
6,452,450
6,454,457
6,456,455
6,468,466
6,482,467
6,469,491
6,470,473
6,471,472
6,498,474
6,475,481
6,488,476
6,477,504
6,478,523
6,479,494
6,480,496
6,483,485
6,484,542
6,486,524
6,487,492
6,545,489
6,521,490
6,493,530
6,495,515
6,522,497
6,529,499
6,500,543
6,501,520
6,516,502
6,513,503
6,535,505
6,540,506
6,507,508
6,533,509
6,526,510
6,534,511
6,537,512
6,518,514
6,547,517
6,541,519
6,525,544
6,527,546
6,531,528
6,538,532
6,539,536
6,548,551
6,566,549
6,550,567
6,552,557
6,553,558
6,556,554
6,565,555
6,572,559
6,560,563
6,561,562
6,571,564
6,568,573
6,570,569
6,585,574
6,575,621
6,591,576
6,596,577
6,578,579
6,580,609
6,581,597
6,582,588
6,587,583
6,594,584
6,590,586
6,593,589
6,592,595
6,604,598
6,615,599
6,600,622
6,601,613
6,606,602
6,620,603
6,608,605
6,607,623
6,614,610
6,611,612
6,617,616
6,618,619
6,677,624
6,654,625
6,635,626
6,643,627
6,628,631
6,629,639
6,630,647
6,632,636
6,637,633
6,646,634
6,638,642
6,641,640
6,645,644
6,667,648
6,649,658
6,660,650
6,651,671
6,676,652
6,665,653
6,655,673
6,656,675
6,657,674
6,663,659
6,664,661
6,662,668
6,666,669
6,670,679
6,678,672
7,0,2
7,1,17
7,3,6
7,4,8
7,24,5
7,7,9
7,10,21
7,11,12
7,13,22
7,14,18
7,15,25
7,16,23
7,19,20
7,26,37
7,36,27
7,29,28
7,30,31
7,32,35
7,33,34
7,38,51
7,41,39
7,55,40
7,46,42
7,43,68
7,54,44
7,45,47
7,48,56
7,49,53
7,52,50
7,59,57
7,66,58
7,60,69
7,63,61
7,64,62
7,71,65
7,67,70
7,72,99
7,73,76
7,74,75
7,77,91
7,78,125
7,95,79
7,80,87
7,81,96
7,132,82
7,83,92
7,89,84
7,86,85
7,88,104
7,100,90
7,94,93
7,97,98
7,105,101
7,102,103
7,106,142
7,107,140
7,108,149
7,109,139
7,113,110
7,111,135
7,112,146
7,114,123
7,141,115
7,138,116
7,148,117
7,124,118
7,145,119
7,126,120
7,122,121
7,127,144
7,128,137
7,147,129
7,130,131
7,133,143
7,134,136
7,184,150
7,194,151
7,152,186
7,153,161
7,169,154
7,159,155
7,157,156
7,158,232
7,160,235
7,236,162
7,166,163
7,213,164
7,165,217
7,167,172
7,179,168
7,218,170
7,215,171
7,173,196
7,190,174
7,224,175
7,176,180
7,223,177
7,189,178
7,188,181
7,207,182
7,185,183
7,187,214
7,191,204
7,192,209
7,193,206
7,199,195
7,197,198
7,220,200
7,201,230
7,237,202
7,212,203
7,231,205
7,225,208
7,226,210
7,211,222
7,216,234
7,229,219
7,227,221
7,233,228
7,241,238
7,239,245
7,249,240
7,242,253
7,243,247
7,244,251
7,248,246
7,252,250
7,254,267
7,257,255
7,258,256
7,272,259
7,262,260
7,261,266
7,295,263
7,264,273
7,271,265
7,268,288
7,269,270
7,287,274
7,275,284
7,290,276
7,298,277
7,278,291
7,285,279
7,280,293
7,281,286
7,292,282
7,283,294
7,299,289
7,297,296
7,313,300
7,301,322
7,306,302
7,342,303
7,304,309
7,314,305
7,307,310
7,331,308
7,311,312
7,315,318
7,316,320
7,317,333
7,337,319
7,330,321
7,324,323
7,339,325
7,350,326
7,327,329
7,328,351
7,346,332
7,335,334
7,336,343
7,344,338
7,341,340
7,352,345
7,348,347
7,353,349
7,374,354
7,355,362
7,356,373
7,357,369
7,380,358
7,379,359
7,360,366
7,364,361
7,363,381
7,365,368
7,378,367
7,370,382
7,376,371
7,372,384
7,375,383
7,385,377
7,386,387
7,388,409
7,443,389
7,395,390
7,402,391
7,392,394
7,393,419
7,415,396
7,424,397
7,398,425
7,399,400
7,422,401
7,403,407
7,404,416
7,405,452
7,414,406
7,408,413
7,421,410
7,411,423
7,426,412
7,417,418
7,445,420
7,427,449
7,435,428
7,429,431
7,459,430
7,458,432
7,433,436
7,461,434
7,437,440
7,442,438
7,446,439
7,464,441
7,444,462
7,447,450
7,451,448
7,460,453
7,463,454
7,457,455
7,465,456
7,466,488
7,467,485
7,546,468
7,477,469
7,482,470
7,471,481
7,472,473
7,474,492
7,475,479
7,497,476
7,478,491
7,480,523
7,541,483
7,484,540
7,486,498
7,490,487
7,489,499
7,524,493
7,494,522
7,537,495
7,496,521
7,509,500
7,528,501
7,502,547
7,503,518
7,532,504
7,505,544
7,506,525
7,514,507
7,508,526
7,510,534
7,519,511
7,512,539
7,520,513
7,515,517
7,531,516
7,536,527
7,530,529
7,535,533
7,538,545
7,542,543
7,552,548
7,551,549
7,550,553
7,554,566
7,557,555
7,567,556
7,565,558
7,559,561
7,573,560
7,562,569
7,564,563
7,568,570
7,572,571
7,574,602
7,597,575
7,576,580
7,583,577
7,586,578
7,591,579
7,588,581
7,596,582
7,592,584
7,585,593
7,587,611
7,595,589
7,594,590
7,616,598
7,622,599
7,617,600
7,603,601
7,608,604
7,605,614
7,621,606
7,615,607
7,609,612
7,623,610
7,613,618
7,619,620
7,624,646
7,649,625
7,647,626
7,627,674
7,628,643
7,660,629
7,648,630
7,631,633
7,632,641
7,634,637
7,636,635
7,639,638
7,640,645
7,642,657
7,659,644
7,650,679
7,672,651
7,652,678
7,653,662
7,658,654
7,671,655
7,669,656
7,661,665
7,663,670
7,668,664
7,673,666
7,667,676
7,675,677
8,3,0
8,6,1
8,2,4
8,15,5
8,8,7
8,17,9
8,10,25
8,18,11
8,12,19
8,21,13
8,16,14
8,20,22
8,23,24
8,36,26
8,27,33
8,28,37
8,35,29
8,30,32
8,31,34
8,45,38
8,39,43
8,40,44
8,51,41
8,42,52
8,47,46
8,53,48
8,50,49
8,68,54
8,56,55
8,57,66
8,58,65
8,70,59
8,62,60
8,67,61
8,63,71
8,69,64
8,72,73
8,74,88
8,75,128
8,76,91
8,90,77
8,87,78
8,147,79
8,118,80
8,120,81
8,82,86
8,131,83
8,93,84
8,85,89
8,92,94
8,97,95
8,96,125
8,98,102
8,99,100
8,103,101
8,105,104
8,114,106
8,107,117
8,138,108
8,149,109
8,144,110
8,121,111
8,112,145
8,113,127
8,143,115
8,142,116
8,146,119
8,124,122
8,135,123
8,129,126
8,130,132
8,133,141
8,134,148
8,136,137
8,139,140
8,152,150
8,228,151
8,159,153
8,167,154
8,155,163
8,156,168
8,176,157
8,179,158
8,172,160
8,161,236
8,162,173
8,164,217
8,175,165
8,166,235
8,174,169
8,170,223
8,171,181
8,177,189
8,178,187
8,180,194
8,183,182
8,212,184
8,186,185
8,188,213
8,219,190
8,205,191
8,201,192
8,193,216
8,195,220
8,196,237
8,209,197
8,230,198
8,199,226
8,221,200
8,229,202
8,203,207
8,204,232
8,206,208
8,210,231
8,211,225
8,214,215
8,218,224
8,222,234
8,233,227
8,238,251
8,239,243
8,240,242
8,246,241
8,244,249
8,245,248
8,250,247
8,252,253
8,254,281
8,255,262
8,256,269
8,257,268
8,272,258
8,259,264
8,260,266
8,267,261
8,263,287
8,265,299
8,270,271
8,288,273
8,274,290
8,296,275
8,276,284
8,277,285
8,278,295
8,297,279
8,280,298
8,282,283
8,289,286
8,293,291
8,294,292
8,300,324
8,308,301
8,302,307
8,304,303
8,349,305
8,310,306
8,309,314
8,318,311
8,315,312
8,320,313
8,316,342
8,321,317
8,319,341
8,325,322
8,338,323
8,326,352
8,327,351
8,340,328
8,329,350
8,330,331
8,332,347
8,333,335
8,334,337
8,345,336
8,348,339
8,343,344
8,346,353
8,354,357
8,368,355
8,370,356
8,366,358
8,359,380
8,360,379
8,361,363
8,367,362
8,365,364
8,369,373
8,371,383
8,387,372
8,377,374
8,382,375
8,385,376
8,384,378
8,381,386
8,410,388
8,389,461
8,462,390
8,413,391
8,399,392
8,444,393
8,394,420
8,451,395
8,396,424
8,401,397
8,414,398
8,400,411
8,416,402
8,403,417
8,450,404
8,418,405
8,408,406
8,407,415
8,409,421
8,412,456
8,423,419
8,447,422
8,432,425
8,457,426
8,465,427
8,436,428
8,440,429
8,430,437
8,431,441
8,433,460
8,434,443
8,439,435
8,438,458
8,455,442
8,449,445
8,453,446
8,448,452
8,454,464
8,463,459
8,466,480
8,483,467
8,520,468
8,469,478
8,470,471
8,472,484
8,473,540
8,491,474
8,487,475
8,476,495
8,493,477
8,479,488
8,481,482
8,485,519
8,492,486
8,503,489
8,490,497
8,524,494
8,523,496
8,498,532
8,499,545
8,526,500
8,501,512
8,513,502
8,504,518
8,533,505
8,543,506
8,507,531
8,511,508
8,510,509
8,514,535
8,536,515
8,516,537
8,517,528
8,521,522
8,525,530
8,527,547
8,529,534
8,544,538
8,539,546
8,542,541
8,548,565
8,549,552
8,554,550
8,557,551
8,556,553
8,555,566
8,558,564
8,559,562
8,560,568
8,561,570
8,563,571
8,569,567
8,573,572
8,574,603
8,588,575
8,576,586
8,577,597
8,584,578
8,579,609
8,580,583
8,581,596
8,582,587
8,589,585
8,590,595
8,611,591
8,612,592
8,593,594
8,598,622
8,599,607
8,600,613
8,601,620
8,602,617
8,614,604
8,605,616
8,619,606
8,610,608
8,623,615
8,618,621
8,624,640
8,625,632
8,626,654
8,642,627
8,674,628
8,631,629
8,630,659
8,633,663
8,638,634
8,645,635
8,641,636
8,646,637
8,639,657
8,643,671
8,644,670
8,647,648
8,668,649
8,672,650
8,676,651
8,655,652
8,675,653
8,677,656
8,666,658
8,679,660
8,661,669
8,664,662
8,673,665
8,678,667
9,0,6
9,1,2
9,7,3
9,5,4
9,9,8
9,11,10
9,12,23
9,19,13
9,14,20
9,24,15
9,17,16
9,22,18
9,25,21
9,26,28
9,34,27
9,29,36
9,33,30
9,32,31
9,37,35
9,39,38
9,53,40
9,46,41
9,43,42
9,44,45
9,47,54
9,55,48
9,49,58
9,50,67
9,51,52
9,68,56
9,57,64
9,59,63
9,60,71
9,61,69
9,62,70
9,65,66
9,118,72
9,99,73
9,81,74
9,75,96
9,76,105
9,77,94
9,78,88
9,79,120
9,100,80
9,82,130
9,84,83
9,125,85
9,86,90
9,103,87
9,91,89
9,93,92
9,95,102
9,101,97
9,104,98
9,106,136
9,148,107
9,116,108
9,142,109
9,110,112
9,111,145
9,122,113
9,141,114
9,115,124
9,117,147
9,119,133
9,123,121
9,126,134
9,127,135
9,128,131
9,129,132
9,137,149
9,140,138
9,143,139
9,144,146
9,150,214
9,151,180
9,182,152
9,153,173
9,154,166
9,160,155
9,231,156
9,157,179
9,158,167
9,235,159
9,172,161
9,163,162
9,164,218
9,165,188
9,168,176
9,170,169
9,213,171
9,189,174
9,217,175
9,190,177
9,215,178
9,181,187
9,194,183
9,184,186
9,185,212
9,191,193
9,200,192
9,198,195
9,196,220
9,227,197
9,209,199
9,202,201
9,203,206
9,216,204
9,205,211
9,208,207
9,234,210
9,219,233
9,221,228
9,232,222
9,223,224
9,226,225
9,236,229
9,237,230
9,238,250
9,246,239
9,247,240
9,241,245
9,242,244
9,249,243
9,253,248
9,251,252
9,255,254
9,262,256
9,266,257
9,258,271
9,259,270
9,261,260
9,288,263
9,264,265
9,273,267
9,274,268
9,269,272
9,299,275
9,276,277
9,279,278
9,292,280
9,281,283
9,291,282
9,284,297
9,285,290
9,286,293
9,295,287
9,289,294
9,298,296
9,300,330
9,321,301
9,302,310
9,303,309
9,305,304
9,306,335
9,307,314
9,308,318
9,320,311
9,312,319
9,313,343
9,317,315
9,323,316
9,322,331
9,347,324
9,325,346
9,326,328
9,352,327
9,341,329
9,339,332
9,334,333
9,336,350
9,337,349
9,345,338
9,342,340
9,351,344
9,353,348
9,356,354
9,374,355
9,357,370
9,358,381
9,366,359
9,363,360
9,361,368
9,362,364
9,379,365
9,367,380
9,369,385
9,375,371
9,383,372
9,373,377
9,382,376
9,378,386
9,387,384
9,389,388
9,390,444
9,391,404
9,393,392
9,419,394
9,395,399
9,397,396
9,398,423
9,400,447
9,401,409
9,402,408
9,405,403
9,406,407
9,411,410
9,425,412
9,413,414
9,415,422
9,416,418
9,417,426
9,420,449
9,424,421
9,427,448
9,428,460
9,429,463
9,430,455
9,431,462
9,459,432
9,434,433
9,435,436
9,464,437
9,441,438
9,461,439
9,440,442
9,443,446
9,450,445
9,452,451
9,458,453
9,454,465
9,456,457
9,467,466
9,468,481
9,518,469
9,470,541
9,483,471
9,475,472
9,473,482
9,477,474
9,496,476
9,478,498
9,486,479
9,480,521
9,485,484
9,493,487
9,488,504
9,489,530
9,522,490
9,491,503
9,499,492
9,523,494
9,495,546
9,497,524
9,500,544
9,539,501
9,502,520
9,505,525
9,519,506
9,534,507
9,543,508
9,511,509
9,538,510
9,512,536
9,513,514
9,515,537
9,547,516
9,531,517
9,533,526
9,527,528
9,532,529
9,545,535
9,540,542
9,553,548
9,564,549
9,550,557
9,567,551
9,552,554
9,555,561
9,566,556
9,558,568
9,570,559
9,571,560
9,572,562
9,565,563
9,569,573
9,621,574
9,575,601
9,578,576
9,595,577
9,584,579
9,590,580
9,583,581
9,582,589
9,585,592
9,586,593
9,587,596
9,611,588
9,608,591
9,594,612
9,609,597
9,598,599
9,600,610
9,602,619
9,606,603
9,604,623
9,622,605
9,607,614
9,617,613
9,616,615
9,620,618
9,625,624
9,626,630
9,627,628
9,629,642
9,657,631
9,640,632
9,644,633
9,634,639
9,635,641
9,654,636
9,637,659
9,646,638
9,674,643
9,645,663
9,679,647
9,670,648
9,649,677
9,650,667
9,651,660
9,652,673
9,658,653
9,655,678
9,656,661
9,662,675
9,666,664
9,665,672
9,669,668
9,671,676
