5003,Heuristic,i05,1
Time,Value 
Final, 221901,7231

Round,H_team,A_team 
0,6,0
0,8,1
0,2,4
0,22,3
0,9,5
0,10,7
0,11,12
0,21,13
0,23,14
0,15,17
0,18,16
0,20,19
0,24,53
0,79,25
0,80,26
0,52,27
0,41,28
0,29,33
0,30,48
0,31,51
0,49,32
0,34,36
0,40,35
0,88,37
0,38,85
0,39,47
0,42,86
0,43,57
0,44,58
0,61,45
0,46,87
0,50,55
0,54,59
0,60,56
0,62,93
0,92,63
0,64,69
0,74,65
0,66,94
0,67,90
0,68,95
0,70,81
0,73,71
0,72,77
0,75,89
0,82,76
0,91,78
0,84,83
0,117,96
0,97,104
0,172,98
0,116,99
0,161,100
0,101,157
0,102,107
0,120,103
0,119,105
0,106,115
0,108,133
0,109,177
0,110,113
0,111,158
0,159,112
0,126,114
0,128,118
0,175,121
0,122,150
0,123,125
0,124,152
0,151,127
0,134,129
0,140,130
0,146,131
0,147,132
0,135,171
0,168,136
0,137,167
0,149,138
0,170,139
0,141,180
0,142,176
0,162,143
0,164,144
0,156,145
0,154,148
0,153,160
0,155,169
0,166,163
0,179,165
0,173,181
0,178,174
0,193,182
0,183,192
0,186,184
0,191,185
0,187,189
0,188,190
0,210,194
0,230,195
0,233,196
0,209,197
0,206,198
0,200,199
0,212,201
0,203,202
0,204,214
0,205,216
0,208,207
0,213,211
0,215,232
0,219,217
0,236,218
0,220,223
0,234,221
0,222,228
0,239,224
0,235,225
0,226,229
0,227,231
0,238,237
0,244,240
0,245,241
0,242,293
0,243,250
0,246,276
0,247,253
0,256,248
0,292,249
0,251,281
0,271,252
0,259,254
0,272,255
0,258,257
0,261,260
0,262,268
0,263,287
0,270,264
0,265,289
0,266,282
0,294,267
0,269,274
0,273,277
0,284,275
0,278,288
0,283,279
0,295,280
0,286,285
0,291,290
0,297,296
0,324,298
0,299,308
0,307,300
0,301,304
0,302,305
0,322,303
0,323,306
0,311,309
0,310,314
0,315,312
0,313,319
0,320,316
0,317,325
0,318,326
0,321,327
0,328,377
0,366,329
0,330,413
0,421,331
0,389,332
0,333,349
0,411,334
0,335,336
0,337,350
0,338,355
0,339,342
0,348,340
0,402,341
0,343,406
0,344,359
0,345,357
0,358,346
0,347,373
0,361,351
0,352,360
0,354,353
0,370,356
0,376,362
0,363,364
0,371,365
0,368,367
0,369,405
0,379,372
0,374,414
0,412,375
0,378,391
0,380,400
0,420,381
0,382,393
0,394,383
0,395,384
0,418,385
0,397,386
0,415,387
0,388,398
0,409,390
0,392,410
0,416,396
0,399,419
0,417,401
0,403,404
0,407,408
0,422,427
0,423,459
0,424,497
0,425,426
0,442,428
0,429,482
0,430,473
0,455,431
0,432,443
0,435,433
0,498,434
0,439,436
0,448,437
0,438,476
0,440,451
0,460,441
0,453,444
0,445,501
0,474,446
0,481,447
0,449,475
0,452,450
0,454,477
0,486,456
0,457,465
0,471,458
0,485,461
0,462,464
0,490,463
0,492,466
0,467,494
0,468,469
0,470,499
0,472,480
0,495,478
0,491,479
0,493,483
0,484,489
0,500,487
0,496,488
0,502,506
0,505,503
0,504,523
0,520,507
0,508,524
0,513,509
0,510,525
0,514,511
0,512,519
0,515,521
0,518,516
0,526,517
0,522,527
0,551,528
0,537,529
0,538,530
0,531,569
0,560,532
0,574,533
0,534,546
0,535,543
0,570,536
0,539,554
0,540,542
0,541,547
0,548,544
0,545,552
0,549,571
0,553,550
0,575,555
0,556,561
0,573,557
0,558,582
0,559,568
0,562,567
0,563,564
0,565,572
0,580,566
0,576,577
0,583,578
0,579,581
0,584,601
0,594,585
0,599,586
0,587,607
0,591,588
0,589,609
0,590,603
0,592,602
0,593,612
0,595,600
0,596,618
0,598,597
0,613,604
0,605,617
0,615,606
0,608,611
0,610,626
0,623,614
0,616,624
0,620,619
0,625,621
0,622,627
0,628,633
0,636,629
0,635,630
0,631,637
0,632,646
0,639,634
0,647,638
0,641,640
0,645,642
0,649,643
0,648,644
0,650,656
0,651,666
0,652,654
0,653,660
0,671,655
0,657,658
0,659,665
0,670,661
0,663,662
0,664,668
0,669,667
0,686,672
0,673,683
0,674,675
0,682,676
0,677,694
0,678,685
0,689,679
0,692,680
0,681,688
0,684,693
0,687,695
0,691,690
0,737,696
0,701,697
0,722,698
0,709,699
0,700,708
0,702,713
0,703,735
0,704,729
0,705,716
0,718,706
0,707,725
0,726,710
0,717,711
0,715,712
0,728,714
0,732,719
0,736,720
0,721,738
0,723,739
0,730,724
0,727,733
0,731,734
0,743,740
0,741,742
0,746,744
0,755,745
0,748,747
0,749,752
0,751,750
0,753,754
0,756,786
0,757,759
0,758,777
0,760,762
0,768,761
0,763,778
0,766,764
0,765,779
0,767,770
0,785,769
0,775,771
0,772,784
0,773,787
0,774,780
0,782,776
0,781,783
0,802,788
0,789,805
0,790,814
0,791,812
0,792,795
0,793,801
0,806,794
0,796,817
0,816,797
0,811,798
0,799,813
0,807,800
0,804,803
0,808,810
0,809,815
1,0,17
1,1,12
1,2,6
1,10,3
1,4,9
1,5,7
1,19,8
1,21,11
1,13,18
1,14,22
1,15,23
1,20,16
1,58,24
1,93,25
1,33,26
1,27,62
1,28,43
1,29,80
1,30,87
1,31,32
1,34,40
1,35,39
1,36,42
1,37,45
1,46,38
1,86,41
1,44,52
1,47,61
1,55,48
1,56,49
1,54,50
1,51,85
1,53,60
1,59,57
1,74,63
1,65,64
1,69,66
1,91,67
1,94,68
1,77,70
1,71,83
1,72,73
1,75,95
1,76,89
1,78,82
1,88,79
1,81,84
1,90,92
1,96,104
1,105,97
1,109,98
1,99,102
1,100,106
1,107,101
1,103,110
1,123,108
1,111,112
1,113,120
1,114,115
1,116,125
1,165,117
1,118,134
1,119,127
1,121,181
1,122,151
1,124,126
1,142,128
1,129,133
1,130,131
1,138,132
1,169,135
1,136,139
1,168,137
1,164,140
1,141,172
1,143,146
1,144,163
1,176,145
1,148,147
1,174,149
1,150,152
1,158,153
1,177,154
1,155,170
1,180,156
1,160,157
1,161,159
1,162,166
1,167,178
1,171,179
1,175,173
1,182,187
1,183,186
1,184,191
1,193,185
1,192,188
1,189,190
1,194,201
1,195,208
1,207,196
1,206,197
1,198,211
1,199,205
1,202,200
1,214,203
1,212,204
1,230,209
1,210,213
1,216,215
1,217,237
1,218,227
1,223,219
1,224,220
1,221,225
1,239,222
1,226,236
1,229,228
1,231,238
1,233,232
1,234,235
1,288,240
1,241,244
1,277,242
1,281,243
1,254,245
1,246,249
1,257,247
1,272,248
1,293,250
1,276,251
1,252,259
1,253,258
1,261,255
1,280,256
1,260,283
1,275,262
1,292,263
1,291,264
1,290,265
1,287,266
1,285,267
1,268,295
1,294,269
1,270,289
1,273,271
1,279,274
1,282,278
1,284,286
1,296,307
1,297,323
1,304,298
1,305,299
1,300,301
1,302,324
1,309,303
1,306,317
1,308,322
1,310,327
1,319,311
1,316,312
1,320,313
1,314,321
1,326,315
1,325,318
1,328,372
1,329,367
1,411,330
1,331,341
1,332,421
1,333,368
1,334,412
1,405,335
1,336,339
1,356,337
1,353,338
1,340,401
1,342,365
1,363,343
1,344,373
1,349,345
1,346,357
1,347,366
1,364,348
1,350,360
1,351,408
1,355,352
1,354,407
1,358,359
1,361,376
1,362,374
1,406,369
1,370,371
1,375,413
1,378,377
1,403,379
1,383,380
1,381,399
1,409,382
1,384,418
1,385,393
1,386,415
1,387,397
1,396,388
1,389,390
1,391,392
1,400,394
1,419,395
1,410,398
1,402,417
1,404,416
1,414,420
1,443,422
1,474,423
1,470,424
1,425,435
1,426,498
1,429,427
1,428,432
1,459,430
1,456,431
1,433,441
1,497,434
1,436,447
1,437,439
1,482,438
1,440,442
1,444,469
1,445,453
1,446,473
1,448,481
1,477,449
1,450,451
1,452,475
1,454,476
1,478,455
1,461,457
1,458,467
1,460,468
1,499,462
1,463,491
1,464,490
1,465,479
1,466,486
1,488,471
1,494,472
1,480,496
1,483,489
1,493,484
1,501,485
1,487,495
1,500,492
1,521,502
1,525,503
1,507,504
1,527,505
1,506,508
1,516,509
1,510,512
1,511,526
1,517,513
1,515,514
1,519,518
1,520,522
1,524,523
1,528,573
1,529,553
1,555,530
1,532,531
1,533,539
1,534,545
1,554,535
1,550,536
1,537,538
1,544,540
1,571,541
1,542,548
1,543,549
1,546,547
1,552,551
1,580,556
1,557,561
1,558,581
1,565,559
1,579,560
1,577,562
1,576,563
1,564,583
1,566,568
1,567,575
1,569,570
1,572,578
1,582,574
1,589,584
1,585,593
1,595,586
1,609,587
1,601,588
1,590,622
1,612,591
1,592,598
1,599,594
1,604,596
1,597,600
1,602,626
1,603,607
1,605,621
1,606,613
1,624,608
1,610,617
1,623,611
1,614,615
1,616,627
1,618,619
1,620,625
1,637,628
1,642,629
1,630,638
1,646,631
1,632,647
1,633,639
1,634,643
1,641,635
1,648,636
1,640,645
1,644,649
1,668,650
1,658,651
1,672,652
1,662,653
1,654,665
1,655,666
1,669,656
1,657,671
1,661,659
1,660,664
1,670,663
1,667,675
1,685,673
1,686,674
1,676,677
1,678,684
1,679,691
1,680,693
1,681,683
1,682,689
1,690,687
1,688,692
1,695,694
1,696,703
1,697,702
1,706,698
1,733,699
1,701,700
1,715,704
1,705,722
1,714,707
1,708,709
1,713,710
1,711,718
1,712,728
1,730,716
1,739,717
1,719,721
1,720,731
1,723,737
1,724,738
1,725,734
1,729,726
1,732,727
1,736,735
1,740,750
1,744,741
1,745,742
1,743,746
1,747,749
1,748,754
1,752,751
1,753,755
1,769,756
1,757,775
1,758,768
1,760,759
1,761,766
1,762,767
1,764,763
1,770,765
1,771,785
1,772,773
1,787,774
1,776,781
1,784,777
1,778,779
1,782,780
1,783,786
1,788,799
1,814,789
1,790,791
1,792,796
1,798,793
1,794,795
1,797,811
1,800,801
1,803,802
1,817,804
1,805,813
1,815,806
1,808,807
1,816,809
1,812,810
2,0,13
2,1,10
2,3,2
2,4,22
2,8,5
2,7,6
2,11,9
2,12,21
2,17,14
2,16,15
2,19,18
2,23,20
2,24,44
2,25,30
2,26,29
2,27,53
2,61,28
2,80,31
2,32,33
2,39,34
2,47,35
2,86,36
2,37,46
2,40,38
2,41,43
2,42,54
2,45,62
2,48,50
2,85,49
2,51,55
2,59,52
2,57,56
2,58,60
2,63,65
2,64,94
2,66,75
2,68,67
2,69,91
2,70,84
2,71,72
2,73,76
2,95,74
2,77,81
2,83,78
2,87,79
2,82,90
2,93,88
2,89,92
2,129,96
2,118,97
2,98,99
2,100,167
2,101,177
2,108,102
2,133,103
2,104,113
2,105,151
2,106,107
2,114,109
2,110,159
2,153,111
2,112,161
2,115,123
2,126,116
2,140,117
2,152,119
2,150,120
2,173,121
2,125,122
2,127,124
2,128,134
2,146,130
2,131,142
2,132,155
2,135,166
2,136,169
2,137,171
2,139,138
2,145,141
2,176,143
2,144,162
2,147,174
2,148,149
2,154,165
2,163,156
2,157,178
2,160,158
2,179,164
2,170,168
2,172,180
2,181,175
2,188,182
2,184,183
2,185,186
2,190,187
2,189,192
2,191,193
2,214,194
2,195,233
2,196,230
2,197,207
2,232,198
2,201,199
2,216,200
2,202,205
2,203,212
2,204,213
2,208,206
2,211,209
2,215,210
2,217,231
2,237,218
2,219,227
2,220,238
2,236,221
2,235,222
2,223,226
2,229,224
2,225,234
2,228,239
2,240,272
2,250,241
2,243,242
2,244,254
2,249,245
2,255,246
2,247,271
2,248,260
2,251,273
2,253,252
2,256,281
2,259,257
2,258,261
2,267,262
2,286,263
2,264,283
2,288,265
2,266,291
2,268,294
2,269,275
2,290,270
2,274,292
2,293,276
2,277,279
2,278,284
2,280,285
2,289,282
2,295,287
2,296,306
2,325,297
2,298,309
2,323,299
2,324,300
2,301,302
2,303,305
2,322,304
2,307,308
2,311,310
2,312,320
2,313,321
2,318,314
2,327,315
2,316,319
2,326,317
2,330,328
2,329,391
2,335,331
2,416,332
2,366,333
2,413,334
2,341,336
2,359,337
2,338,374
2,339,402
2,369,340
2,408,342
2,365,343
2,345,344
2,367,346
2,368,347
2,348,363
2,364,349
2,351,350
2,356,352
2,362,353
2,355,354
2,357,358
2,360,376
2,375,361
2,373,370
2,407,371
2,372,411
2,377,403
2,379,378
2,394,380
2,381,385
2,384,382
2,410,383
2,388,386
2,390,387
2,415,389
2,398,392
2,393,409
2,395,400
2,396,421
2,404,397
2,399,420
2,401,405
2,406,417
2,412,414
2,419,418
2,422,425
2,443,423
2,432,424
2,435,426
2,427,440
2,428,472
2,477,429
2,430,453
2,431,460
2,434,433
2,482,436
2,476,437
2,438,481
2,447,439
2,441,450
2,442,449
2,459,444
2,455,445
2,446,448
2,451,474
2,473,452
2,475,454
2,495,456
2,457,500
2,469,458
2,487,461
2,462,470
2,463,478
2,491,464
2,490,465
2,489,466
2,467,493
2,484,468
2,496,471
2,479,499
2,480,483
2,492,485
2,486,501
2,488,494
2,498,497
2,502,508
2,503,522
2,504,514
2,525,505
2,506,507
2,509,510
2,527,511
2,512,518
2,513,515
2,523,516
2,517,519
2,521,520
2,524,526
2,528,538
2,562,529
2,530,552
2,550,531
2,569,532
2,535,533
2,540,534
2,536,539
2,545,537
2,541,555
2,549,542
2,543,571
2,544,553
2,551,546
2,547,554
2,570,548
2,556,565
2,581,557
2,561,558
2,559,566
2,560,580
2,577,563
2,567,564
2,568,579
2,583,572
2,573,582
2,575,574
2,578,576
2,584,624
2,597,585
2,586,594
2,587,590
2,588,589
2,591,592
2,593,601
2,598,595
2,596,599
2,600,609
2,607,602
2,612,603
2,604,614
2,626,605
2,608,606
2,625,610
2,611,613
2,615,616
2,617,620
2,621,618
2,619,622
2,627,623
2,628,632
2,629,649
2,634,630
2,638,631
2,635,633
2,636,640
2,637,646
2,639,647
2,644,641
2,643,642
2,645,648
2,667,650
2,656,651
2,666,652
2,653,664
2,654,686
2,655,657
2,694,658
2,659,668
2,660,662
2,665,661
2,671,663
2,674,669
2,687,670
2,675,672
2,673,684
2,691,676
2,690,677
2,688,678
2,679,682
2,683,680
2,689,681
2,693,685
2,695,692
2,709,696
2,698,697
2,699,700
2,708,701
2,737,702
2,714,703
2,707,704
2,728,705
2,735,706
2,710,729
2,739,711
2,726,712
2,716,713
2,720,715
2,717,730
2,718,722
2,731,719
2,721,727
2,738,723
2,724,733
2,725,736
2,734,732
2,754,740
2,741,743
2,742,752
2,745,744
2,749,746
2,747,753
2,750,748
2,751,755
2,756,761
2,771,757
2,762,758
2,759,765
2,768,760
2,787,763
2,779,764
2,766,767
2,769,770
2,777,772
2,781,773
2,774,783
2,775,784
2,778,776
2,780,785
2,786,782
2,788,803
2,789,800
2,796,790
2,791,806
2,810,792
2,793,797
2,807,794
2,795,817
2,798,808
2,799,804
2,801,814
2,802,816
2,809,805
2,812,811
2,813,815
3,7,0
3,9,1
3,13,2
3,3,11
3,12,4
3,10,5
3,6,8
3,14,19
3,21,15
3,22,16
3,17,23
3,18,20
3,52,24
3,25,29
3,26,32
3,44,27
3,28,58
3,30,31
3,50,33
3,45,34
3,38,35
3,85,36
3,41,37
3,42,39
3,40,47
3,43,59
3,46,61
3,48,86
3,49,51
3,57,53
3,60,54
3,56,55
3,62,90
3,63,66
3,68,64
3,65,69
3,67,95
3,70,82
3,76,71
3,84,72
3,83,73
3,94,74
3,75,93
3,92,77
3,78,81
3,79,80
3,87,88
3,89,91
3,103,96
3,97,129
3,121,98
3,99,115
3,181,100
3,178,101
3,102,114
3,104,110
3,120,105
3,106,109
3,107,153
3,108,116
3,111,160
3,112,113
3,117,118
3,119,150
3,122,124
3,151,123
3,125,126
3,152,127
3,140,128
3,130,144
3,175,131
3,139,132
3,133,142
3,134,146
3,170,135
3,166,136
3,138,137
3,163,141
3,145,143
3,149,147
3,169,148
3,161,154
3,155,167
3,156,172
3,159,157
3,177,158
3,180,162
3,164,171
3,165,168
3,173,176
3,179,174
3,182,184
3,183,191
3,185,192
3,186,190
3,187,193
3,188,189
3,200,194
3,197,195
3,209,196
3,198,208
3,199,215
3,201,203
3,233,202
3,211,204
3,205,232
3,212,206
3,213,207
3,210,228
3,230,214
3,231,216
3,239,217
3,218,220
3,237,219
3,221,229
3,222,225
3,227,223
3,238,224
3,234,226
3,236,235
3,240,254
3,241,246
3,242,244
3,243,274
3,245,277
3,252,247
3,259,248
3,250,249
3,251,253
3,255,260
3,279,256
3,257,261
3,271,258
3,262,269
3,263,268
3,282,264
3,265,280
3,266,290
3,267,295
3,270,288
3,272,273
3,275,294
3,283,276
3,285,278
3,281,286
3,284,287
3,291,289
3,292,293
3,300,296
3,304,297
3,298,327
3,299,307
3,322,301
3,303,302
3,315,305
3,319,306
3,308,312
3,321,309
3,310,316
3,313,311
3,314,325
3,317,318
3,320,326
3,324,323
3,414,328
3,334,329
3,367,330
3,331,348
3,332,370
3,421,333
3,335,369
3,417,336
3,337,338
3,343,339
3,341,340
3,363,342
3,344,366
3,359,345
3,373,346
3,347,358
3,349,365
3,350,356
3,352,351
3,353,360
3,354,362
3,371,355
3,368,357
3,407,361
3,408,364
3,378,372
3,374,412
3,376,375
3,393,377
3,391,379
3,380,384
3,418,381
3,382,410
3,383,409
3,392,385
3,387,386
3,390,388
3,389,416
3,395,394
3,415,396
3,397,403
3,398,404
3,400,399
3,401,406
3,405,402
3,411,413
3,420,419
3,433,422
3,423,473
3,424,425
3,432,426
3,497,427
3,471,428
3,429,440
3,460,430
3,454,431
3,434,462
3,470,435
3,436,438
3,437,447
3,439,476
3,441,443
3,450,442
3,456,444
3,469,445
3,475,446
3,448,455
3,449,474
3,451,452
3,453,458
3,457,491
3,468,459
3,461,486
3,464,463
3,465,500
3,466,490
3,483,467
3,472,488
3,481,477
3,478,482
3,489,479
3,494,480
3,484,492
3,485,487
3,493,496
3,501,495
3,499,498
3,515,502
3,503,524
3,508,504
3,505,506
3,507,523
3,509,512
3,510,513
3,520,511
3,514,527
3,516,517
3,518,525
3,526,519
3,522,521
3,529,528
3,530,567
3,531,559
3,532,535
3,533,575
3,534,544
3,536,554
3,551,537
3,538,547
3,539,569
3,549,540
3,548,541
3,542,543
3,553,545
3,546,552
3,571,550
3,555,573
3,556,560
3,557,558
3,581,561
3,578,562
3,563,583
3,564,577
3,566,565
3,582,568
3,574,570
3,572,576
3,580,579
3,594,584
3,585,586
3,587,612
3,599,588
3,589,600
3,627,590
3,609,591
3,593,592
3,595,597
3,602,596
3,601,598
3,610,603
3,606,604
3,619,605
3,622,607
3,613,608
3,615,611
3,614,616
3,617,625
3,620,618
3,621,626
3,624,623
3,649,628
3,631,629
3,630,640
3,633,632
3,636,634
3,646,635
3,647,637
3,638,639
3,642,641
3,648,643
3,645,644
3,650,691
3,651,675
3,652,694
3,653,659
3,664,654
3,672,655
3,668,656
3,666,657
3,658,679
3,665,660
3,663,661
3,662,670
3,674,667
3,676,669
3,686,671
3,693,673
3,677,687
3,678,690
3,680,695
3,685,681
3,682,688
3,692,683
3,684,689
3,702,696
3,697,707
3,698,735
3,701,699
3,700,724
3,703,725
3,704,712
3,729,705
3,706,716
3,713,708
3,709,737
3,710,731
3,711,719
3,730,714
3,715,718
3,717,732
3,722,720
3,736,721
3,727,723
3,726,728
3,734,733
3,738,739
3,740,741
3,746,742
3,743,753
3,744,748
3,752,745
3,755,747
3,751,749
3,750,754
3,758,756
3,785,757
3,770,759
3,767,760
3,761,769
3,765,762
3,763,779
3,783,764
3,766,768
3,784,771
3,782,772
3,773,778
3,781,774
3,786,775
3,776,780
3,777,787
3,793,788
3,799,789
3,790,792
3,791,808
3,797,794
3,796,795
3,806,798
3,811,800
3,801,807
3,802,813
3,803,805
3,804,816
3,814,809
3,810,815
3,817,812
4,8,0
4,6,1
4,2,9
4,5,3
4,4,10
4,19,7
4,11,13
4,15,12
4,14,21
4,16,23
4,20,17
4,18,22
4,78,24
4,33,25
4,93,26
4,27,42
4,53,28
4,29,85
4,32,30
4,31,79
4,34,46
4,35,37
4,36,38
4,39,41
4,86,40
4,43,60
4,59,44
4,47,45
4,54,48
4,55,49
4,50,51
4,52,57
4,58,56
4,90,61
4,88,62
4,64,63
4,65,75
4,95,66
4,67,94
4,91,68
4,69,92
4,71,70
4,72,83
4,73,84
4,74,89
4,81,76
4,77,82
4,80,87
4,96,128
4,97,133
4,98,108
4,99,121
4,109,100
4,101,106
4,115,102
4,103,119
4,159,104
4,105,150
4,107,178
4,160,110
4,111,120
4,158,112
4,113,153
4,124,114
4,116,127
4,134,117
4,131,118
4,123,122
4,151,125
4,126,152
4,129,130
4,132,135
4,136,155
4,137,149
4,167,138
4,148,139
4,146,140
4,141,173
4,142,144
4,143,163
4,162,145
4,147,179
4,154,164
4,176,156
4,157,161
4,174,165
4,166,180
4,168,169
4,171,170
4,172,175
4,177,181
4,182,191
4,193,183
4,184,188
4,190,185
4,189,186
4,192,187
4,194,203
4,195,196
4,232,197
4,207,198
4,213,199
4,200,212
4,202,201
4,210,204
4,205,215
4,206,230
4,208,211
4,214,209
4,216,233
4,217,218
4,238,219
4,227,220
4,221,222
4,224,223
4,225,236
4,226,235
4,228,234
4,229,239
4,231,237
4,290,240
4,277,241
4,242,250
4,276,243
4,244,270
4,252,245
4,246,253
4,247,251
4,248,257
4,293,249
4,254,255
4,261,256
4,260,258
4,273,259
4,294,262
4,269,263
4,289,264
4,265,291
4,278,266
4,274,267
4,286,268
4,272,271
4,275,292
4,280,279
4,281,283
4,288,282
4,284,295
4,287,285
4,296,327
4,297,298
4,299,322
4,306,300
4,301,323
4,302,307
4,304,303
4,305,308
4,309,324
4,325,310
4,311,326
4,312,321
4,316,313
4,314,320
4,315,317
4,319,318
4,328,368
4,329,378
4,334,330
4,369,331
4,333,332
4,340,335
4,336,421
4,351,337
4,358,338
4,339,363
4,342,341
4,348,343
4,347,344
4,346,345
4,371,349
4,361,350
4,362,352
4,356,353
4,360,354
4,355,359
4,357,373
4,364,365
4,366,367
4,370,408
4,372,391
4,374,411
4,414,375
4,413,376
4,377,410
4,379,392
4,380,419
4,381,394
4,382,399
4,385,383
4,384,417
4,386,390
4,396,387
4,416,388
4,403,389
4,397,393
4,418,395
4,409,398
4,400,420
4,402,401
4,404,415
4,405,412
4,406,407
4,422,432
4,453,423
4,424,498
4,425,434
4,426,481
4,427,433
4,452,428
4,443,429
4,431,430
4,462,435
4,446,436
4,438,437
4,448,439
4,440,441
4,442,451
4,444,487
4,445,460
4,476,447
4,450,449
4,473,454
4,455,456
4,499,457
4,458,494
4,459,469
4,500,461
4,463,465
4,479,464
4,466,485
4,467,484
4,496,468
4,497,470
4,471,480
4,493,472
4,474,475
4,482,477
4,501,478
4,488,483
4,486,495
4,490,489
4,491,492
4,502,507
4,523,503
4,527,504
4,517,505
4,506,520
4,508,515
4,519,509
4,526,510
4,511,521
4,512,516
4,518,513
4,522,514
4,524,525
4,563,528
4,529,530
4,535,531
4,533,532
4,534,542
4,571,536
4,537,555
4,546,538
4,539,570
4,540,548
4,541,544
4,543,553
4,545,551
4,552,547
4,569,549
4,554,550
4,568,556
4,574,557
4,558,580
4,579,559
4,560,581
4,561,573
4,576,562
4,564,578
4,565,583
4,572,566
4,577,567
4,575,582
4,584,595
4,607,585
4,586,588
4,597,587
4,589,598
4,590,617
4,596,591
4,592,601
4,609,593
4,600,594
4,603,599
4,602,612
4,604,621
4,605,620
4,623,606
4,614,608
4,622,610
4,611,627
4,616,613
4,624,615
4,618,625
4,626,619
4,628,629
4,637,630
4,647,631
4,632,636
4,633,638
4,646,634
4,640,635
4,643,639
4,641,648
4,644,642
4,649,645
4,676,650
4,657,651
4,652,671
4,667,653
4,654,672
4,658,655
4,656,674
4,659,662
4,661,660
4,663,686
4,669,664
4,668,665
4,675,666
4,670,690
4,673,695
4,677,691
4,681,678
4,687,679
4,685,680
4,694,682
4,683,693
4,684,692
4,689,688
4,696,697
4,725,698
4,699,702
4,700,737
4,713,701
4,703,736
4,705,704
4,707,706
4,708,726
4,723,709
4,714,710
4,720,711
4,712,730
4,722,715
4,716,718
4,731,717
4,719,738
4,733,721
4,724,727
4,728,729
4,732,739
4,735,734
4,753,740
4,748,741
4,742,750
4,747,743
4,752,744
4,745,751
4,754,746
4,755,749
4,757,756
4,779,758
4,759,769
4,760,766
4,763,761
4,762,770
4,764,768
4,767,765
4,771,782
4,772,781
4,783,773
4,774,778
4,775,785
4,787,776
4,780,777
4,784,786
4,788,801
4,803,789
4,795,790
4,794,791
4,792,811
4,807,793
4,808,796
4,797,798
4,805,799
4,800,810
4,815,802
4,804,809
4,813,806
4,816,812
4,814,817
5,0,20
5,1,5
5,12,2
5,3,13
5,7,4
5,10,6
5,9,8
5,11,14
5,22,15
5,16,19
5,21,17
5,23,18
5,24,90
5,87,25
5,26,30
5,27,43
5,62,28
5,29,31
5,51,32
5,33,80
5,37,34
5,35,46
5,39,36
5,38,47
5,41,40
5,85,42
5,44,60
5,45,88
5,48,49
5,86,50
5,53,52
5,54,56
5,57,55
5,58,59
5,61,64
5,63,75
5,66,65
5,92,67
5,69,68
5,70,78
5,89,71
5,82,72
5,73,77
5,91,74
5,84,76
5,79,93
5,83,81
5,94,95
5,96,134
5,128,97
5,173,98
5,114,99
5,100,107
5,102,101
5,112,103
5,104,105
5,116,106
5,121,108
5,115,109
5,110,111
5,122,113
5,133,117
5,118,129
5,119,125
5,120,151
5,152,123
5,150,124
5,127,126
5,130,162
5,131,140
5,170,132
5,135,155
5,171,136
5,137,147
5,138,148
5,167,139
5,141,166
5,143,142
5,144,146
5,145,163
5,149,169
5,153,157
5,178,154
5,175,156
5,158,159
5,161,160
5,165,164
5,179,168
5,181,172
5,174,177
5,180,176
5,190,182
5,189,183
5,187,184
5,185,188
5,191,186
5,192,193
5,199,194
5,207,195
5,196,208
5,197,230
5,198,233
5,215,200
5,201,205
5,202,232
5,203,213
5,204,216
5,209,206
5,212,210
5,211,214
5,220,217
5,218,224
5,219,231
5,228,221
5,236,222
5,223,225
5,226,239
5,237,227
5,235,229
5,234,238
5,255,240
5,241,242
5,243,293
5,250,244
5,276,245
5,246,277
5,248,247
5,249,254
5,283,251
5,258,252
5,253,273
5,256,291
5,257,272
5,271,259
5,260,281
5,280,261
5,262,292
5,263,284
5,264,265
5,270,266
5,267,269
5,268,274
5,287,275
5,289,278
5,295,279
5,282,285
5,286,294
5,290,288
5,305,296
5,300,297
5,298,325
5,321,299
5,308,301
5,302,304
5,323,303
5,324,306
5,307,322
5,309,320
5,310,319
5,318,311
5,327,312
5,317,313
5,326,314
5,316,315
5,413,328
5,368,329
5,330,333
5,331,340
5,332,364
5,376,334
5,402,335
5,369,336
5,337,357
5,338,356
5,401,339
5,341,348
5,342,405
5,343,355
5,344,358
5,345,366
5,359,346
5,367,347
5,421,349
5,354,350
5,353,351
5,352,361
5,362,360
5,365,363
5,370,407
5,373,371
5,372,414
5,375,374
5,379,377
5,378,409
5,395,380
5,419,381
5,394,382
5,383,384
5,420,385
5,386,396
5,387,416
5,388,415
5,410,389
5,390,403
5,391,404
5,392,393
5,398,397
5,399,418
5,417,400
5,408,406
5,412,411
5,422,442
5,430,423
5,435,424
5,433,425
5,426,497
5,427,476
5,428,443
5,481,429
5,431,446
5,434,432
5,436,448
5,477,437
5,447,438
5,482,439
5,449,440
5,452,441
5,444,466
5,456,445
5,454,450
5,451,475
5,468,453
5,455,485
5,479,457
5,472,458
5,460,459
5,461,491
5,498,462
5,489,463
5,470,464
5,465,499
5,480,467
5,469,496
5,494,471
5,473,474
5,478,486
5,483,484
5,487,501
5,488,493
5,492,490
5,495,500
5,504,502
5,507,503
5,505,524
5,523,506
5,521,508
5,509,526
5,519,510
5,511,522
5,514,512
5,513,516
5,520,515
5,517,518
5,525,527
5,528,537
5,538,529
5,530,575
5,570,531
5,532,539
5,583,533
5,549,534
5,550,535
5,536,569
5,545,540
5,543,541
5,542,571
5,544,546
5,547,551
5,555,548
5,552,564
5,553,554
5,566,556
5,557,582
5,579,558
5,559,581
5,565,560
5,561,577
5,562,572
5,578,563
5,567,576
5,568,580
5,573,574
5,584,590
5,585,595
5,586,589
5,592,587
5,588,603
5,591,602
5,593,600
5,594,597
5,596,619
5,598,609
5,626,599
5,612,601
5,608,604
5,618,605
5,627,606
5,607,610
5,611,616
5,613,624
5,620,614
5,615,623
5,617,621
5,625,622
5,631,628
5,629,648
5,630,647
5,635,632
5,634,633
5,642,636
5,638,637
5,639,646
5,644,640
5,641,649
5,643,645
5,650,678
5,651,674
5,655,652
5,653,668
5,666,654
5,690,656
5,672,657
5,695,658
5,659,670
5,660,667
5,661,669
5,671,662
5,694,663
5,665,664
5,680,673
5,675,686
5,687,676
5,679,677
5,681,684
5,691,682
5,683,689
5,692,685
5,688,693
5,696,700
5,706,697
5,698,703
5,699,708
5,737,701
5,702,728
5,710,704
5,712,705
5,718,707
5,709,724
5,711,722
5,726,713
5,716,714
5,736,715
5,727,717
5,719,720
5,721,732
5,734,723
5,725,735
5,729,730
5,739,731
5,738,733
5,740,747
5,741,751
5,742,743
5,744,755
5,746,745
5,749,748
5,750,753
5,754,752
5,756,767
5,757,770
5,778,758
5,764,759
5,765,760
5,761,771
5,768,762
5,766,763
5,769,783
5,776,772
5,773,774
5,782,775
5,781,777
5,779,787
5,780,784
5,785,786
5,805,788
5,789,807
5,793,790
5,791,796
5,794,792
5,795,814
5,808,797
5,798,800
5,799,801
5,809,802
5,817,803
5,813,804
5,812,806
5,811,810
5,815,816
6,0,11
6,13,1
6,2,10
6,3,9
6,4,6
6,5,12
6,7,8
6,14,20
6,15,19
6,17,16
6,18,21
6,23,22
6,24,54
6,25,26
6,59,27
6,28,44
6,32,29
6,30,79
6,31,33
6,34,47
6,42,35
6,36,37
6,38,39
6,40,45
6,85,41
6,43,52
6,46,62
6,51,48
6,49,86
6,56,50
6,90,53
6,55,58
6,60,57
6,61,87
6,93,63
6,95,64
6,68,65
6,67,66
6,94,69
6,83,70
6,71,77
6,76,72
6,89,73
6,74,92
6,75,91
6,78,84
6,88,80
6,81,82
6,133,96
6,97,134
6,98,116
6,109,99
6,100,178
6,101,181
6,102,121
6,105,103
6,104,153
6,106,114
6,177,107
6,108,115
6,110,112
6,159,111
6,113,160
6,117,129
6,140,118
6,151,119
6,152,120
6,126,122
6,127,123
6,124,161
6,125,150
6,128,131
6,130,143
6,132,167
6,168,135
6,136,170
6,139,137
6,155,138
6,176,141
6,142,146
6,144,180
6,145,175
6,147,165
6,148,179
6,154,149
6,156,173
6,157,158
6,163,162
6,164,174
6,166,172
6,169,171
6,182,189
6,183,187
6,184,185
6,186,192
6,188,191
6,193,190
6,194,213
6,232,195
6,196,198
6,233,197
6,199,204
6,200,201
6,230,202
6,205,203
6,206,207
6,208,209
6,214,210
6,211,212
6,215,231
6,216,221
6,224,217
6,218,223
6,219,220
6,222,226
6,225,228
6,238,227
6,229,236
6,239,234
6,235,237
6,240,289
6,241,293
6,245,242
6,249,243
6,244,248
6,250,246
6,261,247
6,251,258
6,252,257
6,253,277
6,254,260
6,255,271
6,283,256
6,259,272
6,263,262
6,264,290
6,282,265
6,266,284
6,275,267
6,285,268
6,269,287
6,278,270
6,273,276
6,274,295
6,279,286
6,281,280
6,291,288
6,292,294
6,296,298
6,306,297
6,299,309
6,304,300
6,301,307
6,323,302
6,303,308
6,312,305
6,318,310
6,311,314
6,313,326
6,320,315
6,321,316
6,319,317
6,322,324
6,327,325
6,367,328
6,329,372
6,349,330
6,331,417
6,332,371
6,333,378
6,414,334
6,335,341
6,336,402
6,337,358
6,357,338
6,348,339
6,340,343
6,364,342
6,346,344
6,345,347
6,350,352
6,356,351
6,353,355
6,361,354
6,373,359
6,360,375
6,407,362
6,363,370
6,365,408
6,366,368
6,401,369
6,374,413
6,411,376
6,377,392
6,410,379
6,382,380
6,381,383
6,400,384
6,385,412
6,404,386
6,398,387
6,388,421
6,389,396
6,415,390
6,393,391
6,394,419
6,399,395
6,409,397
6,403,416
6,406,405
6,420,418
6,441,422
6,423,431
6,424,427
6,498,425
6,434,426
6,440,428
6,429,442
6,447,430
6,432,433
6,497,435
6,436,477
6,437,482
6,438,448
6,439,446
6,451,443
6,445,444
6,449,473
6,475,450
6,474,452
6,453,460
6,459,454
6,486,455
6,487,456
6,457,489
6,458,468
6,466,461
6,462,463
6,464,499
6,465,491
6,472,467
6,469,483
6,495,470
6,471,493
6,476,481
6,485,478
6,490,479
6,484,480
6,492,488
6,496,494
6,501,500
6,502,522
6,503,504
6,505,523
6,506,521
6,524,507
6,508,514
6,525,509
6,510,517
6,515,511
6,512,513
6,516,519
6,526,518
6,527,520
6,528,530
6,554,529
6,531,533
6,536,532
6,537,534
6,569,535
6,538,552
6,539,550
6,540,543
6,541,549
6,542,553
6,547,544
6,546,545
6,548,573
6,551,575
6,582,555
6,556,579
6,557,565
6,560,558
6,580,559
6,574,561
6,562,583
6,563,567
6,572,564
6,576,566
6,581,568
6,571,570
6,577,578
6,623,584
6,587,585
6,590,586
6,588,593
6,595,589
6,601,591
6,600,592
6,598,594
6,610,596
6,597,609
6,599,602
6,603,626
6,604,615
6,622,605
6,606,611
6,612,607
6,616,608
6,619,613
6,624,614
6,617,618
6,621,620
6,625,627
6,648,628
6,629,644
6,636,630
6,633,631
6,637,632
6,634,647
6,635,642
6,646,638
6,649,639
6,640,643
6,645,641
6,666,650
6,652,651
6,669,653
6,654,658
6,674,655
6,656,676
6,686,657
6,663,659
6,677,660
6,664,661
6,662,694
6,667,665
6,668,675
6,670,691
6,672,671
6,673,681
6,678,683
6,679,690
6,684,680
6,682,687
6,685,688
6,692,689
6,693,695
6,724,696
6,697,699
6,714,698
6,700,709
6,701,702
6,703,708
6,704,716
6,715,705
6,706,713
6,735,707
6,710,712
6,711,736
6,717,729
6,720,718
6,723,719
6,739,721
6,722,725
6,730,726
6,731,727
6,728,732
6,733,737
6,738,734
6,740,744
6,746,741
6,747,742
6,743,745
6,748,752
6,749,753
6,755,750
6,751,754
6,762,756
6,769,757
6,758,766
6,759,779
6,760,764
6,770,761
6,763,765
6,768,767
6,786,771
6,774,772
6,777,773
6,775,780
6,784,776
6,778,781
6,785,782
6,783,787
6,789,788
6,790,817
6,797,791
6,792,808
6,800,793
6,796,794
6,807,795
6,810,798
6,802,799
6,801,805
6,803,809
6,804,814
6,806,811
6,812,815
6,816,813
7,1,0
7,5,2
7,12,3
7,8,4
7,6,9
7,20,7
7,11,10
7,16,13
7,15,14
7,17,18
7,19,23
7,22,21
7,55,24
7,31,25
7,26,79
7,28,27
7,29,51
7,80,30
7,32,86
7,33,93
7,34,38
7,45,35
7,36,40
7,37,39
7,41,42
7,53,43
7,57,44
7,47,46
7,48,56
7,49,54
7,50,85
7,52,58
7,59,60
7,88,61
7,87,62
7,63,94
7,64,66
7,65,67
7,68,92
7,69,95
7,76,70
7,71,81
7,72,89
7,73,78
7,74,75
7,77,83
7,82,84
7,91,90
7,105,96
7,103,97
7,98,102
7,99,126
7,177,100
7,101,167
7,119,104
7,153,106
7,107,109
7,108,114
7,157,110
7,111,113
7,112,120
7,115,116
7,117,164
7,118,130
7,141,121
7,122,127
7,123,150
7,124,151
7,125,152
7,146,128
7,129,142
7,131,143
7,132,169
7,134,133
7,135,163
7,162,136
7,148,137
7,168,138
7,147,139
7,140,144
7,173,145
7,149,179
7,174,154
7,171,155
7,156,166
7,158,161
7,160,159
7,170,165
7,172,176
7,180,175
7,181,178
7,192,182
7,185,183
7,189,184
7,186,187
7,193,188
7,190,191
7,212,194
7,195,198
7,197,196
7,202,199
7,200,205
7,232,201
7,204,203
7,206,211
7,209,207
7,230,208
7,210,216
7,213,214
7,233,215
7,217,238
7,231,218
7,224,219
7,220,236
7,221,235
7,234,222
7,237,223
7,225,229
7,228,226
7,227,239
7,260,240
7,243,241
7,242,292
7,244,249
7,245,250
7,273,246
7,247,258
7,248,271
7,277,251
7,276,252
7,272,253
7,254,261
7,259,255
7,257,256
7,262,286
7,275,263
7,266,264
7,265,278
7,280,267
7,268,287
7,284,269
7,270,291
7,293,274
7,281,279
7,290,282
7,295,283
7,294,285
7,288,289
7,312,296
7,297,322
7,298,300
7,302,299
7,303,301
7,304,308
7,307,305
7,306,327
7,309,323
7,313,310
7,311,316
7,314,317
7,315,318
7,326,319
7,320,321
7,325,324
7,328,366
7,329,349
7,330,372
7,336,331
7,348,332
7,333,367
7,334,378
7,335,417
7,375,337
7,338,373
7,339,340
7,341,401
7,343,342
7,344,368
7,358,345
7,347,346
7,350,353
7,351,362
7,354,352
7,355,356
7,359,357
7,361,360
7,408,363
7,371,364
7,370,365
7,369,402
7,374,406
7,412,376
7,377,391
7,393,379
7,380,399
7,395,381
7,383,382
7,384,394
7,419,385
7,386,389
7,421,387
7,403,388
7,390,404
7,409,392
7,396,398
7,397,410
7,418,400
7,405,407
7,411,414
7,413,420
7,416,415
7,422,449
7,423,469
7,424,434
7,425,470
7,433,426
7,427,498
7,441,428
7,476,429
7,454,430
7,431,459
7,435,432
7,437,436
7,446,438
7,439,477
7,443,440
7,442,452
7,444,460
7,468,445
7,448,447
7,450,474
7,473,451
7,475,453
7,501,455
7,456,485
7,463,457
7,493,458
7,461,495
7,462,465
7,489,464
7,491,466
7,467,496
7,471,472
7,478,487
7,500,479
7,480,488
7,481,482
7,490,483
7,494,484
7,486,492
7,499,497
7,502,503
7,504,505
7,506,524
7,521,507
7,522,508
7,511,509
7,518,510
7,517,512
7,513,526
7,514,520
7,527,515
7,516,525
7,523,519
7,564,528
7,529,552
7,530,562
7,531,583
7,532,570
7,533,536
7,534,541
7,535,539
7,537,547
7,551,538
7,540,555
7,550,542
7,548,543
7,544,549
7,545,554
7,553,546
7,559,556
7,580,557
7,558,574
7,560,566
7,561,576
7,575,563
7,568,565
7,567,578
7,569,571
7,572,577
7,573,581
7,579,582
7,584,585
7,586,598
7,594,587
7,592,588
7,589,597
7,607,590
7,591,593
7,599,595
7,603,596
7,600,601
7,602,610
7,616,604
7,605,625
7,614,606
7,615,608
7,609,612
7,624,611
7,613,623
7,627,617
7,626,618
7,619,621
7,622,620
7,628,646
7,640,629
7,630,643
7,649,631
7,632,638
7,647,633
7,637,634
7,644,635
7,641,636
7,645,639
7,642,648
7,650,669
7,651,692
7,658,652
7,661,653
7,657,654
7,655,664
7,675,656
7,677,659
7,660,663
7,662,672
7,665,686
7,673,666
7,667,668
7,694,670
7,674,671
7,676,678
7,695,679
7,680,681
7,690,682
7,683,688
7,685,684
7,687,691
7,689,693
7,696,701
7,697,700
7,704,698
7,737,699
7,708,702
7,707,703
7,705,717
7,714,706
7,733,709
7,728,710
7,715,711
7,712,729
7,713,730
7,716,726
7,718,725
7,719,739
7,720,735
7,734,721
7,736,722
7,724,723
7,727,738
7,732,731
7,742,740
7,752,741
7,743,754
7,744,747
7,745,749
7,750,746
7,755,748
7,753,751
7,756,775
7,757,761
7,760,758
7,759,763
7,779,762
7,767,764
7,765,768
7,766,770
7,771,769
7,772,778
7,773,776
7,777,774
7,780,786
7,787,781
7,782,784
7,783,785
7,788,807
7,801,789
7,794,790
7,792,791
7,793,799
7,800,795
7,810,796
7,813,797
7,815,798
7,805,802
7,814,803
7,804,812
7,806,816
7,808,811
7,809,817
8,12,0
8,1,11
8,22,2
8,6,3
8,4,5
8,9,7
8,10,8
8,13,23
8,14,18
8,20,15
8,21,16
8,19,17
8,24,57
8,25,80
8,26,31
8,27,41
8,52,28
8,30,29
8,48,32
8,79,33
8,42,34
8,35,36
8,37,38
8,39,40
8,58,43
8,44,53
8,46,45
8,47,88
8,50,49
8,54,51
8,60,55
8,56,59
8,62,61
8,63,91
8,64,74
8,95,65
8,66,68
8,89,67
8,90,69
8,70,73
8,84,71
8,81,72
8,94,75
8,77,76
8,92,78
8,83,82
8,86,85
8,93,87
8,96,118
8,97,117
8,114,98
8,99,108
8,100,101
8,116,102
8,103,111
8,120,104
8,134,105
8,158,106
8,181,107
8,178,109
8,161,110
8,112,157
8,113,119
8,115,122
8,121,176
8,123,124
8,127,125
8,150,126
8,128,133
8,146,129
8,130,142
8,144,131
8,137,132
8,136,135
8,138,147
8,139,155
8,143,140
8,175,141
8,145,166
8,174,148
8,149,168
8,151,152
8,159,153
8,179,154
8,162,156
8,164,160
8,163,180
8,165,171
8,167,177
8,169,170
8,172,173
8,182,186
8,188,183
8,184,193
8,187,185
8,191,189
8,192,190
8,194,205
8,195,206
8,196,232
8,197,208
8,198,209
8,203,199
8,204,200
8,201,214
8,216,202
8,207,230
8,211,210
8,213,212
8,219,215
8,223,217
8,238,218
8,237,220
8,239,221
8,222,229
8,227,224
8,226,225
8,235,228
8,231,233
8,236,234
8,240,270
8,241,292
8,249,242
8,279,243
8,288,244
8,246,245
8,260,247
8,248,261
8,250,255
8,256,251
8,252,273
8,257,253
8,271,254
8,258,272
8,276,259
8,287,262
8,263,294
8,264,278
8,265,266
8,267,268
8,269,295
8,274,281
8,286,275
8,293,277
8,283,280
8,291,282
8,285,284
8,289,290
8,308,296
8,327,297
8,298,306
8,299,303
8,300,323
8,324,301
8,322,302
8,307,304
8,305,320
8,309,312
8,310,326
8,317,311
8,314,313
8,321,315
8,316,318
8,325,319
8,334,328
8,330,329
8,331,339
8,349,332
8,379,333
8,401,335
8,340,336
8,373,337
8,338,359
8,341,343
8,342,348
8,367,344
8,368,345
8,346,366
8,357,347
8,355,350
8,351,354
8,352,353
8,356,358
8,360,374
8,362,361
8,363,371
8,364,370
8,365,407
8,417,369
8,372,377
8,420,375
8,376,414
8,378,393
8,380,381
8,382,395
8,392,383
8,384,399
8,385,411
8,386,398
8,387,388
8,389,404
8,390,416
8,391,403
8,394,418
8,397,396
8,400,419
8,402,406
8,405,408
8,410,409
8,413,412
8,415,421
8,440,422
8,445,423
8,426,424
8,425,497
8,427,432
8,428,433
8,429,437
8,430,446
8,431,475
8,470,434
8,435,498
8,481,436
8,438,439
8,451,441
8,442,443
8,455,444
8,447,456
8,482,448
8,452,449
8,473,450
8,453,459
8,474,454
8,464,457
8,458,484
8,460,469
8,461,501
8,495,462
8,479,463
8,465,478
8,466,487
8,488,467
8,468,471
8,496,472
8,477,476
8,480,493
8,483,494
8,485,486
8,492,489
8,491,490
8,499,500
8,520,502
8,503,506
8,524,504
8,507,505
8,511,508
8,509,517
8,510,516
8,526,512
8,513,514
8,522,515
8,518,523
8,519,525
8,521,527
8,528,575
8,578,529
8,530,551
8,536,531
8,532,550
8,533,569
8,547,534
8,570,535
8,552,537
8,538,545
8,539,553
8,571,540
8,542,541
8,543,544
8,554,546
8,549,548
8,555,574
8,581,556
8,557,579
8,573,558
8,561,559
8,568,560
8,564,562
8,563,572
8,565,576
8,566,577
8,583,567
8,582,580
8,598,584
8,585,590
8,597,586
8,593,587
8,588,600
8,601,589
8,591,607
8,609,592
8,595,594
8,596,612
8,608,599
8,602,603
8,618,604
8,605,627
8,606,624
8,621,610
8,611,614
8,613,615
8,623,616
8,617,622
8,625,619
8,620,626
8,638,628
8,629,641
8,639,630
8,631,648
8,632,640
8,633,637
8,634,645
8,635,636
8,642,649
8,643,644
8,647,646
8,690,650
8,651,673
8,657,652
8,653,663
8,654,655
8,656,666
8,658,687
8,659,660
8,661,668
8,686,662
8,664,667
8,669,665
8,670,677
8,671,675
8,672,674
8,681,676
8,691,678
8,679,694
8,680,689
8,695,682
8,683,685
8,688,684
8,693,692
8,699,696
8,708,697
8,698,736
8,702,700
8,726,701
8,703,706
8,717,704
8,718,705
8,707,713
8,709,738
8,710,730
8,711,712
8,729,714
8,725,715
8,716,728
8,719,734
8,732,720
8,721,731
8,735,722
8,723,733
8,737,724
8,727,739
8,740,746
8,741,745
8,742,744
8,750,743
8,751,747
8,753,748
8,754,749
8,752,755
8,756,785
8,786,757
8,767,758
8,761,759
8,763,760
8,762,766
8,764,765
8,770,768
8,769,775
8,771,783
8,772,780
8,784,773
8,774,782
8,776,777
8,778,787
8,781,779
8,788,800
8,795,789
8,790,803
8,791,810
8,797,792
8,805,793
8,794,808
8,796,806
8,798,813
8,799,814
8,816,801
8,802,804
8,811,807
8,809,812
8,817,815
9,0,19
9,7,1
9,2,11
9,3,4
9,5,6
9,8,20
9,9,10
9,13,12
9,16,14
9,18,15
9,17,22
9,23,21
9,56,24
9,25,88
9,87,26
9,61,27
9,28,42
9,79,29
9,33,30
9,49,31
9,32,50
9,35,34
9,36,46
9,40,37
9,38,41
9,45,39
9,43,44
9,62,47
9,85,48
9,51,86
9,60,52
9,53,59
9,55,54
9,57,58
9,95,63
9,75,64
9,65,94
9,66,74
9,67,69
9,90,68
9,72,70
9,82,71
9,81,73
9,76,83
9,84,77
9,78,89
9,80,93
9,92,91
9,96,97
9,98,115
9,107,99
9,102,100
9,109,101
9,104,103
9,152,105
9,106,122
9,127,108
9,110,158
9,157,111
9,160,112
9,113,159
9,114,116
9,117,130
9,118,179
9,120,119
9,121,172
9,126,123
9,125,124
9,129,128
9,131,141
9,132,148
9,133,146
9,142,134
9,135,162
9,163,136
9,155,137
9,138,170
9,139,149
9,165,140
9,143,144
9,180,145
9,154,147
9,150,151
9,153,161
9,156,181
9,169,164
9,166,173
9,167,174
9,171,168
9,176,175
9,178,177
9,183,182
9,190,184
9,185,189
9,186,193
9,187,188
9,191,192
9,194,204
9,209,195
9,196,206
9,198,197
9,199,216
9,203,200
9,201,230
9,215,202
9,205,233
9,207,211
9,208,213
9,222,210
9,214,212
9,217,227
9,218,219
9,220,235
9,221,226
9,223,238
9,224,237
9,225,239
9,228,236
9,229,234
9,232,231
9,240,291
9,249,241
9,242,246
9,292,243
9,255,244
9,245,273
9,247,272
9,258,248
9,254,250
9,251,252
9,253,259
9,256,260
9,271,257
9,261,283
9,262,284
9,267,263
9,264,288
9,279,265
9,289,266
9,268,269
9,282,270
9,274,280
9,285,275
9,277,276
9,278,290
9,295,281
9,287,286
9,294,293
9,296,304
9,297,324
9,323,298
9,312,299
9,300,322
9,301,309
9,308,302
9,303,307
9,305,321
9,306,325
9,317,310
9,315,311
9,318,313
9,319,314
9,326,316
9,327,320
9,328,329
9,366,330
9,342,331
9,332,415
9,391,333
9,372,334
9,406,335
9,336,401
9,337,355
9,352,338
9,339,341
9,340,402
9,343,364
9,357,344
9,345,367
9,346,368
9,359,347
9,365,348
9,349,370
9,350,362
9,360,351
9,353,361
9,408,354
9,371,356
9,358,373
9,407,363
9,421,369
9,376,374
9,375,411
9,377,409
9,392,378
9,404,379
9,418,380
9,381,400
9,385,382
9,383,395
9,419,384
9,416,386
9,387,389
9,388,397
9,396,390
9,393,410
9,399,394
9,398,403
9,417,405
9,412,420
9,414,413
9,428,422
9,423,460
9,433,424
9,432,425
9,426,427
9,439,429
9,430,474
9,436,431
9,434,435
9,437,481
9,477,438
9,450,440
9,441,442
9,443,452
9,444,501
9,459,445
9,446,454
9,447,455
9,456,448
9,449,451
9,469,453
9,457,490
9,458,496
9,478,461
9,497,462
9,463,499
9,464,465
9,500,466
9,467,471
9,472,468
9,498,470
9,475,473
9,476,482
9,479,480
9,483,492
9,484,488
9,485,495
9,487,486
9,489,491
9,494,493
9,523,502
9,503,527
9,504,506
9,505,510
9,507,522
9,508,520
9,509,518
9,512,511
9,519,513
9,514,521
9,515,524
9,516,526
9,525,517
9,552,528
9,529,551
9,578,530
9,531,539
9,583,532
9,570,533
9,548,534
9,535,536
9,546,537
9,553,538
9,541,540
9,544,542
9,550,543
9,547,545
9,555,549
9,554,571
9,556,557
9,558,568
9,559,560
9,582,561
9,562,563
9,576,564
9,577,565
9,566,579
9,567,572
9,574,569
9,575,573
9,581,580
9,586,584
9,585,609
9,587,595
9,588,602
9,594,589
9,590,625
9,603,591
9,612,592
9,607,593
9,626,596
9,601,597
9,600,598
9,604,599
9,611,605
9,606,616
9,608,623
9,610,620
9,614,613
9,618,615
9,619,617
9,621,622
9,627,624
9,628,647
9,629,635
9,630,645
9,631,632
9,646,633
9,638,634
9,636,644
9,639,637
9,640,642
9,643,641
9,648,649
9,650,677
9,693,651
9,652,695
9,665,653
9,671,654
9,655,686
9,656,667
9,675,657
9,682,658
9,664,659
9,660,670
9,662,661
9,663,672
9,666,674
9,668,669
9,692,673
9,676,690
9,678,680
9,688,679
9,691,681
9,684,683
9,689,685
9,694,687
9,696,708
9,697,703
9,698,707
9,699,724
9,700,727
9,701,709
9,702,726
9,704,718
9,705,710
9,706,725
9,731,711
9,712,717
9,713,714
9,735,715
9,729,716
9,733,719
9,739,720
9,721,723
9,722,732
9,730,728
9,734,736
9,738,737
9,745,740
9,741,755
9,754,742
9,744,743
9,746,753
9,747,752
9,748,751
9,749,750
9,770,756
9,768,757
9,758,763
9,759,762
9,779,760
9,761,767
9,764,781
9,765,766
9,786,769
9,780,771
9,787,772
9,773,782
9,776,774
9,775,783
9,777,778
9,785,784
9,795,788
9,789,793
9,807,790
9,817,791
9,806,792
9,811,794
9,812,796
9,810,797
9,798,816
9,803,799
9,800,808
9,801,802
9,815,804
9,814,805
9,813,809
