1217,Heuristic,i06,1
Time,Value 
Final, 176728,7231

Round,H_team,A_team 
0,0,26
0,22,1
0,2,33
0,7,3
0,4,5
0,6,25
0,10,8
0,11,9
0,12,15
0,23,13
0,29,14
0,24,16
0,17,18
0,20,19
0,21,30
0,28,27
0,31,32
0,46,34
0,35,49
0,36,41
0,39,37
0,59,38
0,51,40
0,57,42
0,50,43
0,44,47
0,45,56
0,48,62
0,52,53
0,58,54
0,55,63
0,60,64
0,65,61
0,69,66
0,77,67
0,68,110
0,70,137
0,120,71
0,140,72
0,83,73
0,117,74
0,133,75
0,94,76
0,115,78
0,89,79
0,81,80
0,119,82
0,84,109
0,85,134
0,88,86
0,141,87
0,102,90
0,91,100
0,107,92
0,93,95
0,96,124
0,97,125
0,130,98
0,99,131
0,101,135
0,103,147
0,149,104
0,108,105
0,106,127
0,143,111
0,112,145
0,142,113
0,114,116
0,126,118
0,121,122
0,123,128
0,129,132
0,136,139
0,138,148
0,144,146
0,151,150
0,152,183
0,199,153
0,171,154
0,158,155
0,201,156
0,157,213
0,162,159
0,160,204
0,161,210
0,163,202
0,212,164
0,206,165
0,166,193
0,167,194
0,214,168
0,218,169
0,170,174
0,181,172
0,200,173
0,175,196
0,211,176
0,217,177
0,197,178
0,179,185
0,180,195
0,182,184
0,219,186
0,187,189
0,215,188
0,208,190
0,191,192
0,216,198
0,220,203
0,205,221
0,207,209
0,234,222
0,238,223
0,224,237
0,229,225
0,226,236
0,227,230
0,233,228
0,231,232
0,235,240
0,241,239
0,253,242
0,243,251
0,246,244
0,245,250
0,252,247
0,249,248
0,254,273
0,325,255
0,256,260
0,257,268
0,274,258
0,262,259
0,261,269
0,263,319
0,264,275
0,317,265
0,266,267
0,270,296
0,294,271
0,272,318
0,276,313
0,282,277
0,305,278
0,280,279
0,316,281
0,311,283
0,284,287
0,306,285
0,286,307
0,288,289
0,290,312
0,291,295
0,292,309
0,293,308
0,299,297
0,300,298
0,310,301
0,303,302
0,304,320
0,314,315
0,322,321
0,324,323
0,348,326
0,334,327
0,370,328
0,329,340
0,364,330
0,332,331
0,351,333
0,361,335
0,336,349
0,339,337
0,338,354
0,341,342
0,363,343
0,345,344
0,346,365
0,347,366
0,350,353
0,352,360
0,355,357
0,356,367
0,368,358
0,359,369
0,362,371
0,404,372
0,374,373
0,375,400
0,405,376
0,385,377
0,378,389
0,402,379
0,380,382
0,381,401
0,383,413
0,384,386
0,387,409
0,408,388
0,390,411
0,391,395
0,392,393
0,394,396
0,397,398
0,407,399
0,403,410
0,412,406
0,414,461
0,415,447
0,426,416
0,431,417
0,418,466
0,460,419
0,420,467
0,421,443
0,422,468
0,424,423
0,465,425
0,427,484
0,428,488
0,429,442
0,485,430
0,432,464
0,433,435
0,434,479
0,436,457
0,480,437
0,481,438
0,454,439
0,462,440
0,449,441
0,444,455
0,477,445
0,446,483
0,453,448
0,450,451
0,452,474
0,456,478
0,458,487
0,493,459
0,463,482
0,469,471
0,470,475
0,491,472
0,492,473
0,476,490
0,486,489
0,494,573
0,495,527
0,496,510
0,513,497
0,550,498
0,499,540
0,500,517
0,501,558
0,502,511
0,545,503
0,504,514
0,538,505
0,506,569
0,543,507
0,520,508
0,549,509
0,551,512
0,515,566
0,516,546
0,518,567
0,578,519
0,521,544
0,522,554
0,535,523
0,524,563
0,525,526
0,530,528
0,556,529
0,562,531
0,577,532
0,533,552
0,553,534
0,536,548
0,537,571
0,572,539
0,541,542
0,547,564
0,555,557
0,565,559
0,574,560
0,561,570
0,568,579
0,576,575
0,580,581
0,582,591
0,583,584
0,586,585
0,587,599
0,597,588
0,598,589
0,590,592
0,594,593
0,595,596
0,600,647
0,601,613
0,616,602
0,652,603
0,627,604
0,630,605
0,651,606
0,639,607
0,626,608
0,609,632
0,610,648
0,611,645
0,612,646
0,614,615
0,617,644
0,634,618
0,620,619
0,621,656
0,622,657
0,623,636
0,624,642
0,640,625
0,649,628
0,633,629
0,631,650
0,635,637
0,655,638
0,641,653
0,643,654
0,691,658
0,659,706
0,660,705
0,661,663
0,704,662
0,664,671
0,665,679
0,666,669
0,667,672
0,687,668
0,675,670
0,693,673
0,674,709
0,676,701
0,677,696
0,703,678
0,681,680
0,682,689
0,683,686
0,684,715
0,685,714
0,712,688
0,690,711
0,697,692
0,698,694
0,695,707
0,699,713
0,700,717
0,702,716
0,708,710
1,33,0
1,1,25
1,28,2
1,3,9
1,8,4
1,5,11
1,23,6
1,7,15
1,12,10
1,13,18
1,32,14
1,30,16
1,17,20
1,19,29
1,31,21
1,26,22
1,24,27
1,35,34
1,36,60
1,43,37
1,38,57
1,39,50
1,40,42
1,41,51
1,61,44
1,49,45
1,56,46
1,62,47
1,48,52
1,64,53
1,54,63
1,58,55
1,65,59
1,66,110
1,81,67
1,78,68
1,69,116
1,115,70
1,71,117
1,72,87
1,120,73
1,74,119
1,101,75
1,85,76
1,111,77
1,79,94
1,80,84
1,82,88
1,118,83
1,86,136
1,89,135
1,100,90
1,92,91
1,134,93
1,95,133
1,96,130
1,97,128
1,98,129
1,139,99
1,112,102
1,148,103
1,104,125
1,121,105
1,108,106
1,122,107
1,109,126
1,113,141
1,114,150
1,124,123
1,127,151
1,131,143
1,146,132
1,137,138
1,142,140
1,147,144
1,145,149
1,152,213
1,153,157
1,194,154
1,155,215
1,156,191
1,176,158
1,159,208
1,210,160
1,161,211
1,162,190
1,172,163
1,221,164
1,187,165
1,207,166
1,167,171
1,168,209
1,169,188
1,170,179
1,173,182
1,174,186
1,195,175
1,192,177
1,178,196
1,200,180
1,181,183
1,184,218
1,185,204
1,189,206
1,193,214
1,197,216
1,198,217
1,199,220
1,201,212
1,205,202
1,219,203
1,225,222
1,223,241
1,236,224
1,226,233
1,227,231
1,228,229
1,230,232
1,237,234
1,238,235
1,239,240
1,250,242
1,244,243
1,245,249
1,251,246
1,247,253
1,252,248
1,267,254
1,255,286
1,296,256
1,257,272
1,258,279
1,293,259
1,297,260
1,315,261
1,318,262
1,309,263
1,271,264
1,265,324
1,276,266
1,268,270
1,269,298
1,273,275
1,325,274
1,277,313
1,322,278
1,314,280
1,319,281
1,295,282
1,283,290
1,312,284
1,285,317
1,287,320
1,321,288
1,289,316
1,291,308
1,292,294
1,299,300
1,301,323
1,302,310
1,303,311
1,307,304
1,305,306
1,326,359
1,327,357
1,328,367
1,366,329
1,332,330
1,364,331
1,333,341
1,362,334
1,335,343
1,354,336
1,337,352
1,338,349
1,345,339
1,340,342
1,344,361
1,347,346
1,368,348
1,360,350
1,365,351
1,358,353
1,355,356
1,371,363
1,369,370
1,372,382
1,373,378
1,375,374
1,401,376
1,377,381
1,404,379
1,400,380
1,395,383
1,384,394
1,385,405
1,386,412
1,411,387
1,388,403
1,389,402
1,409,390
1,393,391
1,397,392
1,396,398
1,399,408
1,406,413
1,410,407
1,414,478
1,488,415
1,447,416
1,466,417
1,418,459
1,419,465
1,420,431
1,467,421
1,424,422
1,423,485
1,425,429
1,426,492
1,481,427
1,479,428
1,430,468
1,437,432
1,442,433
1,456,434
1,435,443
1,436,458
1,438,484
1,451,439
1,440,449
1,463,441
1,444,454
1,445,470
1,490,446
1,448,482
1,475,450
1,452,469
1,453,462
1,455,487
1,476,457
1,461,460
1,464,480
1,474,471
1,472,489
1,493,473
1,477,486
1,483,491
1,540,494
1,495,496
1,519,497
1,498,501
1,557,499
1,526,500
1,513,502
1,503,521
1,504,568
1,554,505
1,506,578
1,507,560
1,508,559
1,509,579
1,569,510
1,511,574
1,544,512
1,539,514
1,572,515
1,516,577
1,517,551
1,518,545
1,573,520
1,567,522
1,536,523
1,524,541
1,548,525
1,564,527
1,528,529
1,570,530
1,531,556
1,546,532
1,533,534
1,563,535
1,537,576
1,566,538
1,575,542
1,547,543
1,549,550
1,552,561
1,562,553
1,558,555
1,571,565
1,584,580
1,581,582
1,586,583
1,593,585
1,587,597
1,588,594
1,589,590
1,591,596
1,598,592
1,599,595
1,628,600
1,615,601
1,602,655
1,650,603
1,604,651
1,605,609
1,606,640
1,607,627
1,608,611
1,610,630
1,645,612
1,613,652
1,648,614
1,646,616
1,620,617
1,618,638
1,619,623
1,637,621
1,622,624
1,639,625
1,647,626
1,631,629
1,632,633
1,634,636
1,642,635
1,644,641
1,653,643
1,654,649
1,656,657
1,658,667
1,659,661
1,686,660
1,662,692
1,697,663
1,705,664
1,687,665
1,672,666
1,668,678
1,703,669
1,674,670
1,679,671
1,673,675
1,681,676
1,715,677
1,680,694
1,688,682
1,716,683
1,684,714
1,685,699
1,690,689
1,717,691
1,693,698
1,710,695
1,696,713
1,700,712
1,701,702
1,704,711
1,706,707
1,709,708
2,0,22
2,6,1
2,27,2
2,11,3
2,15,4
2,8,5
2,10,7
2,9,12
2,13,24
2,14,21
2,16,33
2,30,17
2,18,19
2,20,32
2,26,23
2,25,28
2,29,31
2,34,49
2,47,35
2,42,36
2,37,50
2,40,38
2,51,39
2,41,57
2,64,43
2,44,48
2,45,62
2,63,46
2,56,52
2,53,54
2,55,65
2,60,58
2,59,61
2,66,81
2,67,78
2,68,109
2,104,69
2,70,138
2,71,136
2,119,72
2,73,118
2,74,141
2,75,93
2,76,101
2,77,79
2,110,80
2,87,82
2,83,117
2,84,85
2,86,140
2,88,142
2,134,89
2,90,129
2,91,102
2,92,108
2,94,133
2,135,95
2,105,96
2,123,97
2,132,98
2,99,100
2,103,149
2,139,106
2,107,121
2,111,145
2,146,112
2,116,113
2,151,114
2,150,115
2,126,120
2,128,122
2,124,127
2,125,137
2,130,131
2,147,143
2,144,148
2,218,152
2,183,153
2,154,168
2,203,155
2,156,197
2,184,157
2,215,158
2,193,159
2,160,207
2,204,161
2,211,162
2,163,206
2,164,201
2,165,199
2,166,194
2,192,167
2,221,169
2,196,170
2,208,171
2,172,200
2,173,180
2,216,174
2,175,181
2,176,187
2,177,198
2,186,178
2,191,179
2,213,182
2,217,185
2,188,220
2,202,189
2,190,210
2,195,219
2,212,205
2,209,214
2,222,228
2,223,234
2,224,239
2,225,230
2,232,226
2,233,227
2,229,231
2,235,241
2,240,236
2,237,238
2,242,243
2,244,252
2,253,245
2,248,246
2,247,251
2,250,249
2,266,254
2,255,317
2,270,256
2,260,257
2,321,258
2,259,263
2,261,268
2,262,293
2,264,282
2,265,286
2,267,271
2,300,269
2,281,272
2,273,292
2,277,274
2,275,276
2,278,306
2,279,311
2,280,312
2,283,284
2,285,322
2,289,287
2,288,303
2,320,290
2,294,291
2,313,295
2,297,296
2,298,299
2,324,301
2,304,302
2,307,305
2,308,309
2,323,310
2,316,314
2,315,325
2,319,318
2,326,337
2,356,327
2,328,339
2,329,334
2,330,340
2,331,351
2,346,332
2,333,347
2,336,335
2,371,338
2,341,365
2,342,364
2,343,361
2,349,344
2,363,345
2,359,348
2,350,362
2,352,358
2,353,369
2,354,355
2,357,360
2,367,366
2,370,368
2,379,372
2,373,380
2,406,374
2,412,375
2,376,400
2,377,389
2,381,378
2,382,404
2,388,383
2,409,384
2,402,385
2,387,386
2,407,390
2,413,391
2,394,392
2,411,393
2,398,395
2,396,397
2,399,410
2,401,405
2,403,408
2,488,414
2,415,428
2,416,461
2,417,423
2,419,418
2,430,420
2,421,465
2,431,422
2,466,424
2,459,425
2,462,426
2,427,437
2,429,435
2,432,480
2,433,456
2,442,434
2,443,436
2,482,438
2,439,452
2,441,440
2,457,444
2,454,445
2,446,472
2,447,493
2,484,448
2,449,481
2,474,450
2,451,453
2,455,477
2,483,458
2,485,460
2,464,463
2,468,467
2,469,492
2,473,470
2,471,475
2,486,476
2,478,479
2,487,490
2,489,491
2,494,507
2,497,495
2,543,496
2,557,498
2,499,548
2,500,509
2,527,501
2,502,574
2,554,503
2,515,504
2,505,571
2,510,506
2,508,511
2,512,545
2,520,513
2,514,537
2,579,516
2,525,517
2,522,518
2,546,519
2,521,568
2,523,533
2,555,524
2,551,526
2,570,528
2,529,558
2,530,562
2,534,531
2,532,547
2,535,549
2,550,536
2,538,565
2,573,539
2,556,540
2,552,541
2,542,563
2,544,567
2,553,561
2,559,575
2,560,576
2,564,569
2,566,572
2,578,577
2,596,580
2,581,591
2,582,584
2,599,583
2,585,597
2,595,586
2,594,587
2,588,590
2,592,589
2,593,598
2,646,600
2,601,614
2,602,649
2,603,604
2,640,605
2,606,639
2,629,607
2,625,608
2,609,610
2,626,611
2,612,647
2,650,613
2,615,652
2,616,645
2,623,617
2,654,618
2,619,644
2,641,620
2,655,621
2,635,622
2,624,653
2,627,628
2,630,631
2,651,632
2,633,648
2,657,634
2,636,637
2,638,656
2,643,642
2,660,658
2,708,659
2,682,661
2,663,662
2,669,664
2,666,665
2,667,685
2,668,700
2,670,695
2,671,687
2,672,691
2,683,673
2,694,674
2,675,686
2,676,698
2,677,684
2,678,679
2,713,680
2,714,681
2,688,690
2,689,704
2,692,706
2,699,693
2,702,696
2,707,697
2,701,715
2,705,703
2,710,709
2,711,712
2,717,716
3,3,0
3,1,23
3,2,5
3,4,12
3,33,6
3,7,8
3,10,9
3,15,11
3,22,13
3,14,17
3,28,16
3,18,30
3,19,31
3,21,20
3,25,24
3,27,26
3,32,29
3,42,34
3,35,62
3,50,36
3,37,59
3,60,38
3,39,41
3,57,40
3,43,51
3,63,44
3,54,45
3,46,58
3,47,48
3,52,49
3,53,65
3,55,56
3,61,64
3,109,66
3,67,69
3,70,68
3,87,71
3,114,72
3,73,119
3,120,74
3,75,110
3,93,76
3,138,77
3,78,79
3,80,95
3,81,115
3,83,82
3,135,84
3,101,85
3,141,86
3,140,88
3,89,94
3,136,90
3,91,139
3,100,92
3,129,96
3,97,104
3,98,99
3,102,146
3,137,103
3,105,127
3,106,122
3,128,107
3,121,108
3,132,111
3,131,112
3,113,151
3,116,150
3,117,126
3,118,142
3,125,123
3,149,124
3,143,130
3,133,134
3,145,144
3,148,147
3,182,152
3,153,213
3,154,166
3,155,176
3,198,156
3,157,165
3,158,187
3,207,159
3,162,160
3,203,161
3,163,177
3,206,164
3,214,167
3,168,191
3,169,199
3,170,192
3,171,193
3,197,172
3,181,173
3,196,174
3,180,175
3,185,178
3,179,195
3,183,218
3,200,184
3,220,186
3,219,188
3,189,212
3,190,209
3,194,208
3,201,205
3,202,221
3,204,215
3,211,210
3,217,216
3,230,222
3,240,223
3,234,224
3,226,225
3,239,227
3,228,232
3,229,235
3,231,233
3,238,236
3,241,237
3,242,248
3,243,250
3,245,244
3,246,253
3,249,247
3,251,252
3,254,291
3,306,255
3,256,268
3,318,257
3,258,273
3,259,300
3,260,270
3,314,261
3,298,262
3,263,299
3,313,264
3,323,265
3,292,266
3,309,267
3,269,297
3,274,271
3,272,319
3,275,277
3,295,276
3,278,307
3,284,279
3,290,280
3,281,315
3,282,294
3,304,283
3,286,285
3,287,303
3,301,288
3,310,289
3,293,324
3,308,296
3,302,305
3,311,321
3,312,320
3,325,316
3,317,322
3,327,326
3,337,328
3,329,342
3,351,330
3,331,341
3,332,333
3,334,367
3,335,344
3,336,343
3,338,363
3,339,371
3,340,364
3,345,354
3,346,362
3,347,365
3,348,352
3,361,349
3,369,350
3,353,370
3,355,366
3,356,357
3,358,359
3,368,360
3,372,376
3,400,373
3,374,399
3,405,375
3,379,377
3,378,385
3,380,404
3,381,382
3,383,394
3,384,403
3,386,388
3,390,387
3,389,401
3,391,398
3,392,396
3,393,407
3,395,397
3,402,406
3,408,411
3,410,409
3,413,412
3,428,414
3,426,415
3,416,488
3,417,463
3,425,418
3,440,419
3,465,420
3,434,421
3,422,430
3,467,423
3,431,424
3,482,427
3,460,429
3,481,432
3,436,433
3,478,435
3,444,437
3,438,464
3,439,476
3,485,441
3,479,442
3,456,443
3,453,445
3,446,489
3,490,447
3,448,449
3,450,452
3,475,451
3,477,454
3,457,455
3,458,486
3,492,459
3,462,461
3,468,466
3,473,469
3,470,471
3,472,483
3,493,474
3,480,484
3,491,487
3,494,570
3,510,495
3,496,527
3,497,543
3,498,499
3,549,500
3,501,579
3,560,502
3,503,544
3,571,504
3,505,521
3,506,564
3,507,573
3,513,508
3,509,550
3,511,559
3,512,525
3,514,515
3,569,516
3,517,522
3,518,551
3,519,532
3,574,520
3,523,542
3,533,524
3,567,526
3,563,528
3,529,562
3,540,530
3,561,531
3,576,534
3,548,535
3,541,536
3,575,537
3,539,538
3,545,554
3,577,546
3,547,578
3,553,552
3,555,556
3,558,557
3,565,572
3,568,566
3,580,595
3,583,581
3,592,582
3,584,599
3,594,585
3,586,591
3,587,593
3,596,588
3,597,589
3,590,598
3,600,645
3,610,601
3,621,602
3,603,606
3,604,629
3,605,639
3,607,628
3,647,608
3,609,630
3,611,646
3,612,640
3,613,615
3,614,650
3,649,616
3,617,643
3,618,657
3,637,619
3,620,636
3,622,634
3,623,635
3,624,641
3,625,626
3,656,627
3,631,633
3,632,648
3,638,654
3,653,642
3,644,655
3,652,651
3,658,684
3,692,659
3,693,660
3,661,689
3,662,682
3,711,663
3,664,678
3,665,705
3,671,666
3,700,667
3,669,668
3,709,670
3,679,672
3,673,694
3,674,675
3,676,699
3,698,677
3,680,686
3,716,681
3,696,683
3,715,685
3,687,703
3,691,688
3,690,704
3,695,706
3,697,708
3,713,701
3,702,714
3,707,710
3,712,717
4,1,0
4,2,10
4,12,3
4,9,4
4,5,7
4,6,15
4,11,8
4,13,19
4,30,14
4,16,27
4,17,32
4,31,18
4,20,22
4,21,29
4,23,28
4,24,26
4,33,25
4,34,63
4,45,35
4,36,57
4,61,37
4,38,50
4,40,39
4,41,43
4,51,42
4,44,52
4,54,46
4,49,47
4,48,53
4,62,55
4,65,56
4,58,64
4,59,60
4,79,66
4,126,67
4,68,77
4,69,138
4,78,70
4,86,71
4,72,118
4,82,73
4,74,113
4,85,75
4,76,133
4,80,109
4,110,81
4,119,83
4,84,101
4,88,87
4,95,89
4,90,92
4,136,91
4,93,135
4,94,134
4,96,121
4,148,97
4,98,100
4,99,129
4,144,102
4,103,125
4,104,137
4,122,105
4,107,106
4,108,124
4,112,111
4,142,114
4,115,116
4,117,120
4,127,123
4,150,128
4,130,132
4,146,131
4,139,151
4,141,140
4,143,149
4,147,145
4,152,153
4,192,154
4,210,155
4,156,206
4,199,157
4,158,162
4,159,211
4,194,160
4,161,190
4,198,163
4,164,169
4,205,165
4,166,191
4,167,207
4,193,168
4,178,170
4,209,171
4,172,182
4,216,173
4,174,175
4,176,215
4,177,197
4,179,196
4,219,180
4,195,181
4,184,183
4,185,220
4,186,217
4,187,201
4,188,204
4,189,221
4,213,200
4,212,202
4,218,203
4,208,214
4,222,231
4,237,223
4,233,224
4,225,228
4,230,226
4,227,229
4,232,238
4,234,240
4,235,239
4,236,241
4,244,242
4,245,243
4,250,246
4,248,247
4,251,249
4,252,253
4,254,286
4,255,265
4,256,314
4,257,319
4,317,258
4,299,259
4,268,260
4,316,261
4,262,308
4,266,263
4,325,264
4,267,292
4,270,269
4,271,275
4,315,272
4,273,274
4,276,277
4,285,278
4,279,312
4,283,280
4,324,281
4,282,313
4,305,284
4,287,302
4,288,310
4,320,289
4,290,311
4,291,309
4,297,293
4,294,295
4,296,300
4,318,298
4,301,304
4,303,323
4,322,306
4,321,307
4,326,356
4,328,327
4,365,329
4,330,346
4,342,331
4,332,341
4,340,333
4,366,334
4,354,335
4,371,336
4,359,337
4,343,338
4,344,339
4,349,345
4,362,347
4,348,370
4,357,350
4,364,351
4,352,353
4,355,367
4,360,358
4,361,363
4,369,368
4,372,380
4,373,381
4,374,405
4,375,413
4,376,402
4,404,377
4,382,378
4,401,379
4,383,386
4,396,384
4,385,389
4,387,388
4,403,390
4,412,391
4,398,392
4,393,395
4,397,394
4,399,411
4,400,406
4,409,407
4,410,408
4,414,479
4,415,416
4,418,417
4,419,425
4,420,468
4,430,421
4,423,422
4,424,485
4,488,426
4,464,427
4,435,428
4,429,456
4,466,431
4,484,432
4,433,478
4,434,436
4,437,482
4,448,438
4,445,439
4,463,440
4,441,460
4,443,442
4,487,444
4,491,446
4,447,483
4,449,450
4,451,473
4,452,453
4,455,454
4,458,457
4,459,462
4,461,493
4,467,465
4,469,474
4,472,470
4,489,471
4,475,492
4,476,477
4,480,481
4,490,486
4,531,494
4,495,569
4,520,496
4,577,497
4,498,555
4,558,499
4,500,579
4,556,501
4,502,570
4,503,512
4,504,521
4,568,505
4,506,546
4,511,507
4,508,574
4,524,509
4,578,510
4,513,573
4,572,514
4,515,543
4,516,547
4,545,517
4,526,518
4,564,519
4,522,544
4,563,523
4,525,551
4,527,532
4,528,561
4,530,529
4,536,533
4,534,541
4,550,535
4,537,565
4,538,571
4,566,539
4,540,557
4,562,542
4,548,549
4,576,552
4,575,553
4,554,567
4,559,560
4,589,580
4,581,596
4,582,586
4,591,583
4,595,584
4,585,590
4,587,592
4,599,588
4,593,597
4,598,594
4,639,600
4,601,631
4,602,638
4,651,603
4,615,604
4,605,610
4,606,607
4,608,612
4,648,609
4,640,611
4,613,614
4,616,647
4,617,624
4,618,637
4,636,619
4,620,622
4,634,621
4,628,623
4,645,625
4,646,626
4,657,627
4,629,632
4,630,633
4,635,656
4,641,643
4,642,644
4,649,655
4,650,652
4,654,653
4,701,658
4,659,697
4,660,713
4,661,712
4,662,689
4,682,663
4,664,665
4,666,687
4,684,667
4,668,672
4,678,669
4,670,707
4,705,671
4,708,673
4,686,674
4,675,694
4,685,676
4,699,677
4,703,679
4,690,680
4,681,702
4,704,683
4,688,711
4,716,691
4,710,692
4,693,695
4,696,717
4,715,698
4,714,700
4,706,709
5,0,23
5,27,1
5,8,2
5,3,10
5,4,11
5,5,12
5,28,6
5,7,9
5,14,13
5,25,15
5,16,31
5,29,17
5,18,32
5,19,21
5,30,20
5,22,24
5,26,33
5,34,62
5,35,48
5,43,36
5,37,51
5,38,61
5,39,59
5,41,40
5,50,42
5,49,44
5,63,45
5,46,65
5,53,47
5,52,58
5,56,54
5,64,55
5,57,60
5,66,68
5,67,80
5,70,69
5,71,119
5,72,142
5,73,126
5,140,74
5,75,84
5,110,76
5,77,133
5,116,78
5,79,81
5,82,117
5,83,88
5,85,93
5,87,86
5,89,112
5,90,91
5,92,139
5,135,94
5,134,95
5,106,96
5,124,97
5,131,98
5,132,99
5,100,136
5,109,101
5,102,143
5,103,150
5,151,104
5,105,107
5,128,108
5,111,130
5,113,115
5,114,141
5,118,120
5,127,121
5,123,122
5,125,138
5,129,144
5,137,148
5,145,146
5,149,147
5,157,152
5,153,169
5,154,167
5,155,161
5,202,156
5,188,158
5,160,159
5,210,162
5,201,163
5,164,205
5,165,189
5,166,168
5,170,185
5,171,192
5,184,172
5,173,198
5,174,217
5,175,219
5,190,176
5,177,216
5,178,179
5,180,182
5,200,181
5,183,213
5,186,203
5,221,187
5,191,197
5,207,193
5,214,194
5,196,195
5,218,199
5,204,220
5,206,212
5,209,208
5,215,211
5,222,227
5,223,225
5,224,235
5,229,226
5,228,237
5,231,230
5,232,233
5,241,234
5,236,239
5,238,240
5,247,242
5,243,252
5,249,244
5,246,245
5,248,250
5,253,251
5,265,254
5,255,323
5,261,256
5,257,270
5,258,290
5,281,259
5,260,315
5,262,309
5,263,267
5,264,274
5,266,291
5,268,269
5,271,282
5,272,314
5,277,273
5,275,295
5,294,276
5,278,324
5,279,305
5,280,316
5,312,283
5,284,288
5,307,285
5,286,322
5,321,287
5,289,303
5,308,292
5,319,293
5,296,299
5,297,298
5,300,318
5,302,301
5,310,304
5,306,317
5,320,311
5,313,325
5,328,326
5,339,327
5,346,329
5,330,331
5,351,332
5,333,342
5,334,354
5,335,371
5,336,361
5,368,337
5,344,338
5,341,340
5,343,345
5,347,364
5,360,348
5,363,349
5,350,355
5,352,359
5,353,356
5,370,357
5,358,369
5,366,362
5,367,365
5,378,372
5,382,373
5,413,374
5,376,375
5,377,380
5,389,379
5,381,404
5,412,383
5,388,384
5,406,385
5,386,396
5,407,387
5,408,390
5,391,399
5,395,392
5,397,393
5,394,403
5,398,410
5,405,400
5,401,402
5,411,409
5,416,414
5,415,446
5,417,485
5,460,418
5,419,441
5,429,420
5,421,456
5,422,463
5,465,423
5,468,424
5,488,425
5,483,426
5,427,449
5,428,436
5,430,431
5,432,448
5,479,433
5,443,434
5,435,458
5,437,455
5,438,480
5,470,439
5,459,440
5,442,478
5,486,444
5,445,451
5,447,472
5,450,469
5,473,452
5,471,453
5,454,476
5,457,487
5,492,461
5,493,462
5,464,481
5,466,467
5,474,475
5,477,491
5,482,484
5,489,490
5,574,494
5,546,495
5,496,497
5,549,498
5,499,501
5,500,548
5,502,520
5,567,503
5,504,537
5,505,566
5,579,506
5,507,513
5,573,508
5,509,525
5,510,577
5,570,511
5,512,522
5,543,514
5,565,515
5,578,516
5,518,517
5,519,547
5,521,538
5,523,524
5,550,526
5,569,527
5,531,528
5,529,561
5,530,558
5,532,564
5,553,533
5,542,534
5,535,536
5,539,576
5,555,540
5,541,563
5,544,554
5,551,545
5,552,562
5,557,556
5,559,572
5,560,575
5,571,568
5,580,583
5,586,581
5,582,593
5,589,584
5,588,585
5,590,587
5,591,595
5,592,594
5,596,599
5,597,598
5,600,602
5,629,601
5,603,630
5,604,614
5,625,605
5,627,606
5,607,631
5,616,608
5,633,609
5,615,610
5,611,647
5,626,612
5,648,613
5,619,617
5,621,618
5,624,620
5,622,637
5,656,623
5,628,635
5,632,652
5,634,638
5,657,636
5,640,639
5,641,642
5,643,644
5,645,646
5,653,649
5,650,651
5,655,654
5,658,685
5,707,659
5,660,703
5,692,661
5,711,662
5,663,688
5,679,664
5,665,668
5,678,666
5,667,714
5,671,669
5,670,693
5,672,684
5,673,674
5,683,675
5,713,676
5,677,701
5,680,696
5,681,715
5,682,704
5,698,686
5,687,705
5,689,716
5,712,690
5,691,700
5,694,699
5,695,708
5,709,697
5,717,702
5,706,710
6,0,28
6,1,26
6,2,11
6,15,3
6,4,7
6,10,5
6,6,24
6,12,8
6,9,33
6,13,30
6,19,14
6,32,16
6,21,17
6,18,29
6,31,20
6,23,22
6,27,25
6,47,34
6,36,35
6,37,38
6,60,39
6,40,43
6,42,41
6,54,44
6,48,45
6,55,46
6,53,49
6,57,50
6,59,51
6,65,52
6,56,64
6,61,58
6,62,63
6,116,66
6,67,70
6,68,79
6,69,115
6,88,71
6,74,72
6,109,73
6,76,75
6,112,77
6,138,78
6,80,126
6,81,85
6,136,82
6,86,83
6,93,84
6,140,87
6,133,89
6,99,90
6,91,130
6,98,92
6,95,94
6,108,96
6,97,149
6,100,139
6,101,110
6,102,111
6,104,103
6,106,105
6,107,146
6,113,114
6,118,117
6,120,119
6,121,123
6,122,124
6,148,125
6,150,127
6,128,151
6,129,131
6,132,145
6,134,135
6,147,137
6,142,141
6,143,144
6,169,152
6,153,184
6,191,154
6,211,155
6,163,156
6,157,218
6,158,210
6,159,161
6,190,160
6,162,215
6,165,164
6,167,166
6,168,171
6,197,170
6,172,183
6,217,173
6,179,174
6,220,175
6,189,176
6,212,177
6,216,178
6,213,180
6,181,219
6,182,200
6,185,196
6,195,186
6,187,205
6,199,188
6,198,192
6,208,193
6,194,209
6,202,201
6,203,204
6,221,206
6,214,207
6,233,222
6,223,230
6,240,224
6,225,231
6,226,228
6,227,232
6,241,229
6,234,236
6,237,235
6,239,238
6,242,245
6,246,243
6,244,253
6,250,247
6,251,248
6,252,249
6,274,254
6,285,255
6,256,315
6,269,257
6,258,320
6,259,318
6,314,260
6,261,272
6,300,262
6,293,263
6,264,277
6,265,310
6,275,266
6,267,308
6,298,268
6,299,270
6,295,271
6,276,273
6,317,278
6,290,279
6,280,284
6,323,281
6,282,325
6,283,288
6,324,286
6,316,287
6,302,289
6,292,291
6,313,294
6,309,296
6,319,297
6,301,305
6,304,303
6,306,321
6,322,307
6,311,312
6,326,370
6,327,359
6,357,328
6,329,355
6,333,330
6,331,347
6,364,332
6,342,334
6,338,335
6,363,336
6,337,358
6,349,339
6,340,366
6,351,341
6,371,343
6,354,344
6,345,361
6,367,346
6,350,348
6,369,352
6,353,368
6,356,360
6,365,362
6,372,381
6,379,373
6,374,376
6,375,406
6,378,377
6,380,401
6,385,382
6,384,383
6,386,395
6,387,403
6,390,388
6,404,389
6,394,391
6,392,413
6,396,393
6,409,397
6,399,398
6,402,400
6,405,412
6,407,408
6,410,411
6,426,414
6,457,415
6,462,416
6,417,430
6,440,418
6,467,419
6,456,420
6,421,468
6,485,422
6,423,466
6,424,463
6,425,460
6,480,427
6,478,428
6,433,429
6,431,465
6,438,432
6,434,435
6,436,442
6,481,437
6,439,477
6,441,459
6,479,443
6,444,483
6,455,445
6,446,447
6,448,454
6,484,449
6,453,450
6,451,452
6,476,458
6,461,488
6,482,464
6,475,469
6,486,470
6,471,491
6,472,490
6,474,473
6,487,489
6,492,493
6,494,502
6,495,513
6,532,496
6,497,569
6,558,498
6,499,549
6,551,500
6,501,540
6,503,504
6,515,505
6,519,506
6,507,520
6,543,508
6,509,548
6,527,510
6,511,560
6,526,512
6,514,571
6,516,564
6,517,567
6,544,518
6,521,522
6,556,523
6,524,536
6,525,550
6,528,557
6,529,531
6,563,530
6,533,535
6,534,552
6,539,537
6,538,572
6,541,555
6,542,553
6,579,545
6,546,578
6,547,577
6,568,554
6,576,559
6,561,575
6,570,562
6,566,565
6,573,574
6,580,586
6,581,589
6,583,582
6,584,596
6,585,598
6,588,587
6,599,590
6,597,591
6,593,592
6,594,595
6,600,616
6,609,601
6,654,602
6,614,603
6,613,604
6,605,626
6,606,628
6,652,607
6,608,646
6,610,629
6,612,611
6,651,615
6,617,622
6,618,649
6,642,619
6,643,620
6,638,621
6,623,657
6,644,624
6,647,625
6,627,650
6,630,632
6,631,648
6,633,640
6,656,634
6,636,635
6,637,653
6,639,645
6,655,641
6,700,658
6,704,659
6,674,660
6,661,662
6,663,706
6,666,664
6,665,703
6,702,667
6,668,671
6,669,672
6,708,670
6,709,673
6,675,695
6,676,715
6,677,680
6,705,678
6,679,687
6,696,681
6,712,682
6,694,683
6,684,701
6,685,713
6,686,693
6,688,717
6,689,711
6,716,690
6,714,691
6,692,707
6,697,710
6,698,699
7,6,0
7,33,1
7,7,2
7,3,4
7,5,9
7,8,28
7,15,10
7,11,12
7,21,13
7,16,14
7,17,31
7,20,18
7,32,19
7,22,27
7,24,23
7,25,26
7,29,30
7,34,36
7,35,42
7,40,37
7,38,39
7,59,41
7,43,57
7,44,62
7,45,47
7,46,64
7,49,48
7,51,50
7,52,54
7,55,53
7,63,56
7,58,65
7,61,60
7,70,66
7,79,67
7,68,80
7,78,69
7,141,71
7,88,72
7,101,73
7,114,74
7,75,134
7,84,76
7,77,137
7,126,81
7,82,118
7,83,87
7,95,85
7,86,120
7,89,111
7,90,131
7,99,91
7,92,136
7,94,93
7,96,107
7,97,147
7,139,98
7,130,100
7,145,102
7,138,103
7,104,148
7,115,105
7,123,106
7,108,122
7,110,109
7,112,129
7,150,113
7,151,116
7,117,142
7,119,140
7,124,121
7,149,125
7,127,128
7,144,132
7,135,133
7,146,143
7,152,184
7,163,153
7,154,214
7,155,190
7,156,212
7,188,157
7,158,204
7,159,209
7,160,208
7,161,162
7,164,189
7,169,165
7,166,171
7,167,168
7,170,198
7,173,172
7,178,174
7,186,175
7,176,210
7,177,191
7,192,179
7,180,220
7,182,181
7,183,200
7,195,185
7,187,202
7,193,194
7,196,216
7,197,217
7,219,199
7,201,221
7,215,203
7,205,206
7,211,207
7,218,213
7,222,226
7,236,223
7,224,232
7,233,225
7,228,227
7,230,229
7,231,240
7,235,234
7,239,237
7,238,241
7,242,251
7,243,248
7,247,244
7,245,252
7,249,246
7,250,253
7,254,292
7,255,307
7,256,257
7,325,258
7,259,298
7,260,272
7,270,261
7,262,267
7,318,263
7,295,264
7,278,265
7,308,266
7,268,300
7,296,269
7,271,276
7,273,313
7,274,275
7,277,294
7,279,314
7,315,280
7,281,293
7,291,282
7,289,283
7,284,311
7,285,323
7,286,317
7,287,324
7,288,302
7,316,290
7,297,309
7,299,319
7,303,301
7,304,306
7,305,310
7,312,321
7,322,320
7,339,326
7,327,337
7,359,328
7,341,329
7,330,342
7,331,340
7,332,347
7,346,333
7,334,356
7,335,349
7,336,345
7,361,338
7,343,344
7,348,358
7,370,350
7,366,351
7,368,352
7,360,353
7,354,363
7,355,365
7,369,357
7,362,367
7,371,364
7,377,372
7,373,404
7,374,412
7,402,375
7,376,379
7,380,378
7,381,385
7,389,382
7,383,390
7,387,384
7,413,386
7,388,407
7,392,391
7,393,394
7,395,396
7,397,410
7,398,408
7,409,399
7,400,401
7,403,411
7,406,405
7,414,415
7,416,446
7,422,417
7,418,468
7,485,419
7,420,442
7,431,421
7,463,423
7,465,424
7,466,425
7,447,426
7,427,448
7,428,456
7,429,479
7,430,467
7,432,482
7,433,434
7,436,435
7,437,464
7,449,438
7,439,455
7,461,440
7,441,480
7,443,478
7,477,444
7,445,471
7,473,450
7,451,474
7,452,475
7,469,453
7,454,457
7,458,489
7,460,459
7,462,492
7,490,470
7,493,472
7,487,476
7,484,481
7,483,488
7,491,486
7,560,494
7,495,516
7,513,496
7,497,527
7,498,556
7,555,499
7,500,518
7,569,501
7,502,573
7,522,503
7,504,505
7,506,547
7,508,507
7,535,509
7,510,532
7,520,511
7,512,517
7,514,521
7,568,515
7,577,519
7,523,541
7,553,524
7,536,525
7,526,549
7,562,528
7,557,529
7,530,531
7,533,563
7,561,534
7,537,538
7,575,539
7,540,558
7,552,542
7,578,543
7,545,544
7,564,546
7,548,550
7,567,551
7,554,579
7,559,566
7,565,576
7,574,570
7,572,571
7,582,580
7,595,581
7,596,583
7,584,591
7,587,585
7,586,599
7,598,588
7,593,589
7,594,590
7,592,597
7,649,600
7,601,632
7,602,628
7,603,627
7,604,652
7,605,633
7,606,630
7,640,607
7,645,608
7,631,609
7,614,610
7,611,625
7,616,612
7,651,613
7,615,650
7,635,617
7,618,656
7,641,619
7,620,642
7,657,621
7,622,636
7,634,623
7,624,643
7,626,639
7,629,648
7,638,637
7,644,654
7,646,647
7,653,655
7,658,698
7,659,663
7,699,660
7,711,661
7,662,687
7,664,668
7,678,665
7,705,666
7,667,681
7,669,679
7,673,670
7,703,671
7,714,672
7,695,674
7,710,675
7,684,676
7,713,677
7,715,680
7,690,682
7,717,683
7,701,685
7,686,696
7,716,688
7,691,689
7,708,692
7,693,694
7,706,697
7,702,700
7,704,712
7,707,709
8,0,27
8,16,1
8,9,2
8,8,3
8,33,4
8,5,15
8,26,6
8,12,7
8,10,11
8,17,13
8,14,31
8,18,21
8,24,19
8,20,29
8,28,22
8,23,25
8,30,32
8,45,34
8,63,35
8,51,36
8,37,57
8,41,38
8,39,61
8,50,40
8,42,43
8,53,44
8,47,46
8,48,54
8,62,49
8,52,55
8,56,58
8,64,59
8,65,60
8,66,67
8,81,68
8,137,69
8,116,70
8,71,83
8,72,141
8,73,110
8,126,74
8,75,95
8,76,135
8,77,89
8,78,151
8,80,79
8,82,120
8,84,94
8,85,109
8,118,86
8,87,142
8,136,88
8,98,90
8,131,91
8,92,99
8,133,93
8,122,96
8,103,97
8,132,100
8,134,101
8,139,102
8,147,104
8,105,150
8,106,145
8,123,107
8,127,108
8,111,144
8,143,112
8,113,140
8,115,114
8,117,119
8,128,121
8,125,124
8,129,130
8,149,138
8,146,148
8,180,152
8,153,218
8,177,154
8,155,187
8,216,156
8,157,169
8,199,158
8,210,159
8,209,160
8,215,161
8,176,162
8,165,163
8,202,164
8,214,166
8,193,167
8,168,194
8,175,170
8,171,191
8,217,172
8,184,173
8,174,185
8,192,178
8,186,179
8,213,181
8,183,182
8,203,188
8,205,189
8,190,211
8,220,195
8,200,196
8,198,197
8,206,201
8,204,219
8,207,208
8,221,212
8,232,222
8,223,239
8,241,224
8,225,227
8,226,231
8,228,230
8,229,233
8,234,238
8,236,235
8,240,237
8,249,242
8,253,243
8,248,244
8,247,245
8,246,252
8,251,250
8,317,254
8,258,255
8,269,256
8,257,315
8,272,259
8,260,261
8,319,262
8,263,308
8,276,264
8,301,265
8,266,271
8,267,291
8,296,268
8,298,270
8,273,325
8,313,274
8,294,275
8,277,295
8,286,278
8,279,316
8,311,280
8,281,314
8,292,282
8,287,283
8,284,289
8,324,285
8,320,288
8,321,290
8,293,318
8,300,297
8,309,299
8,323,302
8,310,303
8,305,304
8,307,306
8,312,322
8,357,326
8,358,327
8,328,356
8,367,329
8,347,330
8,333,331
8,342,332
8,365,334
8,335,345
8,338,336
8,337,361
8,339,354
8,351,340
8,341,364
8,349,343
8,344,363
8,366,346
8,348,369
8,350,368
8,352,371
8,353,359
8,362,355
8,370,360
8,373,372
8,408,374
8,386,375
8,376,413
8,382,377
8,378,404
8,379,400
8,385,380
8,389,381
8,383,387
8,390,384
8,388,410
8,391,396
8,412,392
8,393,398
8,394,395
8,399,397
8,401,406
8,405,402
8,403,409
8,411,407
8,414,429
8,415,483
8,416,444
8,419,417
8,418,485
8,421,420
8,422,466
8,423,431
8,424,430
8,425,467
8,426,428
8,427,438
8,454,432
8,443,433
8,478,434
8,435,457
8,479,436
8,437,484
8,450,439
8,440,460
8,448,441
8,442,456
8,476,445
8,492,446
8,491,447
8,464,449
8,469,451
8,452,493
8,453,455
8,458,490
8,459,461
8,488,462
8,481,463
8,468,465
8,470,474
8,471,472
8,473,475
8,489,477
8,480,482
8,486,487
8,494,511
8,520,495
8,496,519
8,510,497
8,498,548
8,556,499
8,550,500
8,501,555
8,557,502
8,503,568
8,554,504
8,505,514
8,516,506
8,507,574
8,560,508
8,509,536
8,518,512
8,527,513
8,515,521
8,517,526
8,522,545
8,523,553
8,549,524
8,567,525
8,528,558
8,529,563
8,534,530
8,531,570
8,532,578
8,542,533
8,535,541
8,537,572
8,576,538
8,552,539
8,569,540
8,543,577
8,544,551
8,547,546
8,573,559
8,562,561
8,579,564
8,565,575
8,571,566
8,580,598
8,581,584
8,595,582
8,583,594
8,585,592
8,596,586
8,589,587
8,588,593
8,590,597
8,591,599
8,600,612
8,648,601
8,646,602
8,603,615
8,607,604
8,608,605
8,650,606
8,609,613
8,633,610
8,639,611
8,652,614
8,625,616
8,617,641
8,655,618
8,619,643
8,637,620
8,621,654
8,656,622
8,642,623
8,636,624
8,626,640
8,627,651
8,628,657
8,630,629
8,632,631
8,635,634
8,649,638
8,653,644
8,647,645
8,658,714
8,682,659
8,660,698
8,661,704
8,662,697
8,663,707
8,687,664
8,665,669
8,703,666
8,668,667
8,670,710
8,671,678
8,672,700
8,673,695
8,674,693
8,709,675
8,680,676
8,677,685
8,679,705
8,681,717
8,683,702
8,699,684
8,694,686
8,689,688
8,691,690
8,692,711
8,696,701
8,706,708
8,712,716
8,713,715
9,25,0
9,1,24
9,2,12
9,3,5
9,4,10
9,22,6
9,11,7
9,9,8
9,13,20
9,14,18
9,15,33
9,29,16
9,19,17
9,32,21
9,27,23
9,26,28
9,31,30
9,34,48
9,46,35
9,36,40
9,60,37
9,38,51
9,43,39
9,50,41
9,42,59
9,44,45
9,47,52
9,49,63
9,58,53
9,54,55
9,62,56
9,57,61
9,64,65
9,66,80
9,67,68
9,69,103
9,79,70
9,71,82
9,72,113
9,73,117
9,74,116
9,135,75
9,76,134
9,102,77
9,137,78
9,109,81
9,120,83
9,95,84
9,94,85
9,142,86
9,87,136
9,141,88
9,93,89
9,90,139
9,91,98
9,105,92
9,96,123
9,150,97
9,130,99
9,100,129
9,133,101
9,138,104
9,121,106
9,107,108
9,110,126
9,111,146
9,144,112
9,140,114
9,151,115
9,119,118
9,122,127
9,124,128
9,125,147
9,131,132
9,145,143
9,148,149
9,152,199
9,182,153
9,154,193
9,162,155
9,156,177
9,204,157
9,203,158
9,159,190
9,160,211
9,161,176
9,212,163
9,164,187
9,165,221
9,209,166
9,208,167
9,168,192
9,169,205
9,191,170
9,171,214
9,172,216
9,173,183
9,174,195
9,175,200
9,178,198
9,179,197
9,181,180
9,213,184
9,185,186
9,188,218
9,189,201
9,194,207
9,196,217
9,206,202
9,210,215
9,220,219
9,222,229
9,235,223
9,224,238
9,232,225
9,227,226
9,231,228
9,230,233
9,239,234
9,237,236
9,240,241
9,242,246
9,243,247
9,244,251
9,248,245
9,253,249
9,252,250
9,254,255
9,272,256
9,261,257
9,280,258
9,259,319
9,269,260
9,263,262
9,264,294
9,265,285
9,309,266
9,282,267
9,268,299
9,270,300
9,271,277
9,291,273
9,274,276
9,275,313
9,278,304
9,283,279
9,318,281
9,290,284
9,306,286
9,288,287
9,289,301
9,295,292
9,323,293
9,298,296
9,308,297
9,302,312
9,303,305
9,307,317
9,310,324
9,311,322
9,314,325
9,315,316
9,320,321
9,326,352
9,327,370
9,358,328
9,329,362
9,330,341
9,331,346
9,340,332
9,364,333
9,334,355
9,363,335
9,344,336
9,337,348
9,345,338
9,343,339
9,342,351
9,367,347
9,349,354
9,356,350
9,357,353
9,359,368
9,360,369
9,361,371
9,365,366
9,372,374
9,377,373
9,375,401
9,406,376
9,379,378
9,380,381
9,382,402
9,396,383
9,384,393
9,404,385
9,390,386
9,410,387
9,411,388
9,400,389
9,391,397
9,392,399
9,398,394
9,395,412
9,407,403
9,413,405
9,408,409
9,456,414
9,472,415
9,483,416
9,417,424
9,441,418
9,459,419
9,420,443
9,442,421
9,467,422
9,423,430
9,425,485
9,461,426
9,432,427
9,428,433
9,434,429
9,468,431
9,435,479
9,478,436
9,438,437
9,439,453
9,440,448
9,444,458
9,445,452
9,446,488
9,489,447
9,449,451
9,450,454
9,455,476
9,457,486
9,460,462
9,463,480
9,484,464
9,465,466
9,470,469
9,471,473
9,474,492
9,475,493
9,487,477
9,482,481
9,490,491
9,528,494
9,532,495
9,496,547
9,497,520
9,540,498
9,499,550
9,512,500
9,501,557
9,508,502
9,505,503
9,538,504
9,577,506
9,559,507
9,526,509
9,564,510
9,511,573
9,574,513
9,514,568
9,571,515
9,519,516
9,517,544
9,525,518
9,521,554
9,551,522
9,548,523
9,524,535
9,527,578
9,570,529
9,561,530
9,531,555
9,541,533
9,534,562
9,536,549
9,566,537
9,539,565
9,542,576
9,546,543
9,545,567
9,575,552
9,563,553
9,558,556
9,572,560
9,579,569
9,591,580
9,599,581
9,589,582
9,583,595
9,584,586
9,585,596
9,598,587
9,592,588
9,590,593
9,597,594
9,608,600
9,601,633
9,602,627
9,613,603
9,604,650
9,632,605
9,652,606
9,607,630
9,629,609
9,610,631
9,611,616
9,612,639
9,614,651
9,648,615
9,642,617
9,636,618
9,619,624
9,644,620
9,621,649
9,623,622
9,625,646
9,645,626
9,628,656
9,637,634
9,657,635
9,638,653
9,647,640
9,654,641
9,643,655
9,672,658
9,659,662
9,694,660
9,697,661
9,663,692
9,664,703
9,671,665
9,666,679
9,667,691
9,714,668
9,669,705
9,670,706
9,710,673
9,683,674
9,675,693
9,676,677
9,678,687
9,680,702
9,701,681
9,711,682
9,685,684
9,686,699
9,688,704
9,689,712
9,717,690
9,695,709
9,715,696
9,698,713
9,700,716
9,707,708
