42,Heuristic,i04,1
Time,Value 
7230,186152
7200,186166
7170,186177
7140,186190
7110,186212
7080,186212
7050,186247
7020,186258
6990,186264
6960,186291
6930,186306
6900,186310
6870,186322
6840,186343
6810,186366
6780,186385
6750,186386
6720,186386
6690,186439
6660,186458
6630,186458
6600,186458
6570,186537
6540,186579
6510,186595
6480,186612
6450,186636
6420,186665
6390,186694
6360,186700
6330,186728
6300,186738
6270,186762
6240,186767
6210,186782
6180,186796
6150,186802
6120,186840
6090,186861
6060,186870
6030,186893
6000,186902
5970,186913
5940,186932
5910,186949
5880,186965
5850,186977
5820,187005
5790,187020
5760,187035
5730,187052
5700,187058
5670,187077
5640,187077
5610,187098
5580,187118
5550,187145
5520,187158
5490,187177
5460,187199
5430,187207
5400,187229
5370,187250
5340,187250
5310,187291
5280,187299
5250,187309
5220,187332
5190,187337
5160,187350
5130,187394
5100,187409
5070,187409
5040,187446
5010,187475
4980,187489
4950,187510
4920,187524
4890,187541
4860,187557
4830,187571
4800,187607
4770,187623
4740,187637
4710,187660
4680,187680
4650,187703
4620,187728
4590,187757
4560,187814
4530,187819
4500,187867
4470,187883
4440,187911
4410,187920
4380,187966
4350,187982
4320,188029
4290,188047
4260,188099
4230,188133
4200,188154
4170,188191
4140,188215
4110,188250
4080,188274
4050,188322
4020,188348
3990,188382
3960,188382
3930,188422
3900,188446
3870,188469
3840,188503
3810,188534
1740,190590
1710,190590
1680,190590
1650,190590
1620,190590
1590,190590
1560,190590
1530,190590
1500,190590
1470,190590
1440,190590
1410,190590
1380,190590
1350,190590
1320,190590
1290,190590
1260,190590
1230,190590
1200,190590
1170,190590
1140,190590
1110,190590
1080,190590
1050,190590
1020,190590
990,190590
960,190590
930,190590
900,190590
870,190590
360,190590
330,190590
300,190590
270,190590
240,190590
210,190590
180,190590
150,190590
120,190590
90,190590
60,190590
30,190601
0,190861
390,190590
420,190590
450,190590
480,190590
510,190590
540,190590
570,190590
600,190590
630,190590
660,190590
690,190590
720,190590
750,190590
780,190590
810,190590
840,190590
1770,190590
1800,190590
1830,190590
1860,190590
1890,190590
1920,190590
1950,190590
1980,190590
2010,190590
2040,190590
2070,190590
2100,190590
2130,190590
2160,190590
2190,190590
2220,190590
2250,190590
2280,190552
2310,190515
2340,190492
2370,190440
2400,190404
2430,190336
2460,190284
2490,190233
2520,190205
2550,190170
2580,190110
2610,190047
2640,190031
2670,189967
2700,189945
2730,189914
2760,189894
2790,189855
2820,189820
2850,189790
2880,189744
2910,189721
2940,189658
2970,189626
3000,189567
3030,189537
3060,189477
3090,189429
3120,189370
3150,189304
3180,189261
3210,189229
3240,189208
3270,189191
3300,189133
3330,189083
3360,189060
3390,188988
3420,188988
3450,188967
3480,188918
3510,188893
3540,188842
3570,188793
3600,188729
3630,188698
3660,188670
3690,188622
3720,188594
3750,188576
3780,188564
Final, 186152,7231

Round,H_team,A_team 
0,0,1
0,7,2
0,3,6
0,4,9
0,15,5
0,25,8
0,18,10
0,11,14
0,13,12
0,16,17
0,21,19
0,22,20
0,23,24
0,26,28
0,27,32
0,29,31
0,37,30
0,35,33
0,34,36
0,39,38
0,40,54
0,41,48
0,68,42
0,51,43
0,53,44
0,45,47
0,56,46
0,52,49
0,67,50
0,58,55
0,57,70
0,59,62
0,60,69
0,61,63
0,64,66
0,65,71
0,72,101
0,73,80
0,74,79
0,75,81
0,76,77
0,95,78
0,82,93
0,132,83
0,92,84
0,90,85
0,94,86
0,88,87
0,89,99
0,105,91
0,97,96
0,98,104
0,100,136
0,102,103
0,106,114
0,107,117
0,126,108
0,109,140
0,110,135
0,112,111
0,113,127
0,115,143
0,116,139
0,144,118
0,145,119
0,137,120
0,146,121
0,133,122
0,123,124
0,131,125
0,128,129
0,130,147
0,134,149
0,148,138
0,141,142
0,183,150
0,151,186
0,212,152
0,154,153
0,161,155
0,156,179
0,157,158
0,160,159
0,162,173
0,172,163
0,164,187
0,165,174
0,169,166
0,167,170
0,168,180
0,171,214
0,175,177
0,176,181
0,178,215
0,189,182
0,194,184
0,185,191
0,213,188
0,190,219
0,229,192
0,193,204
0,195,230
0,196,202
0,222,197
0,198,200
0,199,201
0,228,203
0,205,211
0,206,207
0,216,208
0,237,209
0,210,234
0,218,217
0,227,220
0,233,221
0,224,223
0,226,225
0,232,231
0,236,235
0,238,249
0,239,247
0,244,240
0,248,241
0,242,243
0,250,245
0,246,251
0,252,253
0,286,254
0,268,255
0,270,256
0,264,257
0,258,259
0,260,288
0,261,267
0,262,263
0,265,272
0,269,266
0,273,271
0,274,287
0,297,275
0,276,291
0,298,277
0,284,278
0,279,296
0,280,290
0,281,282
0,283,289
0,292,285
0,293,294
0,295,299
0,300,322
0,301,331
0,302,307
0,304,303
0,310,305
0,309,306
0,308,316
0,311,337
0,315,312
0,313,342
0,321,314
0,334,317
0,330,318
0,349,319
0,352,320
0,353,323
0,324,339
0,338,325
0,326,328
0,343,327
0,329,341
0,332,348
0,335,333
0,336,350
0,351,340
0,345,344
0,347,346
0,354,361
0,385,355
0,356,362
0,357,369
0,380,358
0,379,359
0,360,381
0,363,365
0,366,364
0,367,368
0,370,384
0,371,375
0,387,372
0,382,373
0,374,377
0,383,376
0,378,386
0,428,388
0,389,443
0,392,390
0,391,402
0,395,393
0,394,411
0,397,396
0,398,413
0,399,410
0,400,419
0,401,409
0,427,403
0,404,415
0,405,451
0,406,414
0,408,407
0,412,426
0,417,416
0,449,418
0,462,420
0,423,421
0,422,424
0,425,457
0,429,430
0,431,438
0,459,432
0,446,433
0,434,461
0,436,435
0,437,464
0,439,458
0,440,463
0,454,441
0,442,455
0,445,444
0,450,447
0,452,448
0,460,453
0,465,456
0,488,466
0,467,482
0,546,468
0,469,489
0,471,470
0,473,472
0,478,474
0,475,494
0,480,476
0,532,477
0,479,481
0,485,483
0,484,541
0,486,487
0,521,490
0,491,522
0,492,493
0,495,537
0,523,496
0,497,524
0,499,498
0,533,500
0,501,502
0,504,503
0,525,505
0,519,506
0,511,507
0,508,509
0,510,543
0,536,512
0,513,518
0,514,535
0,515,527
0,516,547
0,517,531
0,520,539
0,544,526
0,534,528
0,529,530
0,545,538
0,542,540
0,549,548
0,568,550
0,551,553
0,552,558
0,554,556
0,555,561
0,566,557
0,560,559
0,563,562
0,564,571
0,572,565
0,570,567
0,573,569
0,574,600
0,582,575
0,591,576
0,577,587
0,579,578
0,580,589
0,581,588
0,583,612
0,592,584
0,594,585
0,595,586
0,593,590
0,597,596
0,598,605
0,599,614
0,617,601
0,602,606
0,603,618
0,604,613
0,623,607
0,608,615
0,611,609
0,610,622
0,616,619
0,621,620
0,624,640
0,636,625
0,626,654
0,639,627
0,628,629
0,644,630
0,657,631
0,638,632
0,633,663
0,634,637
0,659,635
0,646,641
0,643,642
0,645,648
0,647,649
0,672,650
0,651,676
0,655,652
0,677,653
0,662,656
0,661,658
0,667,660
0,666,664
0,665,675
0,669,668
0,670,679
0,674,671
0,678,673
1,7,0
1,1,17
1,2,6
1,3,5
1,24,4
1,9,8
1,10,11
1,21,12
1,14,13
1,15,16
1,18,22
1,20,19
1,23,25
1,32,26
1,27,37
1,28,31
1,30,29
1,33,34
1,35,36
1,46,38
1,44,39
1,53,40
1,43,41
1,42,47
1,45,52
1,48,51
1,49,67
1,50,65
1,54,55
1,59,56
1,64,57
1,66,58
1,63,60
1,62,61
1,71,68
1,69,70
1,72,100
1,73,89
1,147,74
1,75,95
1,87,76
1,105,77
1,125,78
1,96,79
1,80,99
1,81,98
1,94,82
1,84,83
1,85,93
1,101,86
1,88,102
1,90,91
1,92,136
1,103,97
1,104,130
1,115,106
1,139,107
1,108,116
1,138,109
1,144,110
1,111,113
1,121,112
1,114,133
1,117,134
1,119,118
1,128,120
1,122,124
1,145,123
1,149,126
1,127,146
1,129,137
1,131,132
1,141,135
1,140,148
1,143,142
1,150,152
1,203,151
1,153,172
1,181,154
1,160,155
1,157,156
1,158,167
1,159,173
1,161,162
1,163,236
1,175,164
1,218,165
1,166,235
1,171,168
1,169,170
1,223,174
1,180,176
1,177,194
1,213,178
1,232,179
1,182,183
1,184,185
1,186,228
1,187,215
1,188,214
1,224,189
1,227,190
1,191,206
1,192,209
1,225,193
1,195,221
1,220,196
1,197,230
1,198,199
1,200,237
1,201,202
1,204,205
1,207,212
1,208,226
1,210,216
1,211,222
1,217,233
1,219,229
1,231,234
1,248,238
1,239,242
1,240,246
1,241,250
1,245,243
1,249,244
1,247,253
1,251,252
1,267,254
1,266,255
1,256,274
1,257,268
1,288,258
1,259,269
1,260,261
1,262,298
1,263,276
1,270,264
1,265,273
1,271,272
1,275,296
1,277,279
1,278,297
1,280,292
1,294,281
1,299,282
1,293,283
1,285,284
1,289,286
1,287,295
1,290,291
1,342,300
1,322,301
1,350,302
1,303,353
1,304,349
1,307,305
1,337,306
1,321,308
1,309,310
1,320,311
1,312,318
1,340,313
1,314,335
1,331,315
1,316,332
1,319,317
1,338,323
1,346,324
1,339,325
1,336,326
1,344,327
1,328,343
1,329,351
1,330,334
1,341,333
1,352,345
1,348,347
1,356,354
1,355,362
1,374,357
1,361,358
1,359,366
1,364,360
1,372,363
1,365,380
1,381,367
1,384,368
1,369,370
1,376,371
1,373,377
1,375,385
1,387,378
1,386,379
1,383,382
1,388,436
1,396,389
1,390,420
1,405,391
1,393,392
1,394,400
1,395,451
1,397,398
1,445,399
1,422,401
1,402,417
1,403,450
1,427,404
1,407,406
1,447,408
1,409,423
1,411,410
1,457,412
1,419,413
1,414,415
1,418,416
1,424,421
1,456,425
1,426,452
1,435,428
1,458,429
1,464,430
1,431,459
1,432,463
1,433,461
1,434,460
1,438,437
1,453,439
1,440,454
1,441,442
1,443,446
1,444,462
1,448,449
1,465,455
1,466,504
1,467,471
1,476,468
1,477,469
1,470,540
1,541,472
1,485,473
1,487,474
1,475,482
1,491,478
1,479,486
1,496,480
1,481,494
1,483,519
1,542,484
1,497,488
1,499,489
1,490,523
1,524,492
1,493,518
1,495,539
1,498,545
1,500,534
1,501,516
1,502,515
1,503,513
1,544,505
1,506,511
1,507,543
1,508,514
1,509,526
1,538,510
1,520,512
1,547,517
1,521,522
1,525,529
1,527,546
1,533,528
1,530,532
1,535,531
1,537,536
1,548,567
1,549,554
1,550,556
1,557,551
1,553,552
1,566,555
1,558,573
1,562,559
1,564,560
1,565,561
1,572,563
1,570,568
1,571,569
1,574,595
1,602,575
1,614,576
1,577,583
1,578,585
1,579,580
1,611,581
1,596,582
1,586,584
1,609,587
1,588,593
1,589,594
1,590,592
1,591,612
1,597,610
1,615,598
1,605,599
1,613,600
1,601,619
1,621,603
1,616,604
1,606,620
1,608,607
1,618,617
1,622,623
1,625,624
1,626,647
1,627,643
1,628,657
1,642,629
1,630,659
1,634,631
1,632,641
1,639,633
1,635,646
1,670,636
1,663,637
1,640,638
1,644,645
1,678,648
1,654,649
1,650,673
1,679,651
1,676,652
1,653,661
1,671,655
1,656,658
1,660,674
1,662,665
1,668,664
1,669,666
1,667,672
1,677,675
2,0,16
2,1,9
2,5,2
2,4,3
2,6,23
2,24,7
2,8,10
2,11,21
2,12,22
2,20,13
2,19,14
2,17,15
2,25,18
2,29,26
2,34,27
2,28,35
2,31,30
2,36,32
2,37,33
2,38,68
2,39,41
2,40,46
2,43,42
2,47,44
2,48,45
2,66,49
2,58,50
2,52,51
2,55,53
2,54,56
2,61,57
2,63,59
2,60,71
2,62,69
2,70,64
2,67,65
2,106,72
2,136,73
2,81,74
2,78,75
2,76,105
2,77,80
2,79,97
2,82,84
2,83,92
2,86,85
2,101,87
2,100,88
2,89,104
2,99,90
2,91,103
2,93,94
2,102,95
2,96,98
2,116,107
2,138,108
2,109,141
2,110,146
2,111,114
2,113,112
2,124,115
2,117,147
2,118,145
2,119,123
2,120,129
2,133,121
2,135,122
2,132,125
2,126,128
2,127,144
2,134,130
2,149,131
2,143,137
2,139,148
2,142,140
2,182,150
2,185,151
2,152,194
2,155,153
2,172,154
2,156,167
2,179,157
2,158,168
2,236,159
2,162,160
2,173,161
2,235,163
2,165,164
2,170,166
2,176,169
2,215,171
2,174,218
2,190,175
2,189,177
2,178,188
2,187,180
2,223,181
2,228,183
2,186,184
2,212,191
2,199,192
2,216,193
2,220,195
2,200,196
2,197,226
2,209,198
2,221,201
2,202,219
2,233,203
2,234,204
2,205,232
2,206,210
2,207,211
2,225,208
2,214,213
2,217,224
2,222,231
2,230,227
2,237,229
2,251,238
2,252,239
2,243,240
2,241,242
2,250,244
2,245,246
2,247,249
2,253,248
2,254,281
2,255,261
2,258,256
2,257,267
2,259,270
2,263,260
2,272,262
2,264,265
2,274,266
2,287,268
2,269,271
2,273,288
2,275,279
2,276,290
2,296,277
2,299,278
2,291,280
2,282,294
2,298,283
2,297,284
2,295,285
2,286,293
2,289,292
2,300,308
2,324,301
2,303,302
2,319,304
2,305,349
2,306,310
2,334,307
2,314,309
2,335,311
2,312,321
2,313,320
2,315,330
2,323,316
2,317,331
2,318,322
2,325,345
2,326,350
2,327,328
2,340,329
2,332,342
2,333,337
2,343,336
2,348,338
2,346,339
2,341,352
2,351,344
2,347,353
2,354,357
2,355,384
2,373,356
2,358,364
2,381,359
2,379,360
2,361,363
2,362,366
2,365,375
2,367,386
2,368,380
2,369,374
2,377,370
2,371,387
2,378,372
2,376,382
2,385,383
2,435,388
2,389,397
2,390,445
2,391,408
2,392,394
2,393,447
2,400,395
2,413,396
2,398,428
2,399,411
2,401,436
2,402,418
2,406,403
2,404,456
2,417,405
2,421,407
2,410,409
2,452,412
2,414,425
2,415,423
2,416,427
2,419,422
2,420,444
2,451,424
2,449,426
2,442,429
2,430,458
2,462,431
2,432,454
2,433,453
2,439,434
2,437,441
2,455,438
2,464,440
2,460,443
2,461,446
2,448,450
2,457,465
2,463,459
2,466,467
2,468,480
2,532,469
2,470,485
2,471,519
2,472,484
2,473,483
2,474,490
2,487,475
2,488,476
2,478,477
2,494,479
2,482,481
2,486,524
2,489,498
2,503,491
2,492,499
2,493,496
2,546,495
2,522,497
2,543,500
2,513,501
2,517,502
2,518,504
2,505,533
2,506,542
2,514,507
2,531,508
2,511,509
2,510,544
2,512,537
2,515,547
2,516,520
2,523,521
2,545,525
2,526,535
2,528,527
2,538,529
2,530,534
2,539,536
2,540,541
2,548,565
2,552,549
2,551,550
2,553,564
2,558,554
2,556,555
2,557,570
2,559,573
2,560,568
2,561,571
2,562,572
2,569,563
2,567,566
2,586,574
2,575,601
2,576,610
2,580,577
2,578,611
2,585,579
2,589,581
2,587,582
2,593,583
2,584,590
2,609,588
2,614,591
2,592,595
2,594,597
2,612,596
2,598,616
2,607,599
2,600,622
2,620,602
2,606,603
2,605,604
2,623,608
2,618,613
2,615,617
2,619,621
2,641,624
2,625,626
2,674,627
2,643,628
2,629,663
2,645,630
2,631,638
2,632,636
2,633,659
2,657,634
2,647,635
2,637,646
2,642,639
2,640,644
2,648,679
2,649,670
2,650,676
2,651,660
2,652,671
2,658,653
2,664,654
2,672,655
2,661,656
2,666,662
2,665,678
2,673,667
2,668,677
2,675,669
3,0,9
3,6,1
3,8,2
3,3,24
3,4,15
3,5,17
3,16,7
3,10,20
3,13,11
3,12,19
3,18,14
3,21,25
3,22,23
3,26,37
3,31,27
3,30,28
3,29,35
3,32,34
3,33,36
3,38,43
3,42,39
3,56,40
3,41,52
3,46,44
3,45,54
3,68,47
3,55,48
3,49,50
3,51,53
3,57,63
3,58,67
3,59,69
3,61,60
3,70,62
3,64,71
3,65,66
3,72,119
3,73,76
3,74,129
3,88,75
3,77,99
3,97,78
3,79,81
3,87,80
3,82,92
3,104,83
3,84,85
3,131,86
3,89,90
3,91,100
3,128,93
3,94,136
3,95,96
3,98,125
3,103,101
3,105,102
3,122,106
3,107,138
3,108,117
3,134,109
3,123,110
3,135,111
3,112,127
3,121,113
3,114,143
3,141,115
3,148,116
3,118,133
3,120,147
3,124,145
3,126,142
3,130,132
3,137,149
3,140,139
3,146,144
3,150,177
3,151,152
3,236,153
3,154,156
3,166,155
3,157,176
3,179,158
3,162,159
3,160,161
3,173,163
3,164,190
3,178,165
3,167,215
3,168,181
3,172,169
3,170,217
3,171,213
3,224,174
3,218,175
3,180,214
3,184,182
3,183,186
3,185,212
3,188,187
3,203,189
3,191,207
3,192,200
3,193,211
3,194,228
3,227,195
3,196,237
3,198,197
3,209,199
3,229,201
3,202,230
3,204,231
3,205,216
3,208,206
3,210,225
3,219,221
3,233,220
3,226,222
3,235,223
3,234,232
3,238,239
3,240,245
3,246,241
3,242,253
3,250,243
3,244,247
3,252,248
3,249,251
3,254,257
3,255,273
3,256,264
3,271,258
3,265,259
3,268,260
3,261,287
3,262,270
3,266,263
3,267,288
3,272,269
3,290,274
3,285,275
3,284,276
3,277,297
3,278,296
3,279,295
3,283,280
3,281,289
3,282,286
3,292,291
3,293,298
3,294,299
3,301,300
3,302,309
3,310,303
3,305,304
3,306,314
3,307,333
3,308,318
3,311,321
3,337,312
3,313,322
3,317,315
3,316,319
3,320,340
3,323,348
3,353,324
3,325,332
3,326,351
3,350,327
3,349,328
3,344,329
3,330,331
3,334,335
3,345,336
3,338,346
3,339,347
3,342,341
3,352,343
3,354,373
3,374,355
3,356,369
3,357,368
3,360,358
3,363,359
3,362,361
3,380,364
3,379,365
3,366,367
3,370,385
3,371,383
3,372,376
3,378,375
3,382,377
3,386,381
3,384,387
3,388,401
3,436,389
3,462,390
3,391,415
3,444,392
3,394,393
3,395,399
3,425,396
3,397,421
3,424,398
3,411,400
3,403,402
3,404,416
3,407,405
3,406,413
3,408,414
3,422,409
3,423,410
3,412,418
3,427,417
3,447,419
3,420,445
3,426,457
3,428,453
3,429,437
3,459,430
3,431,458
3,465,432
3,460,433
3,434,435
3,438,440
3,446,439
3,441,464
3,442,463
3,443,461
3,456,448
3,452,449
3,450,451
3,454,455
3,468,466
3,467,470
3,469,530
3,541,471
3,472,540
3,473,482
3,523,474
3,488,475
3,496,476
3,477,499
3,521,478
3,479,487
3,480,520
3,524,481
3,484,483
3,485,506
3,492,486
3,518,489
3,490,491
3,498,493
3,497,494
3,527,495
3,507,500
3,535,501
3,502,513
3,522,503
3,504,532
3,529,505
3,508,510
3,543,509
3,526,511
3,539,512
3,547,514
3,536,515
3,517,516
3,519,542
3,525,538
3,528,531
3,534,533
3,546,537
3,545,544
3,573,548
3,549,553
3,550,567
3,556,551
3,554,552
3,555,557
3,565,558
3,568,559
3,571,560
3,561,562
3,563,564
3,570,566
3,572,569
3,620,574
3,600,575
3,576,578
3,581,577
3,579,589
3,583,580
3,582,612
3,585,584
3,590,586
3,588,587
3,599,591
3,594,592
3,595,593
3,596,611
3,622,597
3,623,598
3,601,606
3,603,602
3,604,618
3,608,605
3,607,615
3,610,609
3,613,621
3,616,614
3,617,619
3,624,632
3,677,625
3,636,626
3,627,628
3,629,657
3,630,635
3,646,631
3,638,633
3,645,634
3,637,639
3,641,640
3,671,642
3,674,643
3,644,648
3,679,647
3,656,649
3,651,650
3,652,667
3,653,668
3,670,654
3,655,673
3,675,658
3,659,663
3,676,660
3,669,661
3,662,664
3,666,665
3,672,678
4,2,0
4,1,3
4,23,4
4,9,5
4,7,6
4,17,8
4,14,10
4,11,12
4,13,18
4,15,24
4,19,16
4,20,25
4,22,21
4,27,26
4,37,28
4,34,29
4,36,30
4,35,31
4,33,32
4,48,38
4,39,68
4,40,49
4,47,41
4,42,51
4,43,52
4,44,56
4,45,55
4,53,46
4,50,66
4,54,58
4,57,59
4,60,62
4,67,61
4,69,63
4,65,64
4,71,70
4,99,72
4,100,73
4,74,128
4,75,96
4,76,89
4,90,77
4,78,81
4,147,79
4,80,118
4,132,82
4,83,86
4,84,94
4,85,105
4,87,103
4,101,88
4,93,91
4,92,120
4,125,95
4,97,98
4,104,102
4,137,106
4,149,107
4,108,139
4,109,114
4,110,113
4,127,111
4,144,112
4,115,148
4,116,141
4,117,140
4,119,124
4,121,135
4,123,122
4,129,126
4,130,131
4,142,133
4,136,134
4,138,143
4,145,146
4,151,150
4,152,185
4,153,173
4,154,166
4,155,162
4,156,172
4,157,171
4,158,170
4,159,235
4,163,160
4,161,236
4,174,164
4,213,165
4,167,168
4,169,218
4,175,217
4,176,187
4,177,203
4,214,178
4,231,179
4,215,180
4,181,188
4,182,186
4,183,207
4,212,184
4,223,189
4,190,224
4,194,191
4,201,192
4,206,193
4,195,209
4,196,229
4,197,199
4,225,198
4,200,221
4,237,202
4,232,204
4,208,205
4,210,226
4,211,216
4,220,219
4,222,234
4,228,227
4,230,233
4,242,238
4,239,243
4,247,240
4,253,241
4,244,252
4,248,245
4,246,249
4,251,250
4,264,254
4,258,255
4,256,287
4,261,257
4,259,272
4,260,262
4,263,274
4,299,265
4,271,266
4,273,267
4,288,268
4,270,269
4,275,291
4,276,277
4,295,278
4,284,279
4,280,289
4,281,283
4,285,282
4,286,294
4,296,290
4,292,293
4,298,297
4,318,300
4,321,301
4,302,305
4,303,350
4,304,313
4,335,306
4,307,310
4,331,308
4,309,334
4,311,312
4,314,330
4,315,337
4,342,316
4,333,317
4,320,319
4,322,325
4,332,323
4,324,348
4,329,326
4,349,327
4,328,340
4,336,344
4,347,338
4,345,339
4,341,343
4,353,346
4,352,351
4,369,354
4,355,366
4,384,356
4,357,362
4,358,365
4,359,380
4,367,360
4,361,381
4,364,363
4,368,372
4,382,370
4,377,371
4,383,373
4,385,374
4,375,386
4,376,378
4,387,379
4,410,388
4,389,401
4,444,390
4,396,391
4,399,392
4,400,393
4,445,394
4,419,395
4,415,397
4,414,398
4,405,402
4,416,403
4,418,404
4,421,406
4,407,447
4,424,408
4,409,411
4,417,412
4,413,426
4,448,420
4,423,422
4,425,460
4,455,427
4,428,436
4,459,429
4,430,465
4,431,437
4,464,432
4,433,443
4,453,434
4,435,446
4,438,442
4,461,439
4,440,462
4,458,441
4,449,450
4,451,452
4,463,454
4,457,456
4,476,466
4,481,467
4,495,468
4,469,521
4,470,473
4,471,484
4,483,472
4,474,492
4,475,479
4,477,504
4,478,522
4,480,497
4,482,488
4,540,485
4,490,486
4,499,487
4,489,503
4,491,523
4,493,524
4,496,494
4,530,498
4,500,511
4,501,547
4,520,502
4,505,545
4,509,506
4,507,508
4,510,526
4,512,546
4,513,528
4,514,518
4,515,517
4,531,516
4,538,519
4,544,525
4,527,536
4,529,532
4,533,535
4,534,543
4,537,539
4,542,541
4,555,548
4,558,549
4,570,550
4,552,551
4,566,553
4,567,554
4,557,556
4,559,572
4,560,561
4,569,562
4,563,568
4,564,565
4,571,573
4,574,584
4,575,620
4,612,576
4,577,582
4,578,589
4,590,579
4,611,580
4,597,581
4,587,583
4,586,585
4,596,588
4,591,609
4,593,592
4,595,594
4,606,598
4,599,608
4,618,600
4,601,604
4,602,615
4,603,617
4,605,614
4,610,607
4,613,622
4,621,616
4,619,623
4,635,624
4,640,625
4,626,670
4,642,627
4,628,674
4,643,629
4,630,641
4,631,637
4,639,632
4,634,633
4,636,645
4,663,638
4,644,672
4,659,646
4,647,658
4,648,650
4,649,677
4,671,651
4,660,652
4,653,662
4,654,656
4,667,655
4,657,676
4,668,661
4,664,675
4,665,669
4,673,666
4,678,679
5,0,3
5,7,1
5,2,16
5,4,5
5,8,6
5,24,9
5,10,13
5,18,11
5,12,20
5,14,21
5,23,15
5,25,17
5,19,22
5,26,36
5,29,27
5,28,33
5,30,34
5,31,37
5,32,35
5,38,42
5,52,39
5,44,40
5,41,45
5,43,71
5,46,49
5,48,47
5,51,50
5,53,58
5,68,54
5,55,56
5,60,57
5,70,59
5,66,61
5,62,65
5,63,67
5,69,64
5,118,72
5,106,73
5,78,74
5,120,75
5,99,76
5,77,89
5,79,87
5,102,80
5,81,88
5,82,85
5,136,83
5,125,84
5,86,130
5,100,90
5,91,94
5,93,92
5,95,97
5,96,104
5,98,101
5,103,105
5,107,108
5,148,109
5,127,110
5,111,145
5,112,124
5,113,144
5,114,115
5,140,116
5,117,149
5,146,119
5,122,121
5,135,123
5,147,126
5,132,128
5,131,129
5,133,141
5,143,134
5,142,137
5,139,138
5,150,212
5,184,151
5,180,152
5,153,163
5,168,154
5,155,169
5,156,158
5,215,157
5,159,161
5,173,160
5,162,236
5,164,188
5,165,175
5,166,172
5,214,167
5,170,176
5,187,171
5,217,174
5,190,177
5,178,224
5,179,234
5,213,181
5,228,182
5,185,183
5,186,194
5,189,220
5,191,226
5,192,197
5,193,210
5,202,195
5,235,196
5,198,222
5,199,225
5,229,200
5,201,237
5,203,206
5,204,211
5,231,205
5,207,208
5,209,230
5,216,232
5,223,218
5,219,233
5,221,227
5,240,238
5,241,239
5,245,242
5,243,252
5,251,244
5,253,246
5,250,247
5,249,248
5,254,261
5,274,255
5,259,256
5,257,260
5,265,258
5,268,262
5,287,263
5,269,264
5,266,273
5,267,271
5,272,270
5,278,275
5,296,276
5,277,284
5,291,279
5,297,280
5,286,281
5,289,282
5,283,299
5,298,285
5,288,295
5,290,293
5,294,292
5,300,316
5,301,310
5,304,302
5,303,309
5,335,305
5,333,306
5,314,307
5,330,308
5,319,311
5,312,334
5,344,313
5,318,315
5,317,321
5,341,320
5,322,331
5,323,324
5,346,325
5,343,326
5,327,336
5,328,345
5,329,352
5,332,347
5,340,337
5,339,338
5,351,342
5,348,353
5,350,349
5,362,354
5,356,355
5,360,357
5,358,379
5,359,364
5,366,361
5,363,368
5,365,378
5,367,384
5,383,369
5,370,374
5,386,371
5,377,372
5,373,385
5,375,382
5,387,376
5,381,380
5,443,388
5,389,435
5,390,394
5,391,407
5,392,400
5,393,444
5,408,395
5,396,424
5,397,425
5,398,457
5,409,399
5,401,410
5,402,404
5,403,405
5,406,422
5,411,423
5,412,464
5,413,414
5,415,450
5,416,455
5,417,465
5,418,427
5,421,419
5,420,431
5,426,430
5,446,428
5,429,438
5,432,440
5,434,433
5,436,453
5,437,458
5,439,459
5,441,463
5,454,442
5,448,445
5,447,451
5,449,462
5,452,456
5,461,460
5,466,523
5,473,467
5,468,488
5,503,469
5,470,542
5,483,471
5,472,475
5,486,474
5,476,481
5,498,477
5,478,490
5,482,479
5,502,480
5,540,484
5,519,485
5,487,524
5,489,492
5,504,491
5,532,493
5,494,522
5,536,495
5,497,496
5,545,499
5,510,500
5,512,501
5,505,530
5,506,525
5,528,507
5,535,508
5,509,533
5,511,534
5,514,513
5,537,515
5,516,527
5,539,517
5,518,521
5,546,520
5,526,543
5,544,529
5,531,547
5,541,538
5,548,558
5,551,549
5,550,555
5,556,552
5,553,557
5,554,566
5,559,571
5,560,563
5,561,570
5,562,565
5,569,564
5,567,573
5,568,572
5,574,601
5,575,596
5,609,576
5,594,577
5,586,578
5,579,591
5,580,612
5,592,581
5,582,597
5,583,588
5,584,595
5,585,593
5,611,587
5,589,590
5,598,608
5,604,599
5,600,617
5,602,621
5,620,603
5,605,623
5,618,606
5,607,616
5,614,610
5,619,613
5,615,622
5,624,639
5,625,646
5,666,626
5,627,629
5,642,628
5,648,630
5,633,631
5,632,643
5,634,659
5,635,644
5,640,636
5,638,637
5,641,645
5,654,647
5,658,649
5,650,667
5,655,651
5,673,652
5,656,653
5,674,657
5,679,660
5,661,677
5,662,669
5,670,663
5,664,665
5,675,668
5,672,671
5,676,678
6,8,0
6,1,4
6,9,2
6,3,7
6,5,24
6,6,15
6,22,10
6,11,19
6,12,14
6,21,13
6,16,25
6,17,23
6,20,18
6,30,26
6,27,33
6,28,29
6,36,31
6,37,32
6,35,34
6,38,51
6,39,43
6,40,45
6,41,42
6,55,44
6,46,48
6,47,54
6,49,53
6,50,52
6,56,68
6,71,57
6,58,65
6,59,60
6,61,70
6,64,62
6,63,66
6,67,69
6,72,114
6,73,137
6,74,75
6,76,91
6,85,77
6,87,78
6,79,98
6,80,103
6,95,81
6,130,82
6,83,93
6,86,84
6,88,99
6,89,100
6,105,90
6,94,92
6,96,125
6,104,97
6,101,102
6,106,136
6,107,140
6,148,108
6,109,115
6,110,112
6,144,111
6,145,113
6,138,116
6,126,117
6,118,122
6,119,121
6,120,132
6,123,146
6,124,135
6,141,127
6,128,131
6,129,147
6,143,133
6,134,139
6,149,142
6,194,150
6,151,180
6,152,186
6,169,153
6,154,158
6,170,155
6,168,156
6,167,157
6,196,159
6,160,235
6,163,161
6,172,162
6,164,178
6,224,165
6,218,166
6,171,176
6,236,173
6,174,175
6,177,228
6,204,179
6,181,214
6,212,182
6,183,184
6,206,185
6,187,213
6,188,215
6,221,189
6,217,190
6,225,191
6,195,192
6,205,193
6,197,237
6,226,198
6,230,199
6,200,202
6,209,201
6,208,203
6,207,210
6,211,231
6,234,216
6,227,219
6,229,220
6,232,222
6,233,223
6,238,253
6,244,239
6,252,240
6,241,245
6,242,250
6,243,249
6,246,248
6,247,251
6,294,254
6,255,267
6,256,265
6,257,273
6,258,287
6,262,259
6,260,266
6,274,261
6,268,263
6,272,264
6,269,288
6,270,271
6,275,295
6,278,276
6,277,290
6,279,297
6,280,298
6,281,292
6,282,283
6,284,296
6,291,285
6,299,286
6,293,289
6,331,300
6,301,330
6,302,353
6,349,303
6,310,304
6,305,309
6,306,312
6,311,307
6,308,317
6,313,341
6,315,314
6,316,322
6,321,318
6,319,340
6,320,342
6,347,323
6,325,324
6,326,344
6,327,352
6,336,328
6,350,329
6,339,332
6,334,333
6,337,335
6,338,345
6,343,351
6,348,346
6,354,384
6,355,370
6,357,356
6,366,358
6,361,359
6,368,360
6,362,363
6,364,381
6,371,365
6,379,367
6,369,385
6,372,375
6,373,387
6,374,383
6,376,377
6,378,382
6,380,386
6,388,411
6,460,389
6,390,400
6,426,391
6,392,420
6,399,393
6,394,444
6,395,409
6,422,396
6,435,397
6,425,398
6,443,401
6,402,408
6,403,417
6,404,413
6,405,452
6,451,406
6,414,407
6,410,421
6,465,412
6,447,415
6,456,416
6,457,418
6,424,419
6,450,423
6,427,448
6,439,428
6,463,429
6,430,438
6,442,431
6,458,432
6,433,436
6,446,434
6,459,437
6,441,440
6,462,445
6,455,449
6,453,461
6,464,454
6,480,466
6,467,483
6,468,539
6,469,513
6,481,470
6,471,540
6,472,482
6,542,473
6,474,489
6,524,475
6,479,476
6,491,477
6,523,478
6,484,519
6,485,541
6,496,486
6,494,487
6,488,504
6,490,503
6,492,498
6,493,499
6,495,512
6,521,497
6,500,505
6,501,520
6,547,502
6,543,506
6,507,531
6,508,528
6,525,509
6,511,510
6,517,514
6,516,515
6,522,518
6,533,526
6,527,537
6,529,534
6,530,545
6,532,535
6,536,546
6,538,544
6,548,553
6,549,550
6,551,554
6,552,557
6,555,567
6,556,566
6,558,564
6,561,559
6,572,560
6,571,562
6,563,570
6,565,569
6,573,568
6,585,574
6,621,575
6,576,611
6,577,595
6,591,578
6,609,579
6,580,590
6,581,596
6,582,583
6,584,594
6,589,586
6,587,593
6,588,597
6,612,592
6,598,604
6,599,600
6,603,601
6,613,602
6,616,605
6,606,619
6,622,607
6,608,614
6,623,610
6,615,618
6,617,620
6,624,638
6,649,625
6,656,626
6,627,633
6,631,628
6,629,634
6,647,630
6,677,632
6,645,635
6,636,641
6,637,659
6,643,639
6,646,640
6,657,642
6,663,644
6,660,648
6,655,650
6,651,672
6,652,674
6,653,666
6,658,654
6,661,675
6,668,662
6,669,664
6,665,673
6,667,679
6,678,670
6,671,676
7,0,6
7,1,8
7,15,2
7,9,3
7,17,4
7,7,5
7,19,10
7,11,23
7,25,12
7,13,22
7,14,20
7,16,24
7,18,21
7,31,26
7,35,27
7,36,28
7,29,32
7,33,30
7,34,37
7,71,38
7,39,56
7,50,40
7,68,41
7,42,44
7,43,48
7,45,46
7,51,47
7,58,49
7,52,53
7,54,69
7,70,55
7,57,62
7,61,59
7,65,60
7,64,63
7,66,67
7,87,72
7,114,73
7,74,132
7,75,79
7,90,76
7,91,77
7,78,120
7,80,88
7,97,81
7,82,131
7,94,83
7,84,93
7,85,102
7,92,86
7,89,105
7,98,95
7,103,96
7,99,100
7,104,101
7,112,106
7,134,107
7,108,109
7,111,110
7,113,123
7,115,142
7,116,126
7,117,148
7,146,118
7,122,119
7,121,124
7,125,130
7,133,127
7,147,128
7,129,149
7,135,139
7,137,136
7,140,138
7,141,143
7,145,144
7,150,186
7,182,151
7,152,183
7,161,153
7,157,154
7,155,159
7,156,232
7,158,181
7,236,160
7,163,162
7,218,164
7,165,187
7,166,174
7,167,171
7,176,168
7,169,217
7,172,170
7,173,196
7,175,178
7,177,207
7,179,205
7,180,213
7,203,184
7,185,194
7,223,188
7,189,190
7,193,191
7,192,198
7,199,195
7,197,209
7,200,233
7,230,201
7,220,202
7,210,204
7,212,206
7,208,234
7,226,211
7,215,214
7,231,216
7,224,219
7,228,221
7,222,225
7,237,227
7,235,229
7,238,246
7,239,245
7,240,241
7,244,242
7,251,243
7,248,247
7,253,249
7,252,250
7,254,255
7,271,256
7,266,257
7,258,269
7,264,259
7,260,274
7,261,262
7,263,267
7,265,270
7,295,268
7,273,272
7,284,275
7,276,298
7,285,277
7,279,278
7,296,280
7,299,281
7,292,282
7,286,283
7,287,288
7,289,294
7,290,297
7,293,291
7,300,313
7,308,301
7,349,302
7,303,320
7,304,337
7,305,306
7,307,312
7,309,335
7,310,333
7,311,315
7,314,334
7,317,316
7,318,331
7,342,319
7,330,321
7,322,348
7,323,346
7,324,332
7,341,325
7,352,326
7,340,327
7,328,329
7,353,336
7,338,343
7,344,339
7,345,347
7,351,350
7,385,354
7,369,355
7,370,356
7,361,357
7,363,358
7,359,362
7,360,380
7,379,364
7,365,386
7,381,366
7,367,387
7,368,378
7,382,371
7,384,372
7,374,373
7,375,376
7,377,383
7,397,388
7,389,409
7,393,390
7,413,391
7,419,392
7,420,394
7,395,447
7,396,414
7,410,398
7,400,399
7,411,401
7,406,402
7,408,403
7,417,404
7,405,418
7,407,415
7,456,412
7,416,451
7,421,422
7,423,424
7,425,446
7,454,426
7,450,427
7,428,434
7,429,462
7,430,442
7,431,441
7,432,453
7,438,433
7,461,435
7,436,443
7,463,437
7,460,439
7,440,465
7,444,448
7,445,449
7,452,457
7,464,455
7,459,458
7,466,481
7,475,467
7,537,468
7,469,476
7,470,484
7,471,485
7,492,472
7,540,473
7,474,493
7,477,490
7,498,478
7,497,479
7,480,488
7,524,482
7,506,483
7,486,494
7,487,491
7,489,532
7,520,495
7,521,496
7,499,525
7,500,544
7,546,501
7,502,514
7,503,518
7,513,504
7,505,510
7,507,516
7,534,508
7,545,509
7,533,511
7,512,517
7,515,539
7,519,541
7,522,523
7,526,529
7,531,527
7,528,535
7,538,530
7,547,536
7,543,542
7,554,548
7,565,549
7,552,550
7,566,551
7,553,558
7,570,555
7,567,556
7,557,569
7,559,563
7,560,562
7,564,561
7,568,571
7,573,572
7,574,621
7,575,603
7,576,580
7,588,577
7,578,584
7,612,579
7,587,581
7,594,582
7,595,583
7,590,585
7,593,586
7,592,589
7,611,591
7,596,623
7,597,609
7,614,598
7,599,622
7,600,616
7,601,602
7,604,615
7,607,605
7,617,606
7,610,608
7,620,613
7,618,619
7,634,624
7,641,625
7,626,649
7,631,627
7,628,671
7,639,629
7,630,636
7,659,632
7,637,633
7,635,640
7,646,638
7,642,674
7,643,657
7,644,647
7,663,645
7,648,670
7,678,650
7,651,652
7,653,669
7,654,665
7,660,655
7,675,656
7,668,658
7,664,661
7,677,662
7,672,666
7,676,667
7,679,673
8,15,0
8,5,1
8,2,3
8,4,16
8,6,9
8,8,7
8,10,21
8,20,11
8,12,18
8,13,19
8,23,14
8,24,17
8,22,25
8,26,35
8,27,36
8,34,28
8,37,29
8,32,30
8,31,33
8,52,38
8,53,39
8,48,40
8,41,51
8,46,42
8,68,43
8,44,45
8,47,55
8,49,54
8,56,50
8,69,57
8,62,58
8,66,59
8,60,64
8,65,61
8,63,70
8,67,71
8,72,80
8,93,73
8,96,74
8,75,87
8,100,76
8,77,82
8,78,88
8,95,79
8,81,120
8,83,85
8,102,84
8,86,89
8,90,104
8,99,91
8,132,92
8,131,94
8,125,97
8,98,103
8,101,105
8,106,110
8,109,107
8,147,108
8,146,111
8,112,145
8,122,113
8,142,114
8,115,133
8,143,116
8,139,117
8,124,118
8,119,144
8,123,121
8,137,126
8,127,135
8,136,128
8,130,129
8,148,134
8,149,138
8,140,141
8,150,203
8,151,177
8,184,152
8,153,160
8,170,154
8,173,155
8,234,156
8,231,157
8,158,176
8,159,163
8,161,172
8,162,235
8,164,223
8,165,215
8,166,217
8,179,167
8,213,168
8,174,169
8,181,171
8,175,224
8,178,180
8,182,185
8,191,183
8,186,206
8,214,187
8,188,218
8,227,189
8,190,233
8,192,230
8,193,207
8,194,212
8,195,197
8,201,196
8,198,208
8,199,226
8,209,200
8,202,229
8,204,225
8,205,210
8,211,232
8,216,222
8,219,228
8,221,220
8,237,236
8,245,238
8,240,239
8,241,244
8,246,242
8,243,247
8,250,248
8,249,252
8,253,251
8,254,265
8,255,260
8,256,269
8,257,281
8,264,258
8,259,271
8,263,261
8,288,262
8,267,266
8,268,274
8,273,270
8,272,287
8,276,275
8,277,280
8,291,278
8,285,279
8,282,293
8,283,294
8,295,284
8,292,286
8,289,299
8,298,290
8,297,296
8,348,300
8,346,301
8,302,310
8,337,303
8,309,304
8,312,305
8,306,307
8,315,308
8,334,311
8,313,319
8,333,314
8,316,320
8,317,330
8,335,318
8,331,321
8,322,342
8,325,323
8,347,324
8,327,326
8,328,352
8,329,349
8,332,338
8,351,336
8,339,353
8,340,341
8,345,343
8,344,350
8,355,354
8,356,374
8,384,357
8,358,359
8,366,360
8,364,361
8,362,367
8,381,363
8,365,368
8,373,369
8,383,370
8,371,378
8,372,382
8,387,375
8,386,376
8,385,377
8,380,379
8,388,422
8,411,389
8,448,390
8,391,414
8,392,395
8,393,445
8,399,394
8,398,396
8,413,397
8,409,400
8,401,423
8,407,402
8,403,404
8,416,405
8,447,406
8,415,408
8,424,410
8,412,454
8,418,417
8,419,450
8,449,420
8,421,452
8,434,425
8,426,462
8,457,427
8,428,461
8,429,431
8,437,430
8,432,438
8,433,435
8,436,456
8,443,439
8,442,440
8,455,441
8,451,444
8,446,460
8,453,459
8,458,463
8,465,464
8,466,503
8,467,479
8,482,468
8,504,469
8,483,470
8,473,471
8,472,542
8,477,474
8,475,480
8,476,495
8,478,486
8,481,488
8,484,485
8,493,487
8,489,545
8,490,492
8,491,521
8,494,524
8,496,522
8,523,497
8,498,532
8,499,529
8,509,500
8,518,501
8,502,512
8,511,505
8,506,538
8,535,507
8,526,508
8,510,533
8,513,516
8,514,528
8,515,546
8,527,517
8,540,519
8,536,520
8,525,534
8,544,530
8,537,531
8,539,547
8,541,543
8,548,552
8,549,564
8,550,566
8,555,551
8,553,556
8,557,554
8,568,558
8,559,570
8,569,560
8,572,561
8,562,573
8,563,571
8,567,565
8,606,574
8,583,575
8,579,576
8,596,577
8,609,578
8,580,591
8,581,612
8,582,588
8,584,593
8,585,620
8,586,592
8,597,587
8,589,595
8,590,594
8,607,598
8,616,599
8,600,623
8,601,621
8,602,618
8,619,603
8,604,614
8,605,615
8,622,608
8,610,611
8,613,617
8,636,624
8,625,635
8,626,644
8,657,627
8,639,628
8,629,631
8,640,630
8,632,637
8,633,646
8,638,634
8,641,663
8,648,642
8,671,643
8,645,659
8,670,647
8,649,653
8,650,660
8,674,651
8,652,665
8,654,668
8,664,655
8,656,677
8,658,669
8,666,661
8,662,675
8,667,678
8,673,672
8,679,676
9,5,0
9,2,1
9,3,8
9,6,4
9,9,7
9,10,12
9,24,11
9,17,13
9,14,22
9,25,15
9,16,23
9,19,18
9,21,20
9,26,34
9,28,27
9,33,29
9,30,35
9,32,31
9,36,37
9,38,41
9,51,39
9,40,58
9,42,52
9,54,43
9,44,48
9,56,45
9,47,46
9,49,65
9,50,53
9,55,68
9,57,67
9,59,64
9,70,60
9,69,61
9,62,63
9,71,66
9,88,72
9,73,99
9,120,74
9,97,75
9,76,94
9,77,100
9,79,78
9,80,96
9,81,87
9,83,82
9,84,101
9,85,125
9,86,90
9,91,89
9,92,137
9,93,131
9,105,95
9,102,98
9,103,104
9,133,106
9,107,148
9,108,140
9,142,109
9,110,145
9,111,119
9,135,112
9,113,146
9,114,141
9,121,115
9,116,147
9,138,117
9,118,123
9,144,122
9,124,127
9,126,134
9,128,130
9,129,132
9,136,149
9,139,143
9,184,150
9,183,151
9,152,182
9,153,162
9,154,167
9,155,172
9,176,156
9,168,157
9,171,158
9,159,170
9,160,237
9,235,161
9,163,166
9,214,164
9,188,165
9,181,169
9,229,173
9,174,190
9,189,175
9,177,224
9,187,178
9,207,179
9,180,194
9,186,185
9,191,208
9,202,192
9,232,193
9,219,195
9,196,236
9,225,197
9,230,198
9,222,199
9,201,200
9,203,212
9,216,204
9,234,205
9,206,231
9,226,209
9,211,210
9,215,213
9,217,223
9,221,218
9,220,228
9,233,227
9,238,241
9,239,246
9,242,240
9,243,244
9,245,253
9,247,252
9,248,251
9,249,250
9,282,254
9,255,257
9,262,256
9,270,258
9,287,259
9,267,260
9,261,268
9,288,263
9,271,264
9,294,265
9,266,272
9,269,273
9,274,295
9,275,299
9,297,276
9,291,277
9,278,285
9,279,289
9,280,286
9,281,293
9,283,292
9,290,284
9,296,298
9,300,330
9,301,347
9,306,302
9,305,303
9,353,304
9,307,309
9,308,322
9,310,349
9,333,311
9,312,335
9,316,313
9,331,314
9,321,315
9,318,317
9,319,341
9,320,351
9,323,339
9,324,338
9,325,348
9,326,345
9,327,329
9,350,328
9,346,332
9,337,334
9,336,352
9,342,340
9,343,344
9,354,374
9,357,355
9,376,356
9,358,381
9,359,365
9,360,361
9,364,362
9,363,366
9,380,367
9,368,379
9,377,369
9,370,373
9,372,371
9,375,383
9,378,384
9,382,385
9,386,387
9,388,389
9,390,399
9,398,391
9,445,392
9,420,393
9,394,395
9,396,411
9,414,397
9,400,447
9,401,421
9,402,416
9,418,403
9,404,405
9,408,406
9,422,407
9,409,424
9,410,460
9,412,425
9,415,413
9,451,417
9,423,419
9,427,426
9,456,428
9,441,429
9,430,432
9,440,431
9,439,433
9,458,434
9,435,443
9,461,436
9,437,442
9,438,459
9,444,449
9,453,446
9,462,448
9,450,452
9,454,465
9,455,457
9,463,464
9,482,466
9,484,467
9,468,523
9,518,469
9,519,470
9,542,471
9,485,472
9,479,473
9,474,491
9,481,475
9,476,497
9,503,477
9,504,478
9,495,480
9,483,540
9,486,493
9,487,492
9,488,496
9,535,489
9,522,490
9,494,521
9,524,498
9,532,499
9,500,526
9,501,514
9,516,502
9,505,538
9,541,506
9,534,507
9,508,533
9,509,510
9,543,511
9,512,527
9,547,513
9,531,515
9,517,536
9,520,537
9,530,525
9,528,544
9,529,545
9,539,546
9,564,548
9,556,549
9,550,557
9,551,567
9,566,552
9,554,553
9,558,555
9,565,559
9,573,560
9,561,563
9,562,570
9,569,568
9,571,572
9,575,574
9,576,586
9,577,597
9,578,580
9,584,579
9,581,582
9,583,594
9,592,585
9,587,596
9,588,611
9,593,589
9,595,590
9,591,610
9,598,599
9,619,600
9,620,601
9,617,602
9,603,613
9,608,604
9,622,605
9,621,606
9,614,607
9,612,609
9,615,616
9,623,618
9,624,642
9,625,654
9,630,626
9,627,671
9,628,648
9,629,674
9,631,639
9,632,640
9,633,645
9,646,634
9,635,636
9,637,643
9,638,641
9,659,644
9,647,667
9,649,664
9,650,679
9,673,651
9,652,672
9,675,653
9,655,666
9,669,656
9,663,657
9,658,677
9,660,678
9,661,662
9,665,668
9,676,670
