5003,Heuristic,i06,1
Time,Value 
7230,182224
7200,182235
7170,182247
7140,182255
7110,182256
7080,182277
7050,182281
7020,182287
6990,182287
6960,182303
6930,182305
6900,182314
6870,182329
6840,182334
6810,182342
6780,182357
6750,182357
6720,182378
6690,182394
6660,182403
6630,182405
6600,182418
6570,182425
6540,182439
6510,182446
6480,182457
6450,182471
6420,182475
6390,182499
6360,182508
6330,182525
6300,182532
6270,182536
6240,182554
6210,182569
6180,182569
6150,182569
6120,182610
6090,182614
6060,182614
6030,182639
6000,182670
5970,182688
5940,182688
5910,182688
5880,182757
5850,182774
5820,182796
5790,182805
5760,182805
5730,182828
5700,182856
5670,182876
5640,182876
5610,182913
5580,182951
5550,182970
5520,182990
5490,182990
5460,183037
5430,183048
5400,183078
5370,183107
5340,183124
5310,183133
5280,183153
5250,183158
5220,183177
5190,183203
5160,183208
5130,183223
5100,183244
5070,183262
5040,183272
5010,183280
4980,183294
4950,183300
4920,183311
4890,183345
4860,183361
4830,183375
4800,183417
4770,183435
4740,183454
4710,183478
4680,183494
4650,183530
4620,183557
4590,183586
4560,183599
4530,183623
4500,183667
4470,183692
4440,183701
4410,183731
4380,183767
4350,183792
4320,183834
4290,183857
4260,183879
4230,183882
4200,183882
4170,183945
4140,183954
4110,183978
4080,184015
4050,184066
4020,184083
3990,184118
3960,184141
3930,184190
3900,184222
3870,184262
3840,184311
3810,184328
1740,186590
1710,186621
1680,186666
1650,186708
1620,186732
1590,186788
1560,186844
1530,186876
1500,186913
1470,186913
1440,186913
1410,186913
1380,186913
1350,186913
1320,186913
1290,186913
1260,186913
1230,186913
1200,186913
1170,186913
1140,186913
1110,186913
1080,186913
1050,186913
1020,186913
990,186913
960,186913
930,186913
900,186913
870,186913
360,186913
330,186913
300,186913
270,186913
240,186913
210,186913
180,186913
150,186913
120,186913
90,186913
60,186913
30,186925
0,187039
390,186913
420,186913
450,186913
480,186913
510,186913
540,186913
570,186913
600,186913
630,186913
660,186913
690,186913
720,186913
750,186913
780,186913
810,186913
840,186913
1770,186558
1800,186520
1830,186482
1860,186429
1890,186353
1920,186343
1950,186303
1980,186261
2010,186215
2040,186201
2070,186153
2100,186019
2130,186019
2160,186008
2190,185970
2220,185930
2250,185882
2280,185815
2310,185780
2340,185746
2370,185704
2400,185665
2430,185644
2460,185610
2490,185579
2520,185570
2550,185545
2580,185529
2610,185502
2640,185483
2670,185468
2700,185425
2730,185408
2760,185373
2790,185340
2820,185294
2850,185264
2880,185162
2910,185162
2940,185148
2970,185123
3000,185100
3030,185085
3060,185053
3090,185039
3120,184978
3150,184951
3180,184940
3210,184920
3240,184880
3270,184860
3300,184827
3330,184795
3360,184779
3390,184735
3420,184735
3450,184694
3480,184694
3510,184662
3540,184619
3570,184591
3600,184545
3630,184516
3660,184473
3690,184437
3720,184435
3750,184413
3780,184338
Final, 182224,7231

Round,H_team,A_team 
0,25,0
0,1,28
0,10,2
0,3,8
0,4,7
0,11,5
0,26,6
0,9,12
0,13,19
0,18,14
0,33,15
0,16,27
0,20,17
0,21,32
0,23,22
0,29,24
0,30,31
0,42,34
0,49,35
0,43,36
0,37,51
0,50,38
0,40,39
0,57,41
0,44,61
0,45,48
0,46,63
0,47,52
0,53,54
0,62,55
0,56,65
0,58,64
0,59,60
0,109,66
0,137,67
0,78,68
0,147,69
0,70,138
0,71,73
0,140,72
0,116,74
0,85,75
0,76,95
0,77,79
0,114,80
0,150,81
0,82,118
0,142,83
0,93,84
0,86,141
0,88,87
0,89,94
0,90,139
0,130,91
0,92,115
0,96,106
0,125,97
0,100,98
0,132,99
0,135,101
0,131,102
0,103,104
0,105,136
0,107,148
0,108,129
0,119,110
0,111,143
0,146,112
0,113,126
0,120,117
0,121,123
0,127,122
0,124,149
0,128,151
0,134,133
0,145,144
0,152,157
0,153,198
0,194,154
0,187,155
0,156,197
0,158,211
0,210,159
0,161,160
0,190,162
0,163,165
0,202,164
0,168,166
0,167,193
0,169,199
0,196,170
0,171,191
0,172,180
0,182,173
0,185,174
0,175,179
0,215,176
0,177,216
0,192,178
0,181,195
0,183,184
0,217,186
0,218,188
0,201,189
0,200,213
0,203,204
0,221,205
0,206,212
0,208,207
0,214,209
0,219,220
0,229,222
0,240,223
0,239,224
0,225,232
0,226,228
0,230,227
0,233,231
0,238,234
0,236,235
0,241,237
0,253,242
0,243,250
0,252,244
0,245,246
0,249,247
0,251,248
0,266,254
0,317,255
0,256,261
0,257,325
0,258,290
0,259,324
0,260,270
0,262,265
0,298,263
0,264,282
0,267,275
0,299,268
0,269,296
0,274,271
0,272,293
0,291,273
0,276,277
0,307,278
0,279,316
0,280,304
0,281,287
0,283,312
0,303,284
0,285,306
0,323,286
0,310,288
0,301,289
0,292,295
0,294,313
0,297,300
0,305,302
0,309,308
0,311,322
0,314,315
0,319,318
0,321,320
0,326,327
0,328,334
0,329,346
0,330,332
0,342,331
0,351,333
0,354,335
0,336,343
0,339,337
0,338,344
0,340,365
0,341,364
0,361,345
0,347,366
0,348,369
0,363,349
0,350,357
0,371,352
0,360,353
0,356,355
0,359,358
0,362,367
0,370,368
0,379,372
0,373,381
0,374,412
0,375,376
0,380,377
0,378,385
0,404,382
0,413,383
0,390,384
0,387,386
0,410,388
0,406,389
0,391,409
0,392,399
0,393,394
0,396,395
0,397,398
0,401,400
0,402,405
0,403,408
0,411,407
0,414,460
0,416,415
0,419,417
0,425,418
0,420,466
0,443,421
0,424,422
0,480,423
0,426,447
0,481,427
0,428,436
0,433,429
0,430,431
0,482,432
0,479,434
0,442,435
0,437,464
0,438,455
0,487,439
0,449,440
0,448,441
0,444,454
0,470,445
0,472,446
0,450,493
0,451,469
0,452,453
0,456,478
0,458,457
0,492,459
0,461,462
0,484,463
0,465,467
0,468,485
0,473,471
0,474,475
0,476,477
0,483,488
0,486,489
0,491,490
0,502,494
0,573,495
0,497,496
0,499,498
0,509,500
0,501,550
0,521,503
0,504,538
0,505,515
0,506,564
0,507,560
0,514,508
0,510,516
0,511,574
0,512,548
0,513,520
0,518,517
0,578,519
0,522,554
0,523,535
0,524,533
0,526,525
0,527,532
0,528,530
0,529,531
0,534,575
0,558,536
0,537,565
0,539,566
0,540,549
0,541,542
0,547,543
0,544,545
0,546,577
0,551,567
0,559,552
0,553,563
0,556,555
0,557,570
0,561,562
0,571,568
0,569,579
0,572,576
0,580,598
0,581,582
0,583,595
0,586,584
0,585,597
0,587,592
0,588,594
0,593,589
0,590,599
0,591,596
0,600,645
0,648,601
0,602,616
0,657,603
0,656,604
0,605,610
0,606,632
0,607,640
0,626,608
0,609,633
0,611,646
0,612,647
0,613,614
0,615,652
0,617,643
0,655,618
0,619,635
0,620,644
0,621,637
0,622,636
0,623,642
0,641,624
0,639,625
0,627,650
0,649,628
0,629,651
0,630,631
0,638,634
0,653,654
0,691,658
0,659,707
0,660,698
0,661,663
0,662,687
0,664,703
0,668,665
0,671,666
0,717,667
0,705,669
0,710,670
0,689,672
0,693,673
0,694,674
0,709,675
0,676,680
0,713,677
0,678,679
0,715,681
0,692,682
0,712,683
0,684,685
0,699,686
0,704,688
0,690,711
0,706,695
0,696,701
0,697,708
0,700,714
0,716,702
1,2,0
1,33,1
1,3,11
1,15,4
1,9,5
1,24,6
1,8,7
1,12,10
1,21,13
1,14,16
1,17,32
1,31,18
1,19,30
1,29,20
1,25,22
1,28,23
1,27,26
1,34,49
1,35,62
1,36,40
1,57,37
1,38,39
1,41,50
1,42,43
1,63,44
1,55,45
1,46,56
1,47,48
1,59,51
1,52,53
1,54,58
1,60,65
1,61,64
1,66,68
1,67,126
1,69,78
1,111,70
1,83,71
1,72,87
1,73,74
1,133,75
1,76,85
1,77,134
1,79,95
1,81,80
1,82,88
1,101,84
1,140,86
1,89,135
1,98,90
1,91,136
1,139,92
1,94,93
1,122,96
1,97,103
1,99,100
1,112,102
1,104,148
1,107,105
1,106,108
1,110,109
1,114,113
1,115,116
1,117,119
1,118,120
1,124,121
1,125,123
1,128,127
1,129,130
1,143,131
1,146,132
1,137,138
1,141,142
1,144,147
1,145,149
1,151,150
1,152,153
1,154,171
1,155,158
1,212,156
1,157,218
1,160,159
1,162,161
1,184,163
1,221,164
1,165,169
1,166,167
1,209,168
1,179,170
1,172,217
1,173,200
1,174,203
1,175,213
1,211,176
1,198,177
1,178,196
1,180,181
1,183,182
1,185,219
1,188,186
1,189,187
1,204,190
1,191,192
1,193,214
1,194,207
1,195,220
1,216,197
1,199,215
1,201,206
1,205,202
1,210,208
1,231,222
1,223,237
1,224,232
1,225,229
1,227,226
1,228,230
1,234,233
1,235,240
1,241,236
1,238,239
1,248,242
1,246,243
1,244,253
1,245,252
1,247,250
1,249,251
1,254,255
1,256,257
1,312,258
1,297,259
1,261,260
1,262,299
1,263,319
1,295,264
1,317,265
1,309,266
1,271,267
1,270,268
1,269,272
1,277,273
1,274,313
1,275,276
1,278,286
1,311,279
1,290,280
1,324,281
1,282,294
1,284,283
1,285,323
1,287,321
1,289,288
1,292,291
1,318,293
1,296,298
1,308,300
1,304,301
1,302,303
1,310,305
1,307,306
1,316,314
1,325,315
1,320,322
1,326,339
1,358,327
1,359,328
1,329,347
1,330,351
1,331,364
1,332,342
1,340,333
1,334,354
1,336,335
1,337,352
1,338,363
1,346,341
1,371,343
1,344,345
1,370,348
1,349,361
1,350,362
1,353,369
1,355,367
1,357,356
1,368,360
1,366,365
1,400,372
1,373,404
1,378,374
1,385,375
1,376,401
1,377,381
1,389,379
1,382,380
1,383,393
1,384,403
1,405,386
1,388,387
1,398,390
1,396,391
1,412,392
1,394,397
1,395,410
1,413,399
1,406,402
1,408,407
1,409,411
1,426,414
1,488,415
1,483,416
1,417,430
1,418,466
1,419,465
1,456,420
1,429,421
1,485,422
1,460,423
1,431,424
1,459,425
1,427,482
1,461,428
1,432,464
1,479,433
1,434,443
1,435,436
1,455,437
1,493,438
1,471,439
1,441,440
1,478,442
1,444,457
1,445,477
1,446,489
1,447,491
1,449,448
1,451,450
1,469,452
1,475,453
1,454,458
1,462,492
1,463,481
1,467,468
1,470,487
1,490,472
1,474,473
1,476,486
1,480,484
1,494,573
1,495,496
1,497,527
1,498,509
1,549,499
1,517,500
1,501,569
1,502,513
1,503,504
1,505,543
1,516,506
1,508,507
1,564,510
1,575,511
1,551,512
1,515,514
1,518,544
1,519,532
1,520,560
1,554,521
1,545,522
1,542,523
1,548,524
1,525,535
1,567,526
1,563,528
1,530,529
1,552,531
1,533,534
1,536,557
1,566,537
1,538,572
1,565,539
1,540,556
1,555,541
1,547,546
1,550,558
1,562,553
1,559,574
1,570,561
1,568,579
1,576,571
1,577,578
1,583,580
1,599,581
1,582,589
1,584,591
1,592,585
1,596,586
1,598,587
1,588,593
1,597,590
1,594,595
1,626,600
1,615,601
1,602,649
1,613,603
1,604,657
1,633,605
1,631,606
1,652,607
1,608,611
1,610,609
1,645,612
1,614,627
1,646,616
1,644,617
1,624,618
1,619,620
1,654,621
1,635,622
1,623,637
1,647,625
1,656,628
1,629,648
1,632,630
1,634,636
1,643,638
1,640,639
1,642,641
1,650,651
1,655,653
1,667,658
1,661,659
1,699,660
1,662,692
1,663,690
1,665,664
1,666,669
1,672,668
1,695,670
1,687,671
1,673,694
1,674,693
1,675,702
1,713,676
1,677,685
1,703,678
1,705,679
1,680,696
1,701,681
1,682,712
1,683,704
1,715,684
1,698,686
1,714,688
1,711,689
1,700,691
1,707,697
1,708,706
1,710,709
1,717,716
2,0,27
2,1,25
2,2,33
2,5,3
2,11,4
2,6,28
2,7,9
2,8,12
2,15,10
2,13,14
2,31,16
2,19,17
2,20,18
2,30,21
2,22,26
2,23,24
2,32,29
2,34,35
2,39,36
2,38,37
2,50,40
2,41,43
2,56,42
2,44,47
2,49,45
2,53,46
2,48,52
2,51,57
2,55,54
2,58,60
2,64,59
2,65,61
2,62,63
2,66,79
2,80,67
2,68,109
2,138,69
2,70,78
2,71,82
2,141,72
2,120,73
2,74,114
2,75,101
2,133,76
2,112,77
2,81,110
2,118,83
2,84,94
2,85,89
2,86,88
2,87,117
2,136,90
2,92,91
2,95,93
2,96,107
2,97,111
2,129,98
2,99,139
2,130,100
2,102,145
2,103,137
2,149,104
2,105,127
2,106,150
2,121,108
2,113,116
2,151,115
2,126,119
2,122,128
2,123,124
2,147,125
2,131,146
2,148,132
2,134,135
2,142,140
2,144,143
2,199,152
2,157,153
2,154,191
2,161,155
2,216,156
2,158,215
2,159,208
2,207,160
2,162,204
2,163,198
2,164,187
2,165,201
2,166,194
2,209,167
2,193,168
2,169,183
2,170,178
2,171,214
2,182,172
2,181,173
2,174,217
2,220,175
2,176,190
2,197,177
2,192,179
2,218,180
2,213,184
2,186,185
2,188,203
2,206,189
2,219,195
2,196,200
2,202,221
2,212,205
2,211,210
2,222,227
2,223,241
2,240,224
2,233,225
2,230,226
2,228,229
2,232,231
2,237,234
2,235,238
2,239,236
2,242,247
2,243,245
2,244,246
2,248,249
2,250,253
2,251,252
2,254,309
2,255,324
2,270,256
2,272,257
2,258,317
2,259,319
2,316,260
2,315,261
2,293,262
2,308,263
2,273,264
2,265,307
2,266,267
2,268,298
2,300,269
2,276,271
2,275,274
2,277,295
2,322,278
2,279,284
2,280,311
2,281,318
2,313,282
2,283,321
2,305,285
2,286,304
2,289,287
2,288,302
2,290,312
2,291,297
2,294,292
2,299,296
2,301,323
2,303,310
2,306,320
2,325,314
2,352,326
2,327,337
2,358,328
2,366,329
2,342,330
2,333,331
2,332,351
2,339,334
2,335,371
2,354,336
2,349,338
2,364,340
2,345,341
2,343,344
2,367,346
2,365,347
2,348,359
2,368,350
2,353,355
2,356,362
2,357,370
2,369,360
2,363,361
2,372,374
2,379,373
2,386,375
2,376,400
2,377,378
2,380,385
2,381,404
2,402,382
2,383,412
2,384,393
2,390,387
2,388,411
2,401,389
2,399,391
2,392,394
2,395,413
2,398,396
2,408,397
2,403,409
2,405,406
2,407,410
2,434,414
2,415,483
2,416,426
2,417,431
2,418,485
2,422,419
2,420,468
2,421,456
2,423,430
2,424,463
2,425,461
2,432,427
2,442,428
2,467,429
2,433,435
2,436,479
2,437,444
2,448,438
2,439,491
2,440,459
2,441,460
2,443,478
2,445,455
2,492,446
2,447,493
2,464,449
2,450,490
2,473,451
2,452,475
2,453,469
2,477,454
2,457,476
2,486,458
2,488,462
2,466,465
2,471,470
2,472,474
2,482,480
2,484,481
2,489,487
2,494,570
2,578,495
2,496,513
2,577,497
2,557,498
2,499,540
2,500,518
2,579,501
2,508,502
2,503,545
2,504,515
2,514,505
2,506,569
2,543,507
2,535,509
2,510,527
2,511,559
2,512,517
2,564,516
2,546,519
2,574,520
2,521,568
2,522,551
2,523,524
2,525,567
2,565,526
2,531,528
2,529,562
2,561,530
2,532,547
2,553,533
2,552,534
2,548,536
2,539,537
2,566,538
2,541,563
2,555,542
2,544,554
2,550,549
2,558,556
2,560,573
2,572,571
2,576,575
2,580,584
2,581,583
2,582,592
2,587,585
2,595,586
2,598,588
2,589,597
2,590,591
2,593,594
2,596,599
2,600,602
2,601,614
2,603,615
2,651,604
2,609,605
2,606,640
2,607,656
2,608,645
2,632,610
2,625,611
2,612,646
2,648,613
2,616,647
2,654,617
2,618,619
2,636,620
2,621,638
2,628,622
2,627,623
2,642,624
2,630,626
2,639,629
2,633,631
2,649,634
2,657,635
2,637,655
2,641,644
2,643,653
2,652,650
2,658,698
2,659,663
2,660,694
2,692,661
2,697,662
2,669,664
2,671,665
2,679,666
2,691,667
2,678,668
2,670,709
2,672,714
2,674,673
2,695,675
2,676,677
2,681,680
2,704,682
2,688,683
2,684,699
2,685,715
2,686,693
2,687,711
2,689,717
2,712,690
2,702,696
2,716,700
2,701,713
2,703,705
2,706,710
2,708,707
3,0,6
3,23,1
3,27,2
3,28,3
3,4,8
3,7,5
3,10,9
3,33,11
3,12,15
3,18,13
3,32,14
3,16,24
3,17,30
3,21,19
3,20,22
3,26,25
3,29,31
3,63,34
3,42,35
3,36,50
3,37,41
3,51,38
3,39,59
3,40,60
3,43,57
3,48,44
3,45,62
3,46,55
3,54,47
3,52,49
3,56,53
3,61,58
3,65,64
3,70,66
3,67,84
3,68,81
3,116,69
3,71,86
3,88,72
3,83,73
3,74,118
3,75,76
3,111,77
3,78,138
3,79,89
3,126,80
3,82,120
3,134,85
3,87,141
3,90,92
3,91,102
3,93,110
3,95,94
3,108,96
3,123,97
3,98,99
3,100,136
3,109,101
3,103,125
3,104,147
3,128,105
3,107,106
3,137,112
3,113,115
3,150,114
3,117,140
3,119,142
3,121,122
3,127,124
3,132,129
3,131,130
3,135,133
3,139,151
3,145,143
3,148,144
3,149,146
3,152,218
3,153,165
3,168,154
3,176,155
3,156,206
3,213,157
3,204,158
3,159,162
3,160,211
3,203,161
3,177,163
3,164,205
3,214,166
3,167,207
3,197,169
3,191,170
3,171,192
3,200,172
3,217,173
3,178,174
3,196,175
3,179,186
3,183,180
3,219,181
3,184,182
3,185,195
3,187,221
3,215,188
3,189,202
3,190,210
3,194,193
3,198,216
3,220,199
3,201,212
3,208,209
3,222,225
3,226,223
3,238,224
3,227,235
3,231,228
3,229,230
3,232,233
3,234,241
3,236,240
3,237,239
3,243,242
3,247,244
3,251,245
3,250,246
3,252,248
3,253,249
3,267,254
3,265,255
3,260,256
3,257,270
3,313,258
3,263,259
3,261,272
3,319,262
3,264,275
3,266,317
3,268,269
3,295,271
3,276,273
3,292,274
3,294,277
3,278,285
3,314,279
3,312,280
3,281,288
3,282,325
3,283,289
3,284,290
3,286,306
3,302,287
3,291,308
3,309,293
3,296,297
3,298,318
3,300,299
3,324,301
3,307,303
3,304,305
3,323,310
3,320,311
3,315,316
3,321,322
3,356,326
3,328,327
3,334,329
3,333,330
3,331,366
3,364,332
3,335,343
3,344,336
3,337,358
3,361,338
3,339,354
3,351,340
3,341,342
3,345,349
3,346,365
3,347,367
3,348,368
3,360,350
3,352,359
3,362,353
3,355,357
3,371,363
3,369,370
3,372,378
3,382,373
3,374,376
3,375,405
3,404,377
3,379,401
3,381,380
3,406,383
3,411,384
3,385,389
3,386,390
3,387,408
3,407,388
3,391,394
3,392,395
3,393,396
3,397,409
3,399,398
3,400,402
3,410,403
3,412,413
3,414,433
3,415,444
3,416,457
3,424,417
3,419,418
3,431,420
3,421,442
3,422,423
3,465,425
3,426,488
3,427,464
3,428,479
3,429,434
3,430,467
3,480,432
3,435,478
3,458,436
3,481,437
3,438,484
3,451,439
3,440,448
3,485,441
3,456,443
3,454,445
3,490,446
3,483,447
3,474,449
3,452,450
3,461,453
3,476,455
3,460,459
3,462,473
3,463,482
3,468,466
3,469,470
3,475,471
3,491,472
3,477,489
3,487,486
3,493,492
3,513,494
3,495,519
3,527,496
3,497,578
3,498,548
3,501,499
3,536,500
3,502,574
3,554,503
3,504,505
3,547,506
3,507,511
3,520,508
3,509,550
3,532,510
3,526,512
3,568,514
3,515,538
3,516,546
3,517,525
3,551,518
3,521,544
3,567,522
3,523,541
3,524,539
3,528,562
3,533,529
3,563,530
3,531,555
3,534,561
3,549,535
3,537,572
3,558,540
3,542,565
3,543,577
3,545,579
3,553,552
3,556,557
3,559,576
3,560,575
3,569,564
3,571,566
3,573,570
3,580,596
3,591,581
3,586,582
3,584,583
3,585,594
3,590,587
3,592,588
3,589,598
3,597,593
3,595,599
3,647,600
3,601,609
3,623,602
3,603,629
3,604,614
3,605,632
3,606,607
3,616,608
3,648,610
3,611,626
3,612,639
3,651,613
3,650,615
3,617,637
3,636,618
3,619,641
3,620,642
3,634,621
3,622,657
3,624,628
3,625,640
3,656,627
3,630,633
3,631,652
3,653,635
3,638,649
3,644,643
3,646,645
3,655,654
3,668,658
3,659,692
3,660,713
3,711,661
3,662,682
3,712,663
3,664,687
3,665,705
3,666,703
3,702,667
3,679,669
3,694,670
3,671,678
3,700,672
3,683,673
3,686,674
3,675,710
3,684,676
3,677,715
3,680,697
3,681,716
3,685,701
3,688,689
3,690,704
3,714,691
3,693,695
3,696,717
3,698,699
3,707,706
3,709,708
4,15,0
4,1,16
4,8,2
4,3,7
4,9,4
4,5,10
4,6,33
4,11,12
4,13,20
4,14,17
4,18,21
4,31,19
4,22,32
4,25,23
4,24,26
4,27,28
4,30,29
4,47,34
4,35,45
4,36,42
4,50,37
4,38,64
4,57,39
4,43,40
4,41,51
4,44,46
4,62,48
4,49,56
4,52,54
4,53,63
4,55,58
4,59,65
4,60,61
4,67,66
4,80,68
4,69,137
4,77,70
4,136,71
4,72,113
4,73,126
4,117,74
4,84,75
4,76,135
4,115,78
4,94,79
4,109,81
4,119,82
4,86,83
4,85,95
4,140,87
4,88,141
4,89,111
4,130,90
4,100,91
4,99,92
4,93,134
4,96,131
4,97,147
4,98,132
4,101,133
4,102,144
4,138,103
4,125,104
4,106,105
4,139,107
4,122,108
4,110,120
4,112,145
4,114,116
4,142,118
4,151,121
4,127,123
4,124,148
4,150,128
4,146,129
4,143,149
4,182,152
4,183,153
4,192,154
4,155,162
4,156,177
4,172,157
4,199,158
4,211,159
4,209,160
4,161,190
4,163,197
4,189,164
4,187,165
4,166,207
4,167,214
4,191,168
4,169,218
4,170,174
4,193,171
4,173,184
4,175,181
4,210,176
4,185,178
4,216,179
4,180,213
4,186,196
4,188,219
4,208,194
4,195,200
4,198,217
4,221,201
4,202,212
4,203,215
4,204,220
4,205,206
4,226,222
4,223,239
4,224,234
4,225,227
4,228,236
4,231,229
4,230,232
4,233,238
4,241,235
4,240,237
4,242,251
4,248,243
4,245,244
4,246,253
4,247,252
4,249,250
4,317,254
4,255,266
4,256,268
4,269,257
4,258,264
4,259,272
4,314,260
4,318,261
4,262,263
4,323,265
4,267,308
4,270,298
4,271,294
4,273,292
4,274,295
4,277,275
4,282,276
4,306,278
4,280,279
4,316,281
4,290,283
4,311,284
4,285,307
4,322,286
4,287,320
4,288,315
4,289,303
4,309,291
4,293,319
4,296,300
4,297,299
4,305,301
4,304,302
4,310,324
4,321,312
4,325,313
4,326,337
4,327,339
4,328,348
4,329,341
4,330,347
4,340,331
4,332,333
4,334,365
4,363,335
4,336,371
4,338,345
4,354,342
4,343,361
4,344,349
4,362,346
4,350,353
4,351,364
4,358,352
4,355,366
4,367,356
4,368,357
4,359,369
4,370,360
4,413,372
4,373,377
4,374,375
4,406,376
4,378,380
4,402,379
4,382,381
4,383,386
4,384,387
4,385,404
4,403,388
4,389,400
4,390,410
4,391,412
4,398,392
4,395,393
4,394,407
4,396,397
4,411,399
4,405,401
4,409,408
4,414,428
4,462,415
4,447,416
4,417,422
4,418,431
4,485,419
4,420,443
4,465,421
4,423,424
4,425,456
4,492,426
4,484,427
4,436,429
4,430,468
4,437,432
4,478,433
4,434,442
4,479,435
4,464,438
4,445,439
4,460,440
4,449,441
4,444,458
4,446,491
4,448,452
4,453,450
4,470,451
4,455,454
4,457,483
4,459,493
4,488,461
4,463,480
4,466,467
4,476,469
4,471,474
4,489,472
4,473,475
4,486,477
4,481,482
4,487,490
4,494,508
4,527,495
4,496,577
4,513,497
4,556,498
4,499,558
4,500,535
4,540,501
4,570,502
4,567,503
4,514,504
4,505,521
4,546,506
4,507,520
4,509,549
4,519,510
4,511,534
4,518,512
4,515,568
4,569,516
4,579,517
4,522,544
4,561,523
4,524,563
4,525,551
4,537,526
4,529,528
4,530,533
4,562,531
4,578,532
4,541,536
4,538,565
4,539,576
4,552,542
4,571,543
4,545,554
4,564,547
4,550,548
4,575,553
4,555,557
4,559,560
4,572,566
4,574,573
4,582,580
4,581,584
4,583,591
4,598,585
4,599,586
4,587,589
4,588,590
4,592,593
4,594,597
4,596,595
4,600,616
4,610,601
4,602,607
4,604,603
4,631,605
4,649,606
4,647,608
4,609,630
4,645,611
4,640,612
4,613,650
4,614,651
4,615,648
4,617,653
4,618,621
4,642,619
4,620,641
4,654,622
4,623,636
4,644,624
4,646,625
4,626,639
4,628,627
4,629,652
4,633,632
4,635,634
4,637,638
4,643,655
4,657,656
4,658,685
4,662,659
4,703,660
4,661,690
4,663,704
4,664,671
4,665,679
4,666,678
4,667,681
4,668,688
4,669,700
4,670,693
4,672,691
4,673,686
4,674,698
4,675,683
4,715,676
4,701,677
4,713,680
4,682,689
4,714,684
4,705,687
4,697,692
4,699,694
4,695,708
4,716,696
4,717,702
4,706,709
4,710,707
4,711,712
5,0,26
5,6,1
5,2,3
5,10,4
5,5,8
5,7,11
5,9,15
5,12,33
5,17,13
5,14,31
5,28,16
5,29,18
5,19,20
5,23,21
5,24,22
5,25,27
5,32,30
5,34,48
5,35,36
5,61,37
5,60,38
5,39,41
5,40,42
5,65,43
5,44,49
5,63,45
5,64,46
5,47,55
5,51,50
5,62,52
5,58,53
5,54,56
5,59,57
5,66,69
5,79,67
5,68,116
5,70,137
5,71,140
5,72,86
5,73,117
5,81,74
5,75,134
5,101,76
5,102,77
5,78,128
5,110,80
5,87,82
5,120,83
5,84,95
5,135,85
5,142,88
5,89,93
5,99,90
5,91,132
5,92,100
5,133,94
5,96,124
5,97,148
5,131,98
5,147,103
5,138,104
5,105,121
5,122,106
5,107,130
5,151,108
5,126,109
5,111,145
5,144,112
5,141,113
5,114,127
5,115,150
5,118,119
5,146,123
5,125,149
5,129,143
5,136,139
5,152,184
5,153,172
5,154,166
5,211,155
5,205,156
5,157,183
5,158,203
5,159,193
5,190,160
5,176,161
5,162,210
5,164,163
5,165,189
5,192,167
5,214,168
5,169,195
5,170,198
5,171,194
5,213,173
5,174,216
5,180,175
5,212,177
5,178,179
5,181,196
5,182,200
5,217,185
5,220,186
5,201,187
5,221,188
5,197,191
5,218,199
5,206,202
5,215,204
5,207,209
5,219,208
5,222,233
5,224,223
5,225,230
5,229,226
5,227,231
5,232,228
5,235,234
5,236,237
5,240,238
5,239,241
5,242,249
5,244,243
5,253,245
5,246,248
5,251,247
5,252,250
5,254,265
5,255,285
5,319,256
5,268,257
5,258,273
5,293,259
5,260,315
5,261,316
5,308,262
5,263,296
5,264,325
5,294,266
5,277,267
5,269,297
5,299,270
5,275,271
5,272,318
5,291,274
5,313,276
5,278,304
5,279,290
5,284,280
5,281,314
5,295,282
5,311,283
5,286,317
5,288,287
5,302,289
5,292,309
5,298,300
5,301,306
5,303,305
5,322,307
5,310,321
5,320,312
5,324,323
5,326,370
5,327,355
5,367,328
5,329,362
5,365,330
5,331,346
5,347,332
5,333,364
5,356,334
5,361,335
5,349,336
5,337,363
5,371,338
5,339,344
5,341,340
5,342,351
5,345,343
5,357,348
5,350,369
5,352,368
5,353,359
5,366,354
5,360,358
5,372,382
5,380,373
5,377,374
5,375,400
5,376,405
5,378,389
5,379,404
5,381,385
5,388,383
5,386,384
5,387,395
5,397,390
5,393,391
5,392,396
5,394,413
5,409,398
5,408,399
5,401,402
5,407,403
5,412,406
5,410,411
5,478,414
5,446,415
5,436,416
5,468,417
5,467,418
5,466,419
5,421,420
5,422,440
5,423,463
5,424,430
5,425,460
5,483,426
5,427,437
5,429,428
5,431,485
5,432,445
5,433,434
5,435,458
5,438,449
5,439,452
5,441,462
5,442,456
5,443,465
5,444,487
5,472,447
5,448,481
5,450,469
5,451,453
5,454,476
5,477,455
5,457,486
5,459,461
5,480,464
5,470,473
5,471,491
5,493,474
5,475,492
5,479,488
5,482,484
5,489,490
5,530,494
5,510,495
5,520,496
5,497,569
5,498,558
5,555,499
5,500,550
5,557,501
5,502,507
5,503,505
5,568,504
5,506,578
5,508,513
5,517,509
5,573,511
5,512,567
5,514,546
5,554,515
5,579,516
5,518,526
5,543,519
5,522,521
5,536,523
5,535,524
5,525,540
5,531,527
5,528,556
5,563,529
5,532,564
5,541,533
5,562,534
5,544,537
5,538,539
5,542,553
5,551,545
5,577,547
5,548,549
5,561,552
5,572,559
5,576,560
5,565,571
5,566,575
5,570,574
5,597,580
5,589,581
5,582,596
5,586,583
5,584,595
5,593,585
5,588,587
5,590,592
5,591,599
5,594,598
5,608,600
5,601,613
5,655,602
5,652,603
5,627,604
5,639,605
5,606,633
5,607,650
5,648,609
5,610,615
5,640,611
5,616,612
5,622,614
5,624,617
5,638,618
5,619,644
5,653,620
5,621,656
5,635,623
5,625,626
5,628,651
5,630,629
5,632,631
5,634,657
5,637,636
5,641,643
5,642,654
5,645,647
5,649,646
5,658,672
5,708,659
5,676,660
5,689,661
5,704,662
5,692,663
5,678,664
5,687,665
5,667,666
5,700,668
5,669,703
5,674,670
5,679,671
5,710,673
5,693,675
5,677,684
5,680,686
5,681,717
5,683,682
5,685,714
5,688,690
5,691,712
5,694,695
5,696,713
5,706,697
5,698,715
5,699,705
5,701,716
5,702,711
5,709,707
6,0,28
6,1,24
6,2,9
6,3,15
6,4,5
6,22,6
6,12,7
6,8,11
6,10,27
6,16,13
6,30,14
6,31,17
6,18,19
6,20,32
6,21,29
6,26,23
6,33,25
6,36,34
6,63,35
6,37,60
6,38,59
6,50,39
6,40,41
6,42,55
6,43,51
6,52,44
6,45,47
6,46,54
6,48,49
6,64,53
6,56,62
6,57,61
6,58,65
6,80,66
6,67,78
6,68,79
6,69,115
6,103,70
6,120,71
6,83,72
6,109,73
6,74,141
6,75,135
6,76,84
6,77,138
6,94,81
6,82,86
6,85,110
6,87,142
6,88,136
6,134,89
6,90,131
6,98,91
6,128,92
6,93,101
6,95,133
6,132,96
6,104,97
6,130,99
6,100,129
6,139,102
6,108,105
6,106,124
6,145,107
6,112,111
6,113,150
6,126,114
6,116,151
6,118,117
6,140,119
6,121,127
6,123,122
6,137,125
6,143,146
6,149,144
6,148,147
6,173,152
6,153,169
6,167,154
6,155,221
6,156,202
6,199,157
6,188,158
6,204,159
6,160,203
6,161,211
6,162,176
6,163,212
6,164,201
6,218,165
6,193,166
6,168,208
6,186,170
6,209,171
6,172,183
6,196,174
6,175,219
6,177,192
6,191,178
6,179,220
6,195,180
6,200,181
6,213,182
6,184,217
6,216,185
6,187,206
6,189,205
6,207,190
6,194,214
6,197,198
6,210,215
6,222,230
6,223,227
6,233,224
6,228,225
6,226,231
6,235,229
6,237,232
6,234,239
6,238,236
6,241,240
6,252,242
6,243,251
6,250,244
6,248,245
6,249,246
6,253,247
6,323,254
6,306,255
6,315,256
6,257,260
6,320,258
6,259,262
6,314,261
6,265,263
6,271,264
6,266,292
6,267,309
6,268,297
6,318,269
6,270,296
6,272,281
6,273,313
6,274,277
6,275,295
6,276,294
6,278,301
6,312,279
6,305,280
6,282,291
6,283,288
6,304,284
6,285,322
6,307,286
6,287,303
6,321,289
6,290,311
6,324,293
6,298,299
6,300,319
6,302,310
6,317,308
6,316,325
6,348,326
6,334,327
6,328,370
6,365,329
6,346,330
6,351,331
6,332,340
6,333,341
6,335,349
6,336,345
6,361,337
6,343,338
6,363,339
6,342,356
6,344,354
6,347,362
6,355,350
6,352,353
6,369,357
6,358,368
6,359,360
6,364,371
6,366,367
6,372,373
6,374,406
6,375,402
6,376,412
6,385,377
6,404,378
6,405,379
6,389,380
6,400,381
6,401,382
6,383,384
6,388,386
6,407,387
6,390,411
6,391,397
6,413,392
6,403,393
6,396,394
6,395,398
6,399,409
6,408,410
6,488,414
6,415,457
6,416,489
6,417,466
6,460,418
6,419,425
6,465,420
6,421,431
6,430,422
6,468,423
6,440,424
6,426,462
6,463,427
6,428,435
6,429,479
6,432,438
6,433,436
6,456,434
6,445,437
6,439,476
6,441,459
6,443,442
6,455,444
6,447,446
6,484,448
6,449,451
6,461,450
6,452,471
6,453,454
6,458,478
6,464,482
6,467,485
6,469,473
6,474,470
6,492,472
6,475,493
6,487,477
6,481,480
6,491,483
6,490,486
6,511,494
6,495,520
6,496,507
6,519,497
6,540,498
6,499,528
6,549,500
6,501,555
6,560,502
6,568,503
6,504,537
6,505,554
6,532,506
6,508,570
6,509,518
6,578,510
6,512,522
6,513,573
6,547,514
6,571,515
6,516,577
6,544,517
6,521,545
6,523,556
6,542,524
6,566,525
6,526,551
6,569,527
6,529,561
6,574,530
6,534,531
6,533,563
6,535,548
6,536,550
6,576,538
6,539,567
6,553,541
6,546,543
6,552,562
6,558,557
6,575,559
6,564,579
6,565,572
6,580,581
6,584,582
6,599,583
6,585,590
6,587,586
6,597,588
6,592,589
6,595,591
6,593,598
6,596,594
6,600,628
6,652,601
6,646,602
6,603,627
6,650,604
6,605,630
6,651,606
6,639,607
6,625,608
6,609,632
6,613,610
6,611,647
6,612,649
6,614,615
6,616,645
6,617,642
6,618,634
6,624,619
6,643,620
6,621,655
6,622,641
6,657,623
6,626,640
6,633,629
6,631,648
6,636,635
6,654,637
6,656,638
6,644,653
6,714,658
6,659,704
6,660,677
6,661,662
6,663,689
6,664,668
6,703,665
6,666,687
6,672,667
6,671,669
6,670,708
6,673,709
6,675,674
6,685,676
6,705,678
6,679,700
6,680,699
6,686,681
6,682,717
6,683,702
6,684,701
6,711,688
6,690,691
6,692,706
6,693,694
6,707,695
6,696,715
6,697,710
6,698,713
6,712,716
7,3,0
7,1,26
7,7,2
7,4,12
7,5,33
7,6,25
7,15,8
7,28,9
7,11,10
7,13,24
7,29,14
7,16,22
7,17,21
7,30,18
7,19,32
7,31,20
7,27,23
7,34,46
7,47,35
7,41,36
7,39,37
7,38,40
7,51,42
7,43,50
7,53,44
7,54,45
7,48,58
7,49,62
7,52,64
7,55,65
7,56,63
7,60,57
7,61,59
7,66,78
7,67,81
7,77,68
7,70,69
7,71,87
7,72,114
7,73,118
7,74,113
7,109,75
7,94,76
7,79,137
7,80,116
7,117,82
7,119,83
7,84,85
7,86,136
7,140,88
7,89,112
7,102,90
7,91,99
7,92,98
7,93,133
7,95,135
7,96,130
7,150,97
7,139,100
7,101,134
7,103,123
7,104,105
7,127,106
7,107,122
7,115,108
7,110,126
7,111,146
7,141,120
7,128,121
7,124,144
7,125,143
7,131,129
7,145,132
7,138,147
7,142,151
7,149,148
7,152,169
7,182,153
7,154,177
7,190,155
7,198,156
7,184,157
7,176,158
7,159,209
7,160,193
7,210,161
7,211,162
7,202,163
7,212,164
7,165,206
7,166,170
7,191,167
7,168,194
7,208,171
7,172,173
7,174,179
7,200,175
7,178,186
7,185,180
7,181,218
7,183,213
7,215,187
7,220,188
7,221,189
7,192,197
7,195,196
7,203,199
7,205,201
7,204,219
7,214,207
7,216,217
7,239,222
7,236,223
7,224,237
7,226,225
7,228,227
7,229,232
7,230,233
7,231,235
7,234,240
7,238,241
7,242,244
7,247,243
7,245,249
7,246,252
7,248,250
7,251,253
7,264,254
7,322,255
7,256,314
7,261,257
7,274,258
7,318,259
7,260,272
7,262,300
7,309,263
7,265,324
7,266,291
7,292,267
7,296,268
7,270,269
7,271,282
7,325,273
7,294,275
7,295,276
7,313,277
7,310,278
7,279,315
7,280,283
7,319,281
7,284,305
7,286,285
7,287,316
7,288,303
7,289,320
7,290,321
7,293,323
7,297,298
7,299,308
7,301,302
7,307,304
7,306,317
7,312,311
7,358,326
7,327,359
7,356,328
7,329,333
7,330,364
7,331,347
7,346,332
7,334,366
7,335,345
7,338,336
7,370,337
7,343,339
7,340,342
7,341,351
7,363,344
7,360,348
7,354,349
7,350,352
7,357,353
7,362,355
7,371,361
7,367,365
7,368,369
7,377,372
7,373,378
7,413,374
7,406,375
7,402,376
7,381,379
7,380,401
7,382,385
7,383,390
7,384,388
7,386,396
7,410,387
7,404,389
7,392,391
7,393,407
7,409,394
7,397,395
7,398,408
7,412,399
7,400,405
7,411,403
7,414,456
7,415,461
7,416,488
7,463,417
7,418,440
7,460,419
7,420,467
7,434,421
7,480,422
7,431,423
7,485,424
7,425,429
7,472,426
7,427,438
7,428,433
7,430,466
7,454,432
7,435,443
7,478,436
7,437,484
7,477,439
7,493,441
7,442,479
7,444,483
7,476,445
7,471,446
7,447,490
7,482,448
7,453,449
7,470,450
7,452,451
7,455,458
7,487,457
7,462,459
7,464,481
7,465,468
7,469,475
7,473,492
7,489,474
7,486,491
7,494,560
7,497,495
7,496,546
7,550,498
7,499,548
7,500,579
7,501,558
7,502,520
7,538,503
7,504,521
7,537,505
7,506,519
7,507,573
7,559,508
7,509,536
7,510,569
7,570,511
7,545,512
7,574,513
7,514,571
7,515,566
7,547,516
7,517,526
7,525,518
7,522,568
7,523,549
7,524,557
7,527,564
7,534,528
7,556,529
7,530,562
7,531,561
7,577,532
7,533,552
7,541,535
7,539,572
7,540,555
7,563,542
7,543,578
7,551,544
7,553,576
7,567,554
7,575,565
7,595,580
7,581,596
7,582,593
7,583,597
7,589,584
7,588,585
7,586,591
7,587,599
7,598,590
7,594,592
7,657,600
7,601,631
7,602,608
7,603,651
7,604,613
7,605,626
7,627,606
7,628,607
7,629,609
7,630,610
7,611,612
7,614,652
7,615,633
7,654,616
7,641,617
7,618,649
7,619,643
7,620,624
7,635,621
7,653,622
7,623,656
7,645,625
7,632,648
7,637,634
7,636,650
7,655,638
7,647,639
7,640,646
7,642,644
7,676,658
7,697,659
7,660,684
7,682,661
7,662,711
7,663,687
7,664,705
7,665,666
7,667,714
7,668,671
7,669,678
7,706,670
7,690,672
7,673,675
7,674,707
7,677,698
7,703,679
7,702,680
7,681,696
7,709,683
7,713,685
7,694,686
7,688,712
7,689,704
7,716,691
7,708,692
7,699,693
7,695,710
7,717,700
7,715,701
8,0,1
8,28,2
8,25,3
8,33,4
8,12,5
8,27,6
8,10,7
8,9,8
8,15,11
8,22,13
8,14,19
8,26,16
8,17,29
8,32,18
8,23,20
8,21,31
8,24,30
8,45,34
8,35,48
8,36,57
8,37,43
8,61,38
8,60,39
8,40,51
8,42,41
8,44,54
8,65,46
8,62,47
8,53,49
8,59,50
8,58,52
8,63,55
8,64,56
8,127,66
8,116,67
8,69,68
8,112,70
8,117,71
8,72,142
8,73,110
8,151,74
8,75,93
8,79,76
8,137,77
8,78,80
8,81,126
8,83,82
8,84,109
8,101,85
8,87,86
8,88,120
8,133,89
8,90,100
8,91,139
8,92,113
8,135,94
8,134,95
8,129,96
8,97,124
8,105,98
8,99,107
8,143,102
8,148,103
8,123,104
8,106,128
8,108,150
8,144,111
8,114,140
8,122,115
8,136,118
8,119,141
8,130,121
8,138,125
8,132,131
8,146,145
8,147,149
8,177,152
8,153,218
8,154,214
8,155,210
8,163,156
8,157,182
8,158,162
8,159,190
8,208,160
8,161,204
8,206,164
8,165,221
8,209,166
8,167,194
8,171,168
8,169,184
8,170,192
8,174,172
8,173,183
8,175,185
8,176,188
8,178,198
8,179,191
8,180,200
8,181,213
8,186,195
8,187,205
8,212,189
8,207,193
8,196,216
8,217,197
8,219,199
8,201,202
8,203,220
8,215,211
8,240,222
8,223,228
8,225,224
8,232,226
8,227,241
8,229,233
8,230,231
8,236,234
8,235,239
8,237,238
8,242,246
8,249,243
8,244,251
8,250,245
8,247,248
8,253,252
8,254,292
8,255,307
8,272,256
8,257,298
8,258,325
8,259,296
8,268,260
8,269,261
8,262,318
8,263,267
8,313,264
8,286,265
8,308,266
8,300,270
8,291,271
8,273,275
8,276,274
8,277,282
8,278,324
8,279,305
8,280,316
8,281,323
8,302,283
8,284,312
8,285,317
8,315,287
8,314,288
8,289,304
8,320,290
8,293,310
8,295,294
8,297,319
8,299,309
8,303,301
8,322,306
8,311,321
8,326,367
8,327,356
8,337,328
8,340,329
8,330,331
8,332,341
8,333,342
8,355,334
8,338,335
8,336,363
8,339,371
8,349,343
8,344,361
8,345,354
8,347,346
8,348,350
8,365,351
8,352,360
8,353,368
8,357,362
8,369,358
8,359,370
8,364,366
8,372,404
8,373,413
8,399,374
8,412,375
8,389,376
8,377,382
8,378,381
8,379,400
8,380,402
8,396,383
8,407,384
8,385,405
8,394,386
8,387,403
8,390,388
8,395,391
8,397,392
8,398,393
8,401,406
8,408,411
8,410,409
8,429,414
8,426,415
8,446,416
8,423,417
8,441,418
8,440,419
8,420,430
8,466,421
8,422,463
8,424,468
8,485,425
8,427,480
8,488,428
8,467,431
8,481,432
8,433,442
8,434,478
8,457,435
8,436,456
8,454,437
8,438,482
8,439,469
8,479,443
8,486,444
8,450,445
8,489,447
8,448,475
8,449,455
8,451,471
8,473,452
8,477,453
8,458,476
8,459,465
8,461,460
8,462,493
8,484,464
8,490,470
8,483,472
8,492,474
8,491,487
8,494,574
8,495,513
8,532,496
8,510,497
8,498,501
8,557,499
8,548,500
8,573,502
8,503,544
8,554,504
8,568,505
8,579,506
8,507,559
8,560,508
8,526,509
8,520,511
8,512,525
8,572,514
8,515,543
8,516,527
8,517,551
8,518,522
8,519,577
8,521,537
8,563,523
8,536,524
8,528,570
8,529,534
8,530,531
8,542,533
8,535,550
8,538,553
8,571,539
8,569,540
8,561,541
8,545,567
8,564,546
8,578,547
8,549,556
8,552,575
8,555,558
8,562,576
8,566,565
8,589,580
8,581,595
8,583,582
8,584,596
8,585,586
8,597,587
8,599,588
8,590,593
8,591,594
8,592,598
8,600,622
8,601,632
8,602,621
8,650,603
8,604,636
8,625,605
8,606,628
8,607,619
8,608,612
8,609,613
8,610,642
8,616,611
8,648,614
8,615,653
8,635,617
8,656,618
8,637,620
8,634,623
8,624,643
8,626,645
8,627,657
8,629,631
8,640,630
8,633,644
8,638,654
8,639,641
8,646,647
8,649,655
8,651,652
8,658,715
8,659,706
8,705,660
8,687,661
8,707,662
8,711,663
8,679,664
8,678,665
8,672,666
8,700,667
8,669,668
8,670,673
8,671,703
8,695,674
8,675,697
8,701,676
8,696,677
8,694,680
8,684,681
8,716,682
8,686,683
8,685,702
8,691,688
8,689,690
8,692,709
8,698,693
8,713,699
8,704,712
8,710,708
8,717,714
9,5,0
9,22,1
9,2,12
9,4,3
9,6,23
9,7,15
9,8,10
9,11,9
9,13,30
9,14,27
9,16,33
9,18,17
9,19,29
9,20,21
9,24,25
9,26,28
9,32,31
9,34,62
9,35,43
9,51,36
9,37,59
9,41,38
9,39,61
9,57,40
9,50,42
9,45,44
9,46,58
9,49,47
9,48,53
9,65,52
9,54,63
9,55,56
9,64,60
9,66,138
9,68,67
9,69,103
9,116,70
9,118,71
9,74,72
9,82,73
9,94,75
9,76,134
9,133,77
9,78,151
9,81,79
9,80,109
9,83,88
9,135,84
9,85,93
9,86,142
9,113,87
9,95,89
9,90,91
9,136,92
9,123,96
9,149,97
9,98,139
9,129,99
9,100,131
9,110,101
9,102,111
9,104,137
9,105,122
9,121,106
9,108,107
9,143,112
9,115,114
9,126,117
9,120,119
9,124,128
9,148,125
9,150,127
9,132,130
9,141,140
9,144,146
9,147,145
9,213,152
9,199,153
9,193,154
9,155,215
9,156,201
9,157,169
9,158,161
9,207,159
9,160,210
9,162,203
9,205,163
9,164,165
9,166,171
9,168,167
9,170,185
9,184,172
9,173,216
9,186,174
9,195,175
9,189,176
9,177,191
9,217,178
9,179,196
9,180,182
9,220,181
9,200,183
9,202,187
9,188,204
9,190,211
9,198,192
9,194,209
9,197,212
9,206,221
9,214,208
9,218,219
9,222,228
9,234,223
9,224,236
9,231,225
9,233,226
9,227,229
9,241,230
9,232,238
9,237,235
9,239,240
9,245,242
9,243,253
9,244,248
9,246,247
9,252,249
9,250,251
9,254,276
9,255,286
9,256,269
9,257,293
9,321,258
9,298,259
9,260,297
9,261,270
9,296,262
9,263,266
9,264,294
9,265,285
9,267,291
9,300,268
9,271,277
9,319,272
9,273,274
9,275,313
9,305,278
9,283,279
9,303,280
9,315,281
9,282,309
9,287,284
9,288,320
9,323,289
9,316,290
9,308,292
9,325,295
9,318,299
9,301,310
9,312,302
9,304,322
9,306,311
9,317,307
9,324,314
9,328,326
9,362,327
9,342,329
9,341,330
9,331,332
9,346,333
9,367,334
9,335,344
9,361,336
9,337,348
9,354,338
9,345,339
9,366,340
9,343,363
9,364,347
9,349,356
9,370,350
9,351,371
9,369,352
9,353,358
9,365,355
9,360,357
9,368,359
9,381,372
9,374,373
9,375,401
9,376,379
9,389,377
9,382,378
9,404,380
9,387,383
9,384,396
9,402,385
9,386,412
9,388,408
9,403,390
9,391,398
9,393,392
9,394,395
9,411,397
9,399,410
9,400,406
9,405,413
9,409,407
9,414,416
9,415,447
9,417,460
9,418,465
9,419,441
9,442,420
9,421,430
9,422,467
9,423,485
9,466,424
9,468,425
9,457,426
9,455,427
9,428,462
9,456,429
9,431,463
9,432,484
9,443,433
9,436,434
9,435,444
9,437,480
9,438,481
9,439,454
9,440,492
9,445,452
9,446,483
9,464,448
9,482,449
9,450,476
9,474,451
9,453,473
9,458,487
9,459,488
9,493,461
9,469,471
9,475,470
9,472,486
9,490,477
9,478,479
9,491,489
9,520,494
9,495,569
9,496,510
9,506,497
9,498,555
9,556,499
9,500,551
9,527,501
9,511,502
9,503,522
9,565,504
9,505,571
9,513,507
9,508,515
9,548,509
9,544,512
9,543,514
9,516,532
9,549,517
9,579,518
9,519,547
9,567,521
9,533,523
9,524,541
9,550,525
9,526,545
9,528,561
9,558,529
9,570,530
9,531,563
9,534,553
9,535,536
9,537,538
9,575,539
9,557,540
9,562,542
9,546,578
9,576,552
9,554,568
9,573,559
9,560,572
9,577,564
9,574,566
9,580,592
9,586,581
9,595,582
9,596,583
9,599,584
9,585,589
9,593,587
9,591,588
9,594,590
9,598,597
9,611,600
9,650,601
9,628,602
9,603,606
9,652,604
9,605,640
9,607,627
9,608,646
9,631,609
9,610,633
9,612,625
9,613,615
9,614,630
9,638,616
9,617,619
9,618,637
9,620,635
9,621,649
9,622,623
9,653,624
9,647,626
9,632,629
9,634,656
9,636,657
9,645,639
9,641,654
9,643,642
9,644,655
9,651,648
9,658,684
9,682,659
9,693,660
9,661,706
9,663,662
9,714,664
9,665,669
9,666,705
9,667,685
9,668,679
9,670,675
9,691,671
9,678,672
9,673,695
9,708,674
9,676,698
9,677,699
9,680,701
9,681,694
9,683,710
9,686,696
9,687,703
9,688,716
9,712,689
9,690,717
9,707,692
9,709,697
9,702,700
9,704,711
9,715,713
