10000,Heuristic,i03,1
Time,Value 
7230,155502
7200,155505
7170,155508
7140,155533
7110,155537
7080,155543
7050,155544
7020,155545
6990,155546
6960,155548
6930,155559
6900,155572
6870,155578
6840,155578
6810,155582
6780,155586
6750,155610
6720,155610
6690,155617
6660,155643
6630,155654
6600,155676
6570,155687
6540,155693
6510,155705
6480,155711
6450,155729
6420,155736
6390,155736
6360,155745
6330,155755
6300,155765
6270,155765
6240,155779
6210,155793
6180,155794
6150,155795
6120,155797
6090,155798
6060,155798
6030,155803
6000,155847
5970,155881
5940,155882
5910,155883
5880,155896
5850,155903
5820,155904
5790,155917
5760,155920
5730,155929
5700,155930
5670,155931
5640,155931
5610,155934
5580,155950
5550,155950
5520,155956
5490,155977
5460,155990
5430,156000
5400,156001
5370,156048
5340,156048
5310,156060
5280,156063
5250,156068
5220,156068
5190,156081
5160,156083
5130,156093
5100,156100
5070,156108
5040,156132
5010,156132
4980,156135
4950,156141
4920,156150
4890,156150
4860,156154
4830,156161
4800,156162
4770,156166
4740,156172
4710,156190
4680,156196
4650,156199
4620,156207
4590,156207
4560,156249
4530,156272
4500,156282
4470,156283
4440,156321
4410,156347
4380,156354
4350,156366
4320,156367
4290,156391
4260,156391
4230,156399
4200,156414
4170,156430
4140,156436
4110,156448
4080,156448
4050,156463
4020,156465
3990,156481
3960,156481
3930,156499
3900,156521
3870,156550
3840,156560
3810,156592
1740,157302
1710,157313
1680,157316
1650,157365
1620,157387
1590,157394
1560,157400
1530,157408
1500,157409
1470,157413
1440,157421
1410,157428
1380,157433
1350,157442
1320,157470
1290,157480
1260,157486
1230,157488
1200,157521
1170,157527
1140,157533
1110,157539
1080,157546
1050,157563
1020,157564
990,157571
960,157646
930,157669
900,157669
870,157697
360,157915
330,157917
300,157946
270,157948
240,157952
210,157965
180,157976
150,157990
120,158008
90,158027
60,158047
30,158048
0,158050
390,157911
420,157905
450,157892
480,157873
510,157860
540,157857
570,157851
600,157841
630,157831
660,157828
690,157760
720,157749
750,157728
780,157727
810,157709
840,157699
1770,157282
1800,157275
1830,157251
1860,157237
1890,157215
1920,157212
1950,157208
1980,157205
2010,157196
2040,157180
2070,157179
2100,157170
2130,157160
2160,157155
2190,157151
2220,157122
2250,157113
2280,157110
2310,157104
2340,157084
2370,157027
2400,157027
2430,157011
2460,156999
2490,156985
2520,156967
2550,156967
2580,156963
2610,156948
2640,156941
2670,156937
2700,156922
2730,156922
2760,156918
2790,156916
2820,156915
2850,156910
2880,156899
2910,156899
2940,156891
2970,156877
3000,156848
3030,156827
3060,156827
3090,156793
3120,156786
3150,156782
3180,156764
3210,156749
3240,156742
3270,156730
3300,156715
3330,156703
3360,156703
3390,156702
3420,156699
3450,156693
3480,156678
3510,156659
3540,156652
3570,156646
3600,156645
3630,156637
3660,156627
3690,156620
3720,156607
3750,156606
3780,156603
Final, 155502,7231

Round,H_team,A_team 
0,4,0
0,1,13
0,2,3
0,5,9
0,15,6
0,12,7
0,14,8
0,11,10
0,19,16
0,17,20
0,18,92
0,24,21
0,22,25
0,31,23
0,26,37
0,30,27
0,51,28
0,29,39
0,32,88
0,44,33
0,34,35
0,58,36
0,38,55
0,40,43
0,41,54
0,42,59
0,61,45
0,62,46
0,87,47
0,60,48
0,50,49
0,52,85
0,53,57
0,84,56
0,73,63
0,72,64
0,75,65
0,66,76
0,74,67
0,68,80
0,69,91
0,70,89
0,90,71
0,82,77
0,79,78
0,81,83
0,86,94
0,95,93
0,102,96
0,144,97
0,143,98
0,99,116
0,100,108
0,187,101
0,186,103
0,104,139
0,105,189
0,106,124
0,161,107
0,109,117
0,110,160
0,137,111
0,112,113
0,114,136
0,115,162
0,132,118
0,190,119
0,123,120
0,121,171
0,125,122
0,126,163
0,127,170
0,135,128
0,129,138
0,130,168
0,133,131
0,134,169
0,142,140
0,141,173
0,145,166
0,154,146
0,174,147
0,148,149
0,151,150
0,153,152
0,167,155
0,156,181
0,157,182
0,180,158
0,185,159
0,164,172
0,165,188
0,176,175
0,177,179
0,178,191
0,184,183
0,192,193
0,194,202
0,195,196
0,203,197
0,201,198
0,199,200
0,204,258
0,205,207
0,218,206
0,208,210
0,230,209
0,212,211
0,213,228
0,216,214
0,215,232
0,217,219
0,220,221
0,222,231
0,223,253
0,225,224
0,227,226
0,229,240
0,241,233
0,234,244
0,235,247
0,236,239
0,238,237
0,255,242
0,243,248
0,245,246
0,256,249
0,254,250
0,251,261
0,259,252
0,257,262
0,260,263
0,264,310
0,265,286
0,279,266
0,309,267
0,268,273
0,298,269
0,297,270
0,271,277
0,282,272
0,284,274
0,281,275
0,276,303
0,302,278
0,280,300
0,283,288
0,285,289
0,320,287
0,314,290
0,291,307
0,294,292
0,305,293
0,295,311
0,296,319
0,321,299
0,308,301
0,315,304
0,306,318
0,312,313
0,317,316
0,322,331
0,324,323
0,329,325
0,330,326
0,340,327
0,328,332
0,336,333
0,334,339
0,343,335
0,338,337
0,342,341
0,344,405
0,383,345
0,408,346
0,411,347
0,358,348
0,349,364
0,350,351
0,379,352
0,353,366
0,378,354
0,355,416
0,356,365
0,357,359
0,360,374
0,361,362
0,363,370
0,367,368
0,369,373
0,387,371
0,381,372
0,417,375
0,390,376
0,414,377
0,396,380
0,389,382
0,384,385
0,388,386
0,391,393
0,392,410
0,395,394
0,423,397
0,398,425
0,399,401
0,400,412
0,420,402
0,403,421
0,404,409
0,406,419
0,418,407
0,413,415
0,422,424
0,426,505
0,427,481
0,428,486
0,497,429
0,437,430
0,487,431
0,432,443
0,433,434
0,491,435
0,498,436
0,438,451
0,460,439
0,440,478
0,441,519
0,442,453
0,444,470
0,445,517
0,483,446
0,447,471
0,499,448
0,490,449
0,458,450
0,452,459
0,521,454
0,461,455
0,456,496
0,488,457
0,509,462
0,500,463
0,464,479
0,466,465
0,467,520
0,468,469
0,515,472
0,494,473
0,524,474
0,475,502
0,516,476
0,477,495
0,518,480
0,482,523
0,493,484
0,485,489
0,492,507
0,501,508
0,504,503
0,506,510
0,511,522
0,512,513
0,525,514
0,526,527
0,528,536
0,529,530
0,531,541
0,538,532
0,533,535
0,542,534
0,539,537
0,540,543
0,545,544
0,546,599
0,554,547
0,548,555
0,549,566
0,567,550
0,551,552
0,558,553
0,560,556
0,559,557
0,562,561
0,563,564
0,572,565
0,570,568
0,571,569
0,573,577
0,574,583
0,579,575
0,578,576
0,584,580
0,581,588
0,582,592
0,590,585
0,586,596
0,598,587
0,595,589
0,597,591
0,594,593
0,600,611
0,629,601
0,643,602
0,616,603
0,604,620
0,627,605
0,606,610
0,607,608
0,619,609
0,612,633
0,618,613
0,614,630
0,615,641
0,617,632
0,634,621
0,622,639
0,623,650
0,624,625
0,626,648
0,644,628
0,640,631
0,635,638
0,642,636
0,654,637
0,646,645
0,655,647
0,649,653
0,651,652
0,656,671
0,657,662
0,659,658
0,664,660
0,661,668
0,670,663
0,669,665
0,667,666
0,672,673
0,684,674
0,675,713
0,676,710
0,677,693
0,701,678
0,696,679
0,699,680
0,681,706
0,682,707
0,683,700
0,685,695
0,715,686
0,687,712
0,688,726
0,689,698
0,729,690
0,691,708
0,692,697
0,694,719
0,702,709
0,725,703
0,705,704
0,722,711
0,714,720
0,718,716
0,717,727
0,721,723
0,728,724
0,769,730
0,732,731
0,785,733
0,782,734
0,737,735
0,736,779
0,789,738
0,739,758
0,740,778
0,741,742
0,743,768
0,744,776
0,745,777
0,746,755
0,747,772
0,748,774
0,749,770
0,750,754
0,753,751
0,773,752
0,760,756
0,757,781
0,784,759
0,761,771
0,788,762
0,783,763
0,764,787
0,765,775
0,766,780
0,767,786
0,791,790
0,796,792
0,795,793
0,794,797
0,803,798
0,801,799
0,800,802
0,804,830
0,807,805
0,816,806
0,812,808
0,835,809
0,833,810
0,811,820
0,813,817
0,814,818
0,825,815
0,831,819
0,821,838
0,822,829
0,828,823
0,834,824
0,836,826
0,837,827
0,832,839
0,872,840
0,865,841
0,842,875
0,843,846
0,850,844
0,856,845
0,853,847
0,848,866
0,851,849
0,867,852
0,870,854
0,855,863
0,869,857
0,858,859
0,860,874
0,864,861
0,868,862
0,873,871
0,885,876
0,895,877
0,891,878
0,879,883
0,882,880
0,887,881
0,886,884
0,889,888
0,890,894
0,892,896
0,897,893
0,899,898
0,900,929
0,901,927
0,902,921
0,912,903
0,904,920
0,918,905
0,938,906
0,907,908
0,934,909
0,925,910
0,931,911
0,913,935
0,944,914
0,915,919
0,923,916
0,939,917
0,922,932
0,940,924
0,945,926
0,928,936
0,946,930
0,933,949
0,937,943
0,941,947
0,942,948
0,952,950
0,972,951
0,953,975
0,954,971
0,955,986
0,956,996
0,957,965
0,960,958
0,964,959
0,961,966
0,962,984
0,963,970
0,967,980
0,968,993
0,983,969
0,973,995
0,979,974
0,976,985
0,977,988
0,981,978
0,982,997
0,987,992
0,998,989
0,990,991
0,999,994
0,1005,1000
0,1001,1003
0,1010,1002
0,1004,1013
0,1006,1007
0,1009,1008
0,1012,1011
0,1014,1029
0,1043,1015
0,1016,1039
0,1017,1024
0,1035,1018
0,1044,1019
0,1026,1020
0,1021,1023
0,1025,1022
0,1027,1040
0,1028,1033
0,1030,1034
0,1036,1031
0,1032,1047
0,1037,1041
0,1038,1048
0,1042,1045
0,1046,1049
0,1050,1051
0,1052,1088
0,1053,1054
0,1057,1055
0,1076,1056
0,1064,1058
0,1070,1059
0,1060,1062
0,1073,1061
0,1086,1063
0,1080,1065
0,1072,1066
0,1069,1067
0,1084,1068
0,1077,1071
0,1075,1074
0,1079,1078
0,1087,1081
0,1083,1082
0,1089,1085
0,1106,1090
0,1093,1091
0,1104,1092
0,1094,1102
0,1095,1097
0,1098,1096
0,1101,1099
0,1100,1103
0,1105,1109
0,1107,1113
0,1110,1108
0,1111,1112
0,1114,1117
0,1115,1125
0,1143,1116
0,1118,1119
0,1130,1120
0,1121,1141
0,1122,1140
0,1123,1128
0,1144,1124
0,1134,1126
0,1127,1132
0,1129,1142
0,1131,1133
0,1137,1135
0,1136,1147
0,1138,1145
0,1146,1139
0,1149,1148
0,1150,1170
0,1151,1171
0,1152,1195
0,1153,1160
0,1154,1175
0,1155,1163
0,1156,1157
0,1186,1158
0,1159,1168
0,1161,1189
0,1162,1184
0,1164,1192
0,1172,1165
0,1166,1169
0,1167,1193
0,1194,1173
0,1174,1176
0,1188,1177
0,1178,1191
0,1179,1187
0,1183,1180
0,1181,1190
0,1185,1182
0,1209,1196
0,1197,1199
0,1210,1198
0,1211,1200
0,1203,1201
0,1202,1206
0,1204,1207
0,1208,1205
0,1212,1229
0,1227,1213
0,1214,1215
0,1216,1218
0,1217,1231
0,1222,1219
0,1225,1220
0,1221,1224
0,1223,1226
0,1228,1230
0,1253,1232
0,1250,1233
0,1239,1234
0,1235,1254
0,1249,1236
0,1237,1240
0,1238,1248
0,1252,1241
0,1242,1251
0,1259,1243
0,1244,1256
0,1245,1258
0,1247,1246
0,1257,1255
0,1269,1260
0,1261,1267
0,1272,1262
0,1263,1266
0,1275,1264
0,1278,1265
0,1270,1268
0,1271,1281
0,1277,1273
0,1276,1274
0,1282,1279
0,1283,1280
0,1304,1284
0,1285,1287
0,1311,1286
0,1288,1302
0,1289,1298
0,1300,1290
0,1291,1319
0,1296,1292
0,1297,1293
0,1294,1315
0,1308,1295
0,1316,1299
0,1306,1301
0,1318,1303
0,1317,1305
0,1314,1307
0,1323,1309
0,1310,1313
0,1312,1320
0,1321,1322
0,1324,1328
0,1357,1325
0,1335,1326
0,1337,1327
0,1362,1329
0,1373,1330
0,1331,1365
0,1339,1332
0,1336,1333
0,1358,1334
0,1338,1342
0,1340,1355
0,1345,1341
0,1343,1360
0,1344,1364
0,1346,1347
0,1348,1370
0,1349,1372
0,1368,1350
0,1351,1354
0,1356,1352
0,1369,1353
0,1371,1359
0,1361,1374
0,1367,1363
0,1375,1366
0,1383,1376
0,1379,1377
0,1378,1380
0,1393,1381
0,1382,1389
0,1394,1384
0,1385,1396
0,1386,1388
0,1387,1395
0,1390,1398
0,1397,1391
0,1392,1399
0,1400,1405
0,1401,1403
0,1402,1426
0,1404,1411
0,1407,1406
0,1410,1408
0,1409,1423
0,1427,1412
0,1413,1414
0,1428,1415
0,1416,1424
0,1417,1425
0,1433,1418
0,1419,1430
0,1420,1421
0,1422,1431
0,1429,1432
0,1434,1456
0,1435,1436
0,1470,1437
0,1438,1441
0,1464,1439
0,1440,1442
0,1443,1444
0,1445,1469
0,1453,1446
0,1455,1447
0,1450,1448
0,1452,1449
0,1451,1457
0,1473,1454
0,1458,1461
0,1459,1462
0,1460,1466
0,1463,1465
0,1472,1467
0,1471,1468
1,0,7
1,3,1
1,2,12
1,8,4
1,13,5
1,6,10
1,9,14
1,15,11
1,16,53
1,88,17
1,18,19
1,20,25
1,21,22
1,23,42
1,27,24
1,30,26
1,28,36
1,54,29
1,84,31
1,45,32
1,33,35
1,34,87
1,37,38
1,39,43
1,59,40
1,41,57
1,44,48
1,47,46
1,49,85
1,51,50
1,55,52
1,56,58
1,67,60
1,61,62
1,63,78
1,64,74
1,65,72
1,79,66
1,68,81
1,90,69
1,80,70
1,71,82
1,93,73
1,76,75
1,77,89
1,83,91
1,92,86
1,95,94
1,96,115
1,129,97
1,116,98
1,119,99
1,117,100
1,159,101
1,102,186
1,103,150
1,104,178
1,161,105
1,120,106
1,108,107
1,131,109
1,170,110
1,163,111
1,114,112
1,113,143
1,118,134
1,121,125
1,122,127
1,172,123
1,124,126
1,128,175
1,189,130
1,171,132
1,162,133
1,135,144
1,136,164
1,137,179
1,166,138
1,169,139
1,140,141
1,173,142
1,145,182
1,146,155
1,147,148
1,149,151
1,152,187
1,153,183
1,191,154
1,167,156
1,157,181
1,158,165
1,160,168
1,174,185
1,177,176
1,184,180
1,190,188
1,201,192
1,198,193
1,200,194
1,195,199
1,196,197
1,202,203
1,206,204
1,205,259
1,207,227
1,226,208
1,209,229
1,253,210
1,211,220
1,224,212
1,213,214
1,231,215
1,232,216
1,217,230
1,249,218
1,228,219
1,221,222
1,223,258
1,233,225
1,247,234
1,235,251
1,237,236
1,262,238
1,239,263
1,240,255
1,250,241
1,246,242
1,244,243
1,245,256
1,248,254
1,252,257
1,261,260
1,266,264
1,309,265
1,267,321
1,285,268
1,269,301
1,302,270
1,271,298
1,306,272
1,279,273
1,286,274
1,275,284
1,277,276
1,278,297
1,303,280
1,281,282
1,289,283
1,287,307
1,318,288
1,290,315
1,296,291
1,292,305
1,293,320
1,294,316
1,299,295
1,300,310
1,313,304
1,308,314
1,311,312
1,319,317
1,322,323
1,325,324
1,326,328
1,327,332
1,330,329
1,331,340
1,341,333
1,336,334
1,335,342
1,343,337
1,339,338
1,393,344
1,345,390
1,346,355
1,347,416
1,369,348
1,352,349
1,408,350
1,351,384
1,377,353
1,367,354
1,364,356
1,358,357
1,376,359
1,365,360
1,374,361
1,375,362
1,373,363
1,366,383
1,368,391
1,370,388
1,386,371
1,372,389
1,378,379
1,380,392
1,381,382
1,385,417
1,387,413
1,394,422
1,410,395
1,407,396
1,419,397
1,398,406
1,420,399
1,421,400
1,401,409
1,402,418
1,412,403
1,405,404
1,411,424
1,414,415
1,425,423
1,521,426
1,471,427
1,455,428
1,429,444
1,430,439
1,431,523
1,496,432
1,467,433
1,434,518
1,435,436
1,437,488
1,438,461
1,459,440
1,442,441
1,443,487
1,445,456
1,446,447
1,448,452
1,449,504
1,457,450
1,462,451
1,453,458
1,454,492
1,508,460
1,510,463
1,464,489
1,465,483
1,497,466
1,506,468
1,514,469
1,517,470
1,472,525
1,473,516
1,495,474
1,479,475
1,502,476
1,512,477
1,522,478
1,480,507
1,520,481
1,484,482
1,485,524
1,486,511
1,490,498
1,499,491
1,503,493
1,494,519
1,501,500
1,505,509
1,513,515
1,526,529
1,527,539
1,528,543
1,530,537
1,538,531
1,532,542
1,541,533
1,534,540
1,536,535
1,544,588
1,545,547
1,591,546
1,548,551
1,549,562
1,553,550
1,569,552
1,592,554
1,555,558
1,559,556
1,565,557
1,560,570
1,568,561
1,571,563
1,564,572
1,566,567
1,587,573
1,574,598
1,584,575
1,576,579
1,577,597
1,580,578
1,585,581
1,582,586
1,583,599
1,589,594
1,590,596
1,593,595
1,629,600
1,601,606
1,611,602
1,603,621
1,604,616
1,605,655
1,607,619
1,608,617
1,609,633
1,630,610
1,641,612
1,613,646
1,614,636
1,632,615
1,620,618
1,653,622
1,652,623
1,651,624
1,625,649
1,647,626
1,627,634
1,645,628
1,631,638
1,635,642
1,637,644
1,639,640
1,650,643
1,654,648
1,656,662
1,658,657
1,666,659
1,663,660
1,669,661
1,665,664
1,671,667
1,668,673
1,672,670
1,674,716
1,695,675
1,708,676
1,719,677
1,678,684
1,680,679
1,681,702
1,682,697
1,701,683
1,709,685
1,686,711
1,687,715
1,727,688
1,689,694
1,690,721
1,723,691
1,693,692
1,704,696
1,698,706
1,700,699
1,703,717
1,707,705
1,710,724
1,712,713
1,729,714
1,722,718
1,720,728
1,725,726
1,730,768
1,731,784
1,732,743
1,764,733
1,734,749
1,735,789
1,751,736
1,737,760
1,738,756
1,740,739
1,741,750
1,769,742
1,777,744
1,747,745
1,754,746
1,786,748
1,752,778
1,771,753
1,755,788
1,774,757
1,758,770
1,759,767
1,783,761
1,762,779
1,763,765
1,781,766
1,772,773
1,775,785
1,776,780
1,787,782
1,790,797
1,791,796
1,793,792
1,800,794
1,799,795
1,798,802
1,803,801
1,810,804
1,805,821
1,806,833
1,811,807
1,808,831
1,809,814
1,813,812
1,818,815
1,820,816
1,819,817
1,838,822
1,823,834
1,824,830
1,839,825
1,829,826
1,827,836
1,828,837
1,835,832
1,840,856
1,841,848
1,842,846
1,852,843
1,844,870
1,845,851
1,847,867
1,849,853
1,850,855
1,854,861
1,874,857
1,869,858
1,871,859
1,862,860
1,863,872
1,868,864
1,865,866
1,875,873
1,876,889
1,885,877
1,898,878
1,881,879
1,880,884
1,883,882
1,888,886
1,897,887
1,893,890
1,899,891
1,892,895
1,894,896
1,910,900
1,911,901
1,909,902
1,903,938
1,935,904
1,905,914
1,929,906
1,907,919
1,908,931
1,912,915
1,917,913
1,916,920
1,922,918
1,921,939
1,923,926
1,924,925
1,927,930
1,944,928
1,932,937
1,940,933
1,934,945
1,947,936
1,948,941
1,943,942
1,949,946
1,950,989
1,951,996
1,997,952
1,990,953
1,988,954
1,963,955
1,956,962
1,959,957
1,984,958
1,965,960
1,970,961
1,967,964
1,986,966
1,969,968
1,971,998
1,977,972
1,974,973
1,980,975
1,983,976
1,978,982
1,992,979
1,995,981
1,987,985
1,994,991
1,993,999
1,1002,1000
1,1001,1012
1,1003,1009
1,1007,1004
1,1005,1010
1,1011,1006
1,1013,1008
1,1021,1014
1,1040,1015
1,1019,1016
1,1020,1017
1,1018,1034
1,1022,1023
1,1024,1026
1,1027,1025
1,1028,1030
1,1029,1038
1,1047,1031
1,1048,1032
1,1033,1036
1,1035,1044
1,1049,1037
1,1039,1042
1,1045,1041
1,1043,1046
1,1085,1050
1,1051,1064
1,1079,1052
1,1089,1053
1,1054,1086
1,1056,1055
1,1062,1057
1,1078,1058
1,1066,1059
1,1061,1060
1,1063,1076
1,1065,1081
1,1067,1083
1,1082,1068
1,1069,1072
1,1087,1070
1,1071,1073
1,1074,1077
1,1088,1075
1,1084,1080
1,1090,1111
1,1091,1095
1,1092,1093
1,1103,1094
1,1100,1096
1,1097,1101
1,1112,1098
1,1099,1102
1,1107,1104
1,1105,1110
1,1106,1108
1,1109,1113
1,1139,1114
1,1127,1115
1,1116,1130
1,1117,1120
1,1118,1123
1,1119,1131
1,1121,1138
1,1122,1146
1,1124,1125
1,1126,1128
1,1133,1129
1,1132,1136
1,1143,1134
1,1148,1135
1,1145,1137
1,1147,1140
1,1141,1149
1,1142,1144
1,1159,1150
1,1170,1151
1,1183,1152
1,1175,1153
1,1168,1154
1,1155,1194
1,1156,1162
1,1157,1161
1,1158,1166
1,1195,1160
1,1169,1163
1,1164,1172
1,1171,1165
1,1179,1167
1,1177,1173
1,1184,1174
1,1176,1190
1,1178,1185
1,1182,1180
1,1192,1181
1,1189,1186
1,1187,1191
1,1193,1188
1,1196,1203
1,1197,1210
1,1198,1205
1,1209,1199
1,1201,1200
1,1202,1204
1,1206,1208
1,1207,1211
1,1219,1212
1,1213,1216
1,1224,1214
1,1215,1217
1,1227,1218
1,1220,1222
1,1226,1221
1,1223,1225
1,1229,1228
1,1230,1231
1,1232,1241
1,1235,1233
1,1252,1234
1,1258,1236
1,1237,1250
1,1253,1238
1,1254,1239
1,1240,1248
1,1242,1257
1,1243,1245
1,1244,1251
1,1246,1256
1,1255,1247
1,1249,1259
1,1260,1271
1,1261,1273
1,1262,1279
1,1269,1263
1,1264,1283
1,1265,1275
1,1268,1266
1,1267,1272
1,1274,1270
1,1278,1276
1,1282,1277
1,1281,1280
1,1297,1284
1,1315,1285
1,1286,1323
1,1287,1316
1,1288,1293
1,1289,1294
1,1290,1298
1,1296,1291
1,1292,1300
1,1295,1299
1,1313,1301
1,1302,1306
1,1303,1308
1,1317,1304
1,1305,1322
1,1307,1321
1,1309,1311
1,1312,1310
1,1320,1314
1,1318,1319
1,1327,1324
1,1325,1371
1,1326,1354
1,1328,1343
1,1329,1340
1,1330,1337
1,1331,1334
1,1332,1348
1,1344,1333
1,1373,1335
1,1336,1338
1,1360,1339
1,1341,1342
1,1345,1374
1,1369,1346
1,1350,1347
1,1367,1349
1,1370,1351
1,1352,1355
1,1353,1362
1,1366,1356
1,1372,1357
1,1363,1358
1,1359,1375
1,1368,1361
1,1365,1364
1,1376,1392
1,1380,1377
1,1379,1378
1,1381,1382
1,1395,1383
1,1399,1384
1,1393,1385
1,1386,1397
1,1398,1387
1,1388,1394
1,1389,1390
1,1396,1391
1,1408,1400
1,1411,1401
1,1406,1402
1,1423,1403
1,1404,1410
1,1405,1409
1,1407,1417
1,1421,1412
1,1413,1418
1,1414,1422
1,1415,1424
1,1427,1416
1,1428,1419
1,1425,1420
1,1432,1426
1,1429,1431
1,1430,1433
1,1436,1434
1,1435,1449
1,1437,1438
1,1439,1442
1,1440,1441
1,1443,1463
1,1444,1464
1,1456,1445
1,1446,1467
1,1447,1453
1,1448,1458
1,1454,1450
1,1451,1455
1,1468,1452
1,1457,1471
1,1469,1459
1,1460,1470
1,1461,1472
1,1462,1466
1,1473,1465
2,11,0
2,12,1
2,4,2
2,3,15
2,5,14
2,6,9
2,7,13
2,10,8
2,91,16
2,22,17
2,25,18
2,19,92
2,20,88
2,87,21
2,29,23
2,28,24
2,26,27
2,36,30
2,31,45
2,46,32
2,62,33
2,58,34
2,35,41
2,53,37
2,56,38
2,40,39
2,43,42
2,47,44
2,48,95
2,52,49
2,50,84
2,85,51
2,54,59
2,57,55
2,60,61
2,74,63
2,64,73
2,65,67
2,66,75
2,72,68
2,80,69
2,70,71
2,93,76
2,77,83
2,78,86
2,94,79
2,81,90
2,89,82
2,96,112
2,97,113
2,98,135
2,99,109
2,189,100
2,101,118
2,103,102
2,179,104
2,105,160
2,127,106
2,107,130
2,117,108
2,110,161
2,111,116
2,162,114
2,115,134
2,188,119
2,124,120
2,139,121
2,122,123
2,125,131
2,136,126
2,128,165
2,150,129
2,132,163
2,133,170
2,175,137
2,138,177
2,140,152
2,141,149
2,142,187
2,144,143
2,181,145
2,158,146
2,159,147
2,151,148
2,186,153
2,156,154
2,155,157
2,169,164
2,191,166
2,180,167
2,168,190
2,171,172
2,173,185
2,183,174
2,176,178
2,182,184
2,198,192
2,193,203
2,197,194
2,202,195
2,196,199
2,200,201
2,204,208
2,258,205
2,206,249
2,207,226
2,214,209
2,210,217
2,225,211
2,215,212
2,216,213
2,218,227
2,219,220
2,230,221
2,232,222
2,224,223
2,231,228
2,229,250
2,253,233
2,234,235
2,236,241
2,237,260
2,263,238
2,239,243
2,254,240
2,242,245
2,246,244
2,247,248
2,251,252
2,255,256
2,259,257
2,261,262
2,264,283
2,273,265
2,289,266
2,267,269
2,268,302
2,270,271
2,272,275
2,274,282
2,276,285
2,277,286
2,298,278
2,307,279
2,280,321
2,301,281
2,297,284
2,303,287
2,288,293
2,290,295
2,291,314
2,292,306
2,304,294
2,312,296
2,299,308
2,300,319
2,305,313
2,316,309
2,310,320
2,311,315
2,318,317
2,328,322
2,323,330
2,340,324
2,325,343
2,326,342
2,331,327
2,337,329
2,332,334
2,333,339
2,338,335
2,341,336
2,382,344
2,391,345
2,346,411
2,347,408
2,348,381
2,368,349
2,350,366
2,351,367
2,353,352
2,354,385
2,355,405
2,356,358
2,357,376
2,359,375
2,360,361
2,362,379
2,363,365
2,364,378
2,370,369
2,371,373
2,388,372
2,425,374
2,386,377
2,404,380
2,383,393
2,415,384
2,389,387
2,424,390
2,422,392
2,394,396
2,423,395
2,397,410
2,419,398
2,399,421
2,400,401
2,402,412
2,403,420
2,406,407
2,409,418
2,413,414
2,416,417
2,474,426
2,473,427
2,428,485
2,429,443
2,430,455
2,431,445
2,432,467
2,487,433
2,450,434
2,488,435
2,436,499
2,463,437
2,439,438
2,440,461
2,441,490
2,519,442
2,444,511
2,446,496
2,523,447
2,448,462
2,449,500
2,451,460
2,510,452
2,491,453
2,454,486
2,478,456
2,457,458
2,459,464
2,524,465
2,484,466
2,525,468
2,469,513
2,470,516
2,471,521
2,477,472
2,518,475
2,476,480
2,507,479
2,481,492
2,482,520
2,489,483
2,493,505
2,504,494
2,517,495
2,522,497
2,498,501
2,502,515
2,503,509
2,508,506
2,514,512
2,537,526
2,541,527
2,535,528
2,529,540
2,539,530
2,532,531
2,533,536
2,543,534
2,542,538
2,562,544
2,554,545
2,550,546
2,547,597
2,556,548
2,553,549
2,563,551
2,552,559
2,572,555
2,557,560
2,565,558
2,561,566
2,564,571
2,568,567
2,570,569
2,573,574
2,575,580
2,598,576
2,578,577
2,579,594
2,581,582
2,583,587
2,593,584
2,585,589
2,586,590
2,588,592
2,599,591
2,596,595
2,600,603
2,615,601
2,602,629
2,646,604
2,605,630
2,608,606
2,616,607
2,611,609
2,610,635
2,612,619
2,644,613
2,641,614
2,633,617
2,621,618
2,638,620
2,626,622
2,624,623
2,652,625
2,639,627
2,628,655
2,642,631
2,636,632
2,634,651
2,637,645
2,640,650
2,643,649
2,648,647
2,653,654
2,660,656
2,657,670
2,658,667
2,659,665
2,661,664
2,662,669
2,666,663
2,668,672
2,673,671
2,696,674
2,675,681
2,716,676
2,697,677
2,678,682
2,679,721
2,719,680
2,717,683
2,684,695
2,705,685
2,712,686
2,703,687
2,688,725
2,691,689
2,690,692
2,694,693
2,702,698
2,699,701
2,704,700
2,706,708
2,709,707
2,710,715
2,711,718
2,713,722
2,714,728
2,720,723
2,724,729
2,726,727
2,730,751
2,733,731
2,789,732
2,758,734
2,756,735
2,736,750
2,743,737
2,739,738
2,744,740
2,746,741
2,742,747
2,745,755
2,763,748
2,760,749
2,768,752
2,753,754
2,757,762
2,759,765
2,761,764
2,766,775
2,767,771
2,773,769
2,770,784
2,772,777
2,774,785
2,778,776
2,779,787
2,780,788
2,781,783
2,786,782
2,790,803
2,792,791
2,796,793
2,795,794
2,797,800
2,801,798
2,802,799
2,804,839
2,805,832
2,814,806
2,807,831
2,817,808
2,809,811
2,816,810
2,812,825
2,818,813
2,815,820
2,833,819
2,821,824
2,822,837
2,829,823
2,826,838
2,834,827
2,836,828
2,830,835
2,845,840
2,841,873
2,870,842
2,866,843
2,844,849
2,846,854
2,860,847
2,848,868
2,856,850
2,867,851
2,875,852
2,855,853
2,857,858
2,859,869
2,861,865
2,862,863
2,872,864
2,871,874
2,890,876
2,877,881
2,878,897
2,879,882
2,889,880
2,883,887
2,884,888
2,886,885
2,895,891
2,898,892
2,894,893
2,896,899
2,900,944
2,905,901
2,929,902
2,903,935
2,904,923
2,906,932
2,914,907
2,918,908
2,930,909
2,931,910
2,936,911
2,913,912
2,915,922
2,917,916
2,919,939
2,920,921
2,945,924
2,925,927
2,926,943
2,928,934
2,933,946
2,937,942
2,938,941
2,949,940
2,948,947
2,950,971
2,973,951
2,952,954
2,953,956
2,958,955
2,957,986
2,959,960
2,964,961
2,962,965
2,984,963
2,966,970
2,978,967
2,979,968
2,969,990
2,997,972
2,991,974
2,975,999
2,998,976
2,996,977
2,982,980
2,981,988
2,985,983
2,994,987
2,989,995
2,993,992
2,1000,1001
2,1003,1002
2,1004,1010
2,1008,1005
2,1006,1012
2,1007,1013
2,1009,1011
2,1031,1014
2,1015,1044
2,1017,1016
2,1046,1018
2,1025,1019
2,1039,1020
2,1029,1021
2,1026,1022
2,1023,1040
2,1024,1027
2,1038,1028
2,1030,1048
2,1036,1032
2,1041,1033
2,1034,1045
2,1049,1035
2,1037,1043
2,1047,1042
2,1072,1050
2,1051,1078
2,1058,1052
2,1053,1088
2,1054,1064
2,1055,1061
2,1057,1056
2,1059,1079
2,1082,1060
2,1081,1062
2,1063,1069
2,1065,1087
2,1077,1066
2,1067,1084
2,1068,1080
2,1070,1083
2,1071,1075
2,1074,1073
2,1076,1089
2,1085,1086
2,1110,1090
2,1096,1091
2,1099,1092
2,1094,1093
2,1095,1101
2,1097,1112
2,1102,1098
2,1113,1100
2,1103,1107
2,1104,1106
2,1108,1105
2,1111,1109
2,1147,1114
2,1115,1118
2,1139,1116
2,1117,1122
2,1119,1142
2,1120,1143
2,1137,1121
2,1144,1123
2,1124,1141
2,1125,1149
2,1130,1126
2,1133,1127
2,1128,1148
2,1129,1134
2,1131,1132
2,1135,1138
2,1140,1136
2,1146,1145
2,1154,1150
2,1151,1175
2,1152,1188
2,1163,1153
2,1195,1155
2,1190,1156
2,1169,1157
2,1168,1158
2,1171,1159
2,1160,1186
2,1162,1161
2,1165,1164
2,1189,1166
2,1167,1176
2,1170,1172
2,1173,1179
2,1181,1174
2,1177,1185
2,1180,1178
2,1187,1182
2,1193,1183
2,1192,1184
2,1191,1194
2,1196,1201
2,1206,1197
2,1200,1198
2,1199,1203
2,1207,1202
2,1211,1204
2,1205,1209
2,1208,1210
2,1212,1226
2,1213,1214
2,1215,1219
2,1216,1228
2,1217,1227
2,1218,1221
2,1220,1223
2,1222,1230
2,1225,1224
2,1231,1229
2,1248,1232
2,1233,1257
2,1234,1250
2,1239,1235
2,1236,1243
2,1238,1237
2,1240,1252
2,1241,1244
2,1255,1242
2,1245,1253
2,1246,1249
2,1247,1254
2,1251,1259
2,1256,1258
2,1281,1260
2,1272,1261
2,1283,1262
2,1263,1265
2,1264,1277
2,1266,1267
2,1274,1268
2,1279,1269
2,1270,1271
2,1273,1282
2,1276,1275
2,1280,1278
2,1284,1306
2,1320,1285
2,1286,1287
2,1299,1288
2,1295,1289
2,1290,1294
2,1298,1291
2,1293,1292
2,1300,1296
2,1322,1297
2,1301,1309
2,1319,1302
2,1316,1303
2,1304,1305
2,1315,1307
2,1308,1317
2,1323,1310
2,1314,1311
2,1313,1312
2,1321,1318
2,1324,1326
2,1337,1325
2,1327,1328
2,1348,1329
2,1330,1363
2,1360,1331
2,1362,1332
2,1333,1368
2,1334,1339
2,1335,1358
2,1364,1336
2,1338,1365
2,1340,1373
2,1343,1341
2,1342,1345
2,1347,1344
2,1374,1346
2,1349,1369
2,1361,1350
2,1351,1357
2,1359,1352
2,1353,1367
2,1354,1366
2,1355,1356
2,1371,1370
2,1375,1372
2,1388,1376
2,1377,1382
2,1378,1383
2,1391,1379
2,1384,1380
2,1397,1381
2,1387,1385
2,1394,1386
2,1399,1389
2,1392,1390
2,1396,1393
2,1395,1398
2,1400,1423
2,1401,1407
2,1402,1429
2,1403,1409
2,1405,1404
2,1406,1408
2,1410,1411
2,1412,1428
2,1426,1413
2,1431,1414
2,1416,1415
2,1417,1420
2,1418,1430
2,1424,1419
2,1421,1425
2,1422,1432
2,1433,1427
2,1434,1439
2,1457,1435
2,1436,1451
2,1437,1440
2,1444,1438
2,1441,1443
2,1442,1463
2,1449,1445
2,1455,1446
2,1466,1447
2,1465,1448
2,1467,1450
2,1452,1456
2,1454,1453
2,1472,1458
2,1459,1471
2,1469,1460
2,1461,1473
2,1464,1462
2,1468,1470
3,0,12
3,1,15
3,10,2
3,13,3
3,14,4
3,8,5
3,7,6
3,9,11
3,16,54
3,17,87
3,21,18
3,24,19
3,22,20
3,23,60
3,25,50
3,52,26
3,27,28
3,43,29
3,49,30
3,33,31
3,32,48
3,34,62
3,42,35
3,37,36
3,38,85
3,41,39
3,53,40
3,44,56
3,45,46
3,92,47
3,84,51
3,55,58
3,59,57
3,88,61
3,63,93
3,76,64
3,68,65
3,72,66
3,83,67
3,69,71
3,81,70
3,73,74
3,75,79
3,91,77
3,94,78
3,82,80
3,86,95
3,90,89
3,113,96
3,143,97
3,98,115
3,101,99
3,100,119
3,109,102
3,185,103
3,104,128
3,108,105
3,106,111
3,107,117
3,164,110
3,112,138
3,116,114
3,118,133
3,120,171
3,172,121
3,170,122
3,123,169
3,125,124
3,126,127
3,139,129
3,130,188
3,131,132
3,134,136
3,179,135
3,178,137
3,147,140
3,141,142
3,151,144
3,155,145
3,146,156
3,148,153
3,150,149
3,152,173
3,154,167
3,157,158
3,187,159
3,160,161
3,163,162
3,165,168
3,166,176
3,186,174
3,175,177
3,182,180
3,181,184
3,183,191
3,190,189
3,192,200
3,197,193
3,194,196
3,203,195
3,199,198
3,201,202
3,204,207
3,249,205
3,210,206
3,208,215
3,222,209
3,221,211
3,212,225
3,213,223
3,214,226
3,220,216
3,217,231
3,218,230
3,258,219
3,227,224
3,228,232
3,255,229
3,233,237
3,263,234
3,248,235
3,238,236
3,256,239
3,250,240
3,241,254
3,242,247
3,243,246
3,244,245
3,257,251
3,252,261
3,259,253
3,260,262
3,264,273
3,265,272
3,283,266
3,306,267
3,271,268
3,270,269
3,274,289
3,319,275
3,287,276
3,282,277
3,278,301
3,279,308
3,309,280
3,297,281
3,284,285
3,286,303
3,288,310
3,312,290
3,295,291
3,321,292
3,304,293
3,317,294
3,296,313
3,302,298
3,307,299
3,320,300
3,315,305
3,314,311
3,316,318
3,322,325
3,323,328
3,324,330
3,327,326
3,329,331
3,332,340
3,342,333
3,334,338
3,335,337
3,343,336
3,339,341
3,344,404
3,345,382
3,350,346
3,349,347
3,417,348
3,380,351
3,352,377
3,411,353
3,354,368
3,401,355
3,356,359
3,365,357
3,385,358
3,360,362
3,361,414
3,415,363
3,375,364
3,367,366
3,369,389
3,387,370
3,372,371
3,388,373
3,416,374
3,376,386
3,384,378
3,379,413
3,381,383
3,390,425
3,409,391
3,392,423
3,393,397
3,424,394
3,395,419
3,396,410
3,398,407
3,400,399
3,403,402
3,418,405
3,422,406
3,408,421
3,412,420
3,426,494
3,427,429
3,478,428
3,452,430
3,507,431
3,470,432
3,433,436
3,434,467
3,435,442
3,461,437
3,438,440
3,439,455
3,453,441
3,443,444
3,445,522
3,456,446
3,447,473
3,450,448
3,463,449
3,451,508
3,523,454
3,498,457
3,458,501
3,509,459
3,460,510
3,506,462
3,464,476
3,465,477
3,466,524
3,468,484
3,505,469
3,489,471
3,513,472
3,481,474
3,475,497
3,479,480
3,486,482
3,483,487
3,485,521
3,495,488
3,490,499
3,500,491
3,492,518
3,511,493
3,496,502
3,516,503
3,504,519
3,525,512
3,515,514
3,520,517
3,526,542
3,527,538
3,530,528
3,537,529
3,531,543
3,536,532
3,534,533
3,535,539
3,540,541
3,544,547
3,572,545
3,546,553
3,548,568
3,560,549
3,591,550
3,551,564
3,552,571
3,597,554
3,555,565
3,557,556
3,558,559
3,567,561
3,566,562
3,570,563
3,569,579
3,576,573
3,584,574
3,575,577
3,598,578
3,580,583
3,581,593
3,595,582
3,594,585
3,586,588
3,587,599
3,596,589
3,592,590
3,650,600
3,651,601
3,602,621
3,603,652
3,604,614
3,631,605
3,606,633
3,607,620
3,619,608
3,632,609
3,610,641
3,617,611
3,612,615
3,613,642
3,618,616
3,622,654
3,623,629
3,624,634
3,625,643
3,655,626
3,627,630
3,628,653
3,635,636
3,646,637
3,640,638
3,647,639
3,644,645
3,649,648
3,673,656
3,663,657
3,665,658
3,667,659
3,671,660
3,661,662
3,664,668
3,670,666
3,669,672
3,685,674
3,675,724
3,676,725
3,677,681
3,683,678
3,700,679
3,680,684
3,682,706
3,718,686
3,687,714
3,717,688
3,689,690
3,693,691
3,692,707
3,708,694
3,695,704
3,702,696
3,697,698
3,699,705
3,701,719
3,727,703
3,728,709
3,713,710
3,716,711
3,722,712
3,715,723
3,729,720
3,721,726
3,737,730
3,731,767
3,732,758
3,765,733
3,734,756
3,749,735
3,754,736
3,738,764
3,739,772
3,740,747
3,741,751
3,742,768
3,750,743
3,755,744
3,746,745
3,748,760
3,752,769
3,753,781
3,757,761
3,779,759
3,762,783
3,775,763
3,788,766
3,770,789
3,782,771
3,776,773
3,780,774
3,777,778
3,784,786
3,785,787
3,798,790
3,791,795
3,800,792
3,794,793
3,799,796
3,803,797
3,802,801
3,804,806
3,839,805
3,808,807
3,816,809
3,815,810
3,814,811
3,812,818
3,819,813
3,831,817
3,833,820
3,830,821
3,826,822
3,832,823
3,838,824
3,825,834
3,827,828
3,835,829
3,837,836
3,867,840
3,858,841
3,842,868
3,843,847
3,851,844
3,852,845
3,857,846
3,848,854
3,869,849
3,853,850
3,855,856
3,866,859
3,863,860
3,872,861
3,873,862
3,864,875
3,865,871
3,874,870
3,876,877
3,878,884
3,887,879
3,888,880
3,881,889
3,882,898
3,885,883
3,886,894
3,897,890
3,891,893
3,899,892
3,896,895
3,914,900
3,901,937
3,902,931
3,922,903
3,938,904
3,932,905
3,919,906
3,907,918
3,935,908
3,909,911
3,910,945
3,943,912
3,939,913
3,923,915
3,921,916
3,942,917
3,920,925
3,924,929
3,926,940
3,927,948
3,946,928
3,930,934
3,936,933
3,941,949
3,947,944
3,955,950
3,975,951
3,952,982
3,954,953
3,956,963
3,958,957
3,961,959
3,960,962
3,970,964
3,965,984
3,999,966
3,973,967
3,968,974
3,992,969
3,971,995
3,972,998
3,976,981
3,980,977
3,987,978
3,979,991
3,983,993
3,988,985
3,989,986
3,990,997
3,996,994
3,1000,1009
3,1001,1004
3,1002,1011
3,1013,1003
3,1005,1006
3,1012,1007
3,1010,1008
3,1014,1022
3,1015,1049
3,1016,1024
3,1027,1017
3,1018,1030
3,1019,1039
3,1020,1025
3,1021,1040
3,1023,1026
3,1028,1047
3,1042,1029
3,1032,1031
3,1048,1033
3,1034,1046
3,1045,1035
3,1038,1036
3,1044,1037
3,1041,1043
3,1050,1069
3,1056,1051
3,1052,1063
3,1053,1055
3,1062,1054
3,1064,1057
3,1058,1087
3,1059,1065
3,1060,1081
3,1061,1079
3,1066,1071
3,1086,1067
3,1068,1070
3,1073,1072
3,1089,1074
3,1075,1077
3,1078,1076
3,1080,1082
3,1083,1084
3,1088,1085
3,1113,1090
3,1091,1110
3,1092,1095
3,1093,1097
3,1100,1094
3,1096,1102
3,1098,1099
3,1101,1103
3,1105,1104
3,1106,1107
3,1108,1111
3,1109,1112
3,1114,1121
3,1135,1115
3,1116,1145
3,1132,1117
3,1118,1129
3,1134,1119
3,1120,1133
3,1136,1122
3,1123,1126
3,1130,1124
3,1125,1142
3,1127,1144
3,1141,1128
3,1149,1131
3,1137,1147
3,1138,1139
3,1140,1146
3,1148,1143
3,1150,1168
3,1151,1165
3,1190,1152
3,1153,1171
3,1158,1154
3,1160,1155
3,1194,1156
3,1157,1163
3,1186,1159
3,1161,1169
3,1166,1162
3,1175,1164
3,1184,1167
3,1179,1170
3,1172,1189
3,1173,1178
3,1174,1177
3,1176,1182
3,1180,1195
3,1183,1181
3,1185,1187
3,1188,1192
3,1191,1193
3,1199,1196
3,1202,1197
3,1198,1208
3,1200,1206
3,1211,1201
3,1203,1209
3,1204,1205
3,1210,1207
3,1225,1212
3,1221,1213
3,1214,1230
3,1228,1215
3,1217,1216
3,1218,1226
3,1219,1227
3,1224,1220
3,1222,1229
3,1223,1231
3,1232,1255
3,1253,1233
3,1234,1241
3,1252,1235
3,1236,1238
3,1237,1242
3,1248,1239
3,1250,1240
3,1243,1246
3,1245,1244
3,1251,1247
3,1257,1249
3,1258,1254
3,1259,1256
3,1260,1280
3,1271,1261
3,1262,1270
3,1263,1267
3,1269,1264
3,1265,1274
3,1266,1272
3,1268,1273
3,1275,1282
3,1276,1281
3,1277,1279
3,1278,1283
3,1284,1319
3,1285,1286
3,1311,1287
3,1298,1288
3,1289,1292
3,1299,1290
3,1291,1293
3,1294,1296
3,1300,1295
3,1316,1297
3,1318,1301
3,1304,1302
3,1303,1321
3,1305,1314
3,1306,1320
3,1322,1307
3,1312,1308
3,1309,1315
3,1310,1317
3,1323,1313
3,1325,1324
3,1326,1375
3,1332,1327
3,1337,1328
3,1329,1330
3,1339,1331
3,1333,1364
3,1334,1360
3,1348,1335
3,1336,1344
3,1341,1338
3,1346,1340
3,1350,1342
3,1365,1343
3,1356,1345
3,1347,1353
3,1349,1366
3,1351,1352
3,1370,1354
3,1355,1359
3,1357,1373
3,1358,1362
3,1363,1361
3,1368,1367
3,1369,1374
3,1372,1371
3,1376,1396
3,1377,1391
3,1381,1378
3,1383,1379
3,1392,1380
3,1382,1393
3,1384,1388
3,1385,1395
3,1386,1387
3,1398,1389
3,1390,1397
3,1394,1399
3,1427,1400
3,1401,1408
3,1414,1402
3,1403,1405
3,1404,1428
3,1410,1406
3,1409,1407
3,1423,1411
3,1412,1431
3,1413,1429
3,1415,1417
3,1430,1416
3,1419,1418
3,1420,1426
3,1432,1421
3,1425,1422
3,1424,1433
3,1445,1434
3,1435,1437
3,1462,1436
3,1438,1469
3,1439,1443
3,1440,1444
3,1441,1459
3,1442,1452
3,1458,1446
3,1449,1447
3,1448,1461
3,1450,1473
3,1451,1468
3,1453,1456
3,1467,1454
3,1470,1455
3,1460,1457
3,1463,1464
3,1472,1465
3,1471,1466
4,13,0
4,4,1
4,2,11
4,3,9
4,5,6
4,15,7
4,8,12
4,14,10
4,38,16
4,17,92
4,18,22
4,19,20
4,88,21
4,46,23
4,26,24
4,49,25
4,50,27
4,56,28
4,29,41
4,30,37
4,44,31
4,32,34
4,33,47
4,35,84
4,36,55
4,39,53
4,40,42
4,59,43
4,60,45
4,48,85
4,51,52
4,83,54
4,57,58
4,61,87
4,95,62
4,79,63
4,65,64
4,66,73
4,67,86
4,93,68
4,69,77
4,70,82
4,71,91
4,75,72
4,74,94
4,78,76
4,80,90
4,89,81
4,96,104
4,97,179
4,114,98
4,99,107
4,188,100
4,109,101
4,102,151
4,118,103
4,105,190
4,112,106
4,110,108
4,113,111
4,115,136
4,116,163
4,117,164
4,119,130
4,137,120
4,121,122
4,123,126
4,127,124
4,169,125
4,177,128
4,129,178
4,162,131
4,160,132
4,134,133
4,135,150
4,138,139
4,144,140
4,143,141
4,184,142
4,145,175
4,146,182
4,173,147
4,174,148
4,149,152
4,153,185
4,165,154
4,158,155
4,156,166
4,167,157
4,159,186
4,161,189
4,168,171
4,170,172
4,176,191
4,180,181
4,187,183
4,196,192
4,193,201
4,195,194
4,199,197
4,203,198
4,200,202
4,205,204
4,207,206
4,253,208
4,209,216
4,219,210
4,211,224
4,222,212
4,215,213
4,223,214
4,232,217
4,231,218
4,229,220
4,221,227
4,225,250
4,226,228
4,240,230
4,233,258
4,251,234
4,235,243
4,236,263
4,262,237
4,254,238
4,239,255
4,256,241
4,244,242
4,245,248
4,246,247
4,249,259
4,252,260
4,257,261
4,289,264
4,265,283
4,266,274
4,267,271
4,268,276
4,269,272
4,277,270
4,273,284
4,275,309
4,278,282
4,314,279
4,280,306
4,281,298
4,285,286
4,310,287
4,294,288
4,311,290
4,291,312
4,292,317
4,293,315
4,300,295
4,299,296
4,303,297
4,301,302
4,305,304
4,308,307
4,313,320
4,321,316
4,319,318
4,330,322
4,326,323
4,324,332
4,325,331
4,341,327
4,328,340
4,329,335
4,333,338
4,334,343
4,336,339
4,337,342
4,344,345
4,346,349
4,347,353
4,348,387
4,380,350
4,351,408
4,378,352
4,366,354
4,395,355
4,357,356
4,358,376
4,359,362
4,414,360
4,370,361
4,363,386
4,364,413
4,373,365
4,383,367
4,368,382
4,372,369
4,371,389
4,374,390
4,375,411
4,377,415
4,379,385
4,404,381
4,384,388
4,391,403
4,406,392
4,405,393
4,394,423
4,397,396
4,418,398
4,402,399
4,420,400
4,421,401
4,407,419
4,412,409
4,410,422
4,425,416
4,417,424
4,442,426
4,428,427
4,429,439
4,430,451
4,431,478
4,432,447
4,443,433
4,434,441
4,457,435
4,436,453
4,437,450
4,462,438
4,440,488
4,444,473
4,472,445
4,471,446
4,448,449
4,452,463
4,494,454
4,455,460
4,456,524
4,458,461
4,510,459
4,475,464
4,497,465
4,519,466
4,467,502
4,505,468
4,469,525
4,487,470
4,474,483
4,518,476
4,477,496
4,479,489
4,480,482
4,517,481
4,513,484
4,511,485
4,486,507
4,501,490
4,491,498
4,495,492
4,493,506
4,499,500
4,503,508
4,509,504
4,512,515
4,514,516
4,521,520
4,522,523
4,538,526
4,529,527
4,528,539
4,536,530
4,531,535
4,532,537
4,543,533
4,541,534
4,542,540
4,561,544
4,545,597
4,549,546
4,547,550
4,571,548
4,551,557
4,563,552
4,553,568
4,554,595
4,556,555
4,591,558
4,559,567
4,564,560
4,562,569
4,599,565
4,566,570
4,578,572
4,573,579
4,574,575
4,587,576
4,577,598
4,580,593
4,590,581
4,582,596
4,583,584
4,585,592
4,589,586
4,588,594
4,600,606
4,601,640
4,616,602
4,611,603
4,618,604
4,605,610
4,632,607
4,633,608
4,609,621
4,636,612
4,620,613
4,614,615
4,641,617
4,619,635
4,622,647
4,643,623
4,652,624
4,634,625
4,626,649
4,627,651
4,648,628
4,629,650
4,630,642
4,631,646
4,637,638
4,639,653
4,654,644
4,645,655
4,656,669
4,657,673
4,662,658
4,659,661
4,660,665
4,672,663
4,666,664
4,670,667
4,668,671
4,674,695
4,709,675
4,721,676
4,707,677
4,678,705
4,679,699
4,692,680
4,681,697
4,698,682
4,683,696
4,719,684
4,704,685
4,686,713
4,711,687
4,688,716
4,708,689
4,690,727
4,694,691
4,706,693
4,700,701
4,724,702
4,726,703
4,728,710
4,712,714
4,718,715
4,729,717
4,725,720
4,723,722
4,754,730
4,731,762
4,764,732
4,733,734
4,735,785
4,736,743
4,751,737
4,738,748
4,778,739
4,752,740
4,768,741
4,744,742
4,788,745
4,750,746
4,747,753
4,749,766
4,755,775
4,756,774
4,783,757
4,758,767
4,759,770
4,771,760
4,761,789
4,763,779
4,786,765
4,769,772
4,773,777
4,787,776
4,781,780
4,782,784
4,790,802
4,794,791
4,792,795
4,793,803
4,796,801
4,797,798
4,799,800
4,817,804
4,805,838
4,806,831
4,807,833
4,813,808
4,809,815
4,810,818
4,811,812
4,819,814
4,821,816
4,820,837
4,822,835
4,823,827
4,824,839
4,825,826
4,828,834
4,829,832
4,836,830
4,840,855
4,841,864
4,861,842
4,860,843
4,852,844
4,849,845
4,846,848
4,847,870
4,850,851
4,853,867
4,854,866
4,856,869
4,871,857
4,858,865
4,859,875
4,862,872
4,863,873
4,868,874
4,876,886
4,898,877
4,889,878
4,884,879
4,880,881
4,882,897
4,883,888
4,887,885
4,890,891
4,892,894
4,893,896
4,895,899
4,900,936
4,906,901
4,911,902
4,903,920
4,904,917
4,905,939
4,916,907
4,908,919
4,946,909
4,924,910
4,912,918
4,915,913
4,921,914
4,935,922
4,943,923
4,925,945
4,948,926
4,940,927
4,928,930
4,934,929
4,931,932
4,944,933
4,937,938
4,941,942
4,949,947
4,950,975
4,951,990
4,969,952
4,953,962
4,972,954
4,966,955
4,956,989
4,957,964
4,961,958
4,986,959
4,984,960
4,963,965
4,967,976
4,992,968
4,977,970
4,971,979
4,985,973
4,974,983
4,994,978
4,997,980
4,981,982
4,999,987
4,988,998
4,991,993
4,995,996
4,1003,1000
4,1007,1001
4,1002,1005
4,1011,1004
4,1008,1006
4,1010,1009
4,1013,1012
4,1014,1023
4,1024,1015
4,1016,1020
4,1039,1017
4,1018,1019
4,1026,1021
4,1022,1044
4,1040,1025
4,1043,1027
4,1049,1028
4,1029,1037
4,1030,1045
4,1031,1042
4,1035,1032
4,1033,1034
4,1048,1036
4,1047,1038
4,1046,1041
4,1054,1050
4,1051,1057
4,1069,1052
4,1056,1053
4,1055,1065
4,1079,1058
4,1060,1059
4,1061,1066
4,1064,1062
4,1063,1089
4,1067,1068
4,1082,1070
4,1088,1071
4,1072,1074
4,1073,1075
4,1086,1076
4,1085,1077
4,1078,1080
4,1084,1081
4,1087,1083
4,1090,1100
4,1091,1105
4,1097,1092
4,1093,1096
4,1101,1094
4,1095,1109
4,1110,1098
4,1103,1099
4,1102,1113
4,1104,1108
4,1112,1106
4,1107,1111
4,1114,1127
4,1115,1119
4,1116,1120
4,1117,1131
4,1134,1118
4,1121,1148
4,1122,1138
4,1142,1123
4,1126,1124
4,1128,1125
4,1129,1130
4,1132,1140
4,1144,1133
4,1147,1135
4,1146,1136
4,1139,1137
4,1145,1141
4,1143,1149
4,1164,1150
4,1159,1151
4,1152,1174
4,1168,1153
4,1154,1170
4,1155,1166
4,1156,1161
4,1157,1189
4,1162,1158
4,1163,1160
4,1165,1175
4,1167,1181
4,1186,1169
4,1171,1179
4,1184,1172
4,1182,1173
4,1195,1176
4,1177,1187
4,1178,1183
4,1192,1180
4,1185,1191
4,1188,1194
4,1193,1190
4,1196,1200
4,1197,1198
4,1207,1199
4,1201,1206
4,1210,1202
4,1205,1203
4,1208,1204
4,1209,1211
4,1223,1212
4,1213,1217
4,1214,1219
4,1215,1221
4,1226,1216
4,1220,1218
4,1231,1222
4,1229,1224
4,1230,1225
4,1227,1228
4,1244,1232
4,1233,1237
4,1257,1234
4,1235,1259
4,1256,1236
4,1239,1238
4,1254,1240
4,1241,1248
4,1242,1247
4,1253,1243
4,1249,1245
4,1246,1258
4,1250,1252
4,1255,1251
4,1264,1260
4,1261,1274
4,1267,1262
4,1272,1263
4,1265,1281
4,1270,1266
4,1271,1268
4,1273,1269
4,1279,1275
4,1280,1276
4,1277,1278
4,1282,1283
4,1302,1284
4,1308,1285
4,1286,1315
4,1287,1289
4,1288,1295
4,1290,1323
4,1297,1291
4,1292,1316
4,1293,1300
4,1294,1298
4,1296,1299
4,1301,1312
4,1303,1305
4,1318,1304
4,1313,1306
4,1307,1320
4,1310,1309
4,1317,1311
4,1321,1314
4,1319,1322
4,1324,1332
4,1325,1348
4,1357,1326
4,1327,1371
4,1328,1333
4,1372,1329
4,1330,1360
4,1331,1337
4,1365,1334
4,1354,1335
4,1343,1336
4,1339,1338
4,1366,1340
4,1352,1341
4,1342,1368
4,1344,1374
4,1345,1355
4,1346,1353
4,1367,1347
4,1350,1349
4,1375,1351
4,1356,1370
4,1364,1358
4,1362,1359
4,1361,1369
4,1373,1363
4,1376,1382
4,1399,1377
4,1393,1378
4,1379,1381
4,1380,1394
4,1391,1383
4,1397,1384
4,1398,1385
4,1395,1386
4,1387,1392
4,1389,1388
4,1396,1390
4,1426,1400
4,1406,1401
4,1402,1427
4,1408,1403
4,1404,1423
4,1405,1410
4,1407,1412
4,1411,1409
4,1433,1413
4,1418,1414
4,1415,1430
4,1419,1416
4,1428,1417
4,1420,1432
4,1421,1422
4,1429,1424
4,1431,1425
4,1434,1455
4,1438,1435
4,1458,1436
4,1443,1437
4,1439,1441
4,1469,1440
4,1464,1442
4,1463,1444
4,1445,1468
4,1446,1450
4,1447,1457
4,1454,1448
4,1471,1449
4,1466,1451
4,1452,1470
4,1453,1467
4,1456,1460
4,1461,1459
4,1465,1462
4,1473,1472
5,0,3
5,9,1
5,2,13
5,12,4
5,11,5
5,6,14
5,10,7
5,15,8
5,16,37
5,25,17
5,24,18
5,87,19
5,20,21
5,30,22
5,23,61
5,28,26
5,85,27
5,47,29
5,31,32
5,84,33
5,34,44
5,45,35
5,36,38
5,39,59
5,57,40
5,41,42
5,58,43
5,48,46
5,51,49
5,50,52
5,54,53
5,55,56
5,62,60
5,63,75
5,64,78
5,65,95
5,92,66
5,67,68
5,82,69
5,70,83
5,71,80
5,89,72
5,76,73
5,74,79
5,77,81
5,86,88
5,90,91
5,94,93
5,98,96
5,97,115
5,99,117
5,130,100
5,185,101
5,159,102
5,103,149
5,144,104
5,168,105
5,106,113
5,107,110
5,108,109
5,111,127
5,124,112
5,163,114
5,136,116
5,131,118
5,172,119
5,120,121
5,122,134
5,133,123
5,126,125
5,128,129
5,132,162
5,135,143
5,139,137
5,138,176
5,140,150
5,141,152
5,142,153
5,180,145
5,188,146
5,147,187
5,148,186
5,179,151
5,154,175
5,155,165
5,191,156
5,166,157
5,182,158
5,189,160
5,190,161
5,164,170
5,181,167
5,171,169
5,173,183
5,184,174
5,178,177
5,192,203
5,193,194
5,195,200
5,198,196
5,197,201
5,202,199
5,253,204
5,206,205
5,228,207
5,227,208
5,209,220
5,210,218
5,211,215
5,212,213
5,214,225
5,216,222
5,217,229
5,219,226
5,250,221
5,230,223
5,224,233
5,231,232
5,234,242
5,259,235
5,260,236
5,237,263
5,238,239
5,240,249
5,241,255
5,243,252
5,247,244
5,261,245
5,248,246
5,262,251
5,254,256
5,258,257
5,274,264
5,288,265
5,266,268
5,270,267
5,269,280
5,271,306
5,272,319
5,286,273
5,275,289
5,276,297
5,277,278
5,283,279
5,285,281
5,298,282
5,302,284
5,308,287
5,290,299
5,315,291
5,316,292
5,293,321
5,318,294
5,320,295
5,300,296
5,301,303
5,304,312
5,305,314
5,307,310
5,317,309
5,313,311
5,326,322
5,327,323
5,331,324
5,340,325
5,330,328
5,338,329
5,332,341
5,337,333
5,335,334
5,342,336
5,343,339
5,354,344
5,345,402
5,416,346
5,352,347
5,348,372
5,377,349
5,350,384
5,366,351
5,353,385
5,355,420
5,361,356
5,357,360
5,362,358
5,359,374
5,369,363
5,365,364
5,367,380
5,368,379
5,373,370
5,371,388
5,376,375
5,413,378
5,397,381
5,382,383
5,386,387
5,389,414
5,393,390
5,399,391
5,392,396
5,410,394
5,407,395
5,422,398
5,409,400
5,401,408
5,403,418
5,421,404
5,405,412
5,423,406
5,419,411
5,415,417
5,425,424
5,426,522
5,427,497
5,429,428
5,462,430
5,431,467
5,473,432
5,433,435
5,442,434
5,441,436
5,440,437
5,438,455
5,488,439
5,474,443
5,457,444
5,461,445
5,446,511
5,447,495
5,448,491
5,449,501
5,450,498
5,451,509
5,508,452
5,453,490
5,454,475
5,507,456
5,500,458
5,459,460
5,463,493
5,480,464
5,472,465
5,466,477
5,468,512
5,469,504
5,520,470
5,476,471
5,478,517
5,481,479
5,482,503
5,515,483
5,484,514
5,485,486
5,524,487
5,496,489
5,492,494
5,499,510
5,502,516
5,506,505
5,525,513
5,521,518
5,519,523
5,526,541
5,527,528
5,535,529
5,530,542
5,540,531
5,534,532
5,533,538
5,539,536
5,543,537
5,544,570
5,545,549
5,546,554
5,547,591
5,552,548
5,550,561
5,558,551
5,553,562
5,555,559
5,564,556
5,557,572
5,565,560
5,569,563
5,568,566
5,567,571
5,584,573
5,597,574
5,575,587
5,576,599
5,577,583
5,579,578
5,598,580
5,589,581
5,582,590
5,596,585
5,594,586
5,595,588
5,593,592
5,600,640
5,601,627
5,602,619
5,603,629
5,612,604
5,635,605
5,617,606
5,609,607
5,608,632
5,636,610
5,615,611
5,645,613
5,642,614
5,621,616
5,625,618
5,620,646
5,628,622
5,623,651
5,624,650
5,653,626
5,630,631
5,633,641
5,634,652
5,655,637
5,638,648
5,639,643
5,649,644
5,647,654
5,656,672
5,664,657
5,658,660
5,662,659
5,671,661
5,663,668
5,665,666
5,667,669
5,673,670
5,674,702
5,675,711
5,676,717
5,677,692
5,678,704
5,679,701
5,680,700
5,709,681
5,685,682
5,684,683
5,726,686
5,687,713
5,703,688
5,693,689
5,691,690
5,705,694
5,696,695
5,697,706
5,707,698
5,699,719
5,724,708
5,710,729
5,712,718
5,714,715
5,722,716
5,720,721
5,723,728
5,725,727
5,730,741
5,735,731
5,732,756
5,733,749
5,734,765
5,737,736
5,779,738
5,748,739
5,740,777
5,742,750
5,743,752
5,772,744
5,745,754
5,751,746
5,747,755
5,780,753
5,757,788
5,784,758
5,764,759
5,760,761
5,762,775
5,766,763
5,767,770
5,768,769
5,771,786
5,778,773
5,774,781
5,776,782
5,785,783
5,789,787
5,795,790
5,791,793
5,792,799
5,801,794
5,796,803
5,802,797
5,798,800
5,808,804
5,805,813
5,824,806
5,807,819
5,810,809
5,831,811
5,817,812
5,815,814
5,834,816
5,818,820
5,822,821
5,823,825
5,837,826
5,839,827
5,828,832
5,829,836
5,830,833
5,838,835
5,840,843
5,859,841
5,842,871
5,844,860
5,845,853
5,846,858
5,847,855
5,870,848
5,849,850
5,851,852
5,874,854
5,864,856
5,857,872
5,861,873
5,866,862
5,875,863
5,868,865
5,869,867
5,896,876
5,877,886
5,878,882
5,879,885
5,897,880
5,888,881
5,889,883
5,884,887
5,890,895
5,891,898
5,893,892
5,894,899
5,930,900
5,936,901
5,910,902
5,903,916
5,922,904
5,908,905
5,931,906
5,907,935
5,942,909
5,911,949
5,917,912
5,913,938
5,919,914
5,920,915
5,918,921
5,923,941
5,933,924
5,925,928
5,926,947
5,927,946
5,929,948
5,932,944
5,934,940
5,939,937
5,945,943
5,976,950
5,951,971
5,968,952
5,953,970
5,954,989
5,959,955
5,965,956
5,957,960
5,958,966
5,984,961
5,962,963
5,964,999
5,981,967
5,991,969
5,995,972
5,998,973
5,993,974
5,982,975
5,977,990
5,978,980
5,979,988
5,983,987
5,985,986
5,994,992
5,996,997
5,1011,1000
5,1001,1002
5,1005,1003
5,1004,1012
5,1006,1010
5,1008,1007
5,1009,1013
5,1042,1014
5,1015,1018
5,1044,1016
5,1017,1019
5,1020,1023
5,1021,1027
5,1029,1022
5,1040,1024
5,1025,1026
5,1036,1028
5,1030,1032
5,1045,1031
5,1033,1047
5,1034,1048
5,1043,1035
5,1037,1046
5,1038,1039
5,1041,1049
5,1050,1064
5,1055,1051
5,1052,1086
5,1053,1069
5,1063,1054
5,1058,1056
5,1057,1078
5,1059,1082
5,1065,1060
5,1062,1061
5,1075,1066
5,1087,1067
5,1068,1089
5,1070,1088
5,1071,1085
5,1077,1072
5,1083,1073
5,1074,1084
5,1076,1079
5,1081,1080
5,1090,1096
5,1111,1091
5,1092,1101
5,1100,1093
5,1094,1110
5,1095,1102
5,1099,1097
5,1104,1098
5,1113,1103
5,1106,1105
5,1109,1107
5,1112,1108
5,1145,1114
5,1115,1132
5,1135,1116
5,1117,1147
5,1118,1130
5,1119,1128
5,1120,1127
5,1121,1140
5,1141,1122
5,1149,1123
5,1124,1143
5,1125,1144
5,1126,1129
5,1131,1134
5,1133,1142
5,1137,1136
5,1138,1146
5,1148,1139
5,1150,1158
5,1153,1151
5,1152,1155
5,1161,1154
5,1163,1156
5,1172,1157
5,1170,1159
5,1169,1160
5,1189,1162
5,1164,1171
5,1165,1192
5,1166,1186
5,1187,1167
5,1175,1168
5,1173,1193
5,1174,1178
5,1191,1176
5,1182,1177
5,1179,1180
5,1181,1188
5,1194,1183
5,1190,1184
5,1195,1185
5,1205,1196
5,1200,1197
5,1198,1209
5,1201,1199
5,1211,1202
5,1203,1208
5,1204,1210
5,1206,1207
5,1212,1227
5,1220,1213
5,1218,1214
5,1215,1229
5,1216,1219
5,1217,1230
5,1221,1222
5,1228,1223
5,1224,1231
5,1226,1225
5,1232,1250
5,1233,1254
5,1238,1234
5,1240,1235
5,1236,1251
5,1241,1237
5,1239,1252
5,1259,1242
5,1244,1243
5,1245,1255
5,1248,1246
5,1247,1253
5,1258,1249
5,1256,1257
5,1263,1260
5,1270,1261
5,1268,1262
5,1280,1264
5,1269,1265
5,1266,1271
5,1281,1267
5,1273,1272
5,1274,1282
5,1275,1278
5,1276,1279
5,1283,1277
5,1284,1318
5,1311,1285
5,1316,1286
5,1287,1294
5,1288,1297
5,1300,1289
5,1295,1290
5,1292,1291
5,1293,1296
5,1299,1298
5,1319,1301
5,1305,1302
5,1322,1303
5,1307,1304
5,1306,1312
5,1314,1308
5,1309,1317
5,1315,1310
5,1320,1313
5,1323,1321
5,1324,1351
5,1332,1325
5,1329,1326
5,1354,1327
5,1342,1328
5,1331,1330
5,1341,1333
5,1334,1337
5,1335,1357
5,1360,1336
5,1338,1364
5,1343,1339
5,1340,1372
5,1367,1344
5,1359,1345
5,1349,1346
5,1347,1361
5,1348,1356
5,1374,1350
5,1352,1368
5,1353,1375
5,1355,1366
5,1358,1365
5,1370,1362
5,1363,1369
5,1371,1373
5,1395,1376
5,1378,1377
5,1379,1393
5,1380,1391
5,1381,1396
5,1392,1382
5,1383,1397
5,1384,1398
5,1386,1385
5,1389,1387
5,1388,1399
5,1390,1394
5,1400,1410
5,1401,1404
5,1403,1402
5,1411,1405
5,1423,1406
5,1407,1427
5,1409,1408
5,1417,1412
5,1413,1415
5,1414,1421
5,1416,1420
5,1424,1418
5,1433,1419
5,1422,1429
5,1432,1425
5,1431,1426
5,1430,1428
5,1466,1434
5,1468,1435
5,1436,1445
5,1437,1452
5,1457,1438
5,1444,1439
5,1443,1440
5,1441,1442
5,1446,1454
5,1472,1447
5,1448,1473
5,1470,1449
5,1462,1450
5,1451,1469
5,1465,1453
5,1455,1460
5,1456,1471
5,1467,1458
5,1459,1464
5,1461,1463
6,9,0
6,1,2
6,14,3
6,4,15
6,10,5
6,6,12
6,7,8
6,13,11
6,16,70
6,17,19
6,27,18
6,20,30
6,21,25
6,22,24
6,23,39
6,26,51
6,49,28
6,29,40
6,31,87
6,32,47
6,33,34
6,35,48
6,53,36
6,37,56
6,52,38
6,59,41
6,42,58
6,43,57
6,46,44
6,88,45
6,55,50
6,60,54
6,61,92
6,68,62
6,76,63
6,64,66
6,86,65
6,94,67
6,69,89
6,83,71
6,72,74
6,73,75
6,77,90
6,78,93
6,79,95
6,91,80
6,81,82
6,85,84
6,96,97
6,98,144
6,131,99
6,100,190
6,101,102
6,114,103
6,104,135
6,105,188
6,125,106
6,107,189
6,108,130
6,109,133
6,110,126
6,111,115
6,112,163
6,113,138
6,162,116
6,117,171
6,118,143
6,119,160
6,127,120
6,137,121
6,122,124
6,164,123
6,128,179
6,129,141
6,132,134
6,170,136
6,177,139
6,149,140
6,151,142
6,191,145
6,167,146
6,153,147
6,185,148
6,150,159
6,152,184
6,157,154
6,156,155
6,158,166
6,161,168
6,165,176
6,172,169
6,182,173
6,174,180
6,175,178
6,183,181
6,186,187
6,197,192
6,199,193
6,194,198
6,201,195
6,196,202
6,203,200
6,204,210
6,205,253
6,206,217
6,224,207
6,208,228
6,213,209
6,223,211
6,214,212
6,225,215
6,221,216
6,218,219
6,220,222
6,226,231
6,227,232
6,230,229
6,233,254
6,248,234
6,235,244
6,251,236
6,261,237
6,238,240
6,239,260
6,246,241
6,242,243
6,245,247
6,255,249
6,256,250
6,252,262
6,263,257
6,258,259
6,264,288
6,265,275
6,310,266
6,280,267
6,286,268
6,306,269
6,270,298
6,278,271
6,272,321
6,273,277
6,274,285
6,276,307
6,279,289
6,284,281
6,282,301
6,287,283
6,291,290
6,292,318
6,317,293
6,294,305
6,295,313
6,296,320
6,297,302
6,299,300
6,309,303
6,311,304
6,312,308
6,314,315
6,316,319
6,322,340
6,323,331
6,324,326
6,325,330
6,327,328
6,339,329
6,333,332
6,334,342
6,335,341
6,336,337
6,338,343
6,383,344
6,424,345
6,353,346
6,347,355
6,386,348
6,349,415
6,354,350
6,351,368
6,352,416
6,356,371
6,374,357
6,375,358
6,361,359
6,360,376
6,362,369
6,363,414
6,417,364
6,365,413
6,381,366
6,385,367
6,370,372
6,387,373
6,378,377
6,384,379
6,380,401
6,382,393
6,388,389
6,390,404
6,391,405
6,392,407
6,398,394
6,395,397
6,396,422
6,408,399
6,400,403
6,409,402
6,406,418
6,423,410
6,411,425
6,412,419
6,420,421
6,426,447
6,518,427
6,428,474
6,455,429
6,464,430
6,433,431
6,481,432
6,434,478
6,435,453
6,436,443
6,459,437
6,488,438
6,439,461
6,460,440
6,497,441
6,458,442
6,467,444
6,445,487
6,523,446
6,501,448
6,449,450
6,452,451
6,454,517
6,456,495
6,500,457
6,505,462
6,463,508
6,465,496
6,483,466
6,503,468
6,515,469
6,470,485
6,486,471
6,512,472
6,473,479
6,476,475
6,516,477
6,489,480
6,482,522
6,484,525
6,490,491
6,493,492
6,494,507
6,498,499
6,502,519
6,504,506
6,510,509
6,511,521
6,514,513
6,520,524
6,530,526
6,527,532
6,529,528
6,531,542
6,540,533
6,534,536
6,541,535
6,537,538
6,539,543
6,567,544
6,591,545
6,559,546
6,562,547
6,548,564
6,550,549
6,572,551
6,556,552
6,566,553
6,554,582
6,560,555
6,557,563
6,568,558
6,561,569
6,597,565
6,570,571
6,580,573
6,574,577
6,575,598
6,576,584
6,599,578
6,587,579
6,581,596
6,583,594
6,588,585
6,586,593
6,592,589
6,590,595
6,651,600
6,602,601
6,603,608
6,604,609
6,605,636
6,606,627
6,607,635
6,610,631
6,621,611
6,614,612
6,613,630
6,615,617
6,616,619
6,646,618
6,644,620
6,622,649
6,625,623
6,640,624
6,626,643
6,637,628
6,652,629
6,632,633
6,650,634
6,638,645
6,648,639
6,642,641
6,653,647
6,654,655
6,668,656
6,657,666
6,661,658
6,660,659
6,664,662
6,665,663
6,672,667
6,669,673
6,670,671
6,713,674
6,677,675
6,676,688
6,695,678
6,719,679
6,683,680
6,689,681
6,682,709
6,721,684
6,685,696
6,686,725
6,727,687
6,694,690
6,691,700
6,698,692
6,693,697
6,704,699
6,701,705
6,702,712
6,716,703
6,706,707
6,708,729
6,710,723
6,711,724
6,718,714
6,715,720
6,717,726
6,728,722
6,730,743
6,731,734
6,739,732
6,779,733
6,765,735
6,736,760
6,750,737
6,738,758
6,773,740
6,741,769
6,753,742
6,744,747
6,783,745
6,746,768
6,787,748
6,767,749
6,754,751
6,777,752
6,755,772
6,756,784
6,780,757
6,759,771
6,770,761
6,762,763
6,775,764
6,789,766
6,774,776
6,782,778
6,781,788
6,785,786
6,790,799
6,800,791
6,803,792
6,793,798
6,794,796
6,795,802
6,797,801
6,804,807
6,833,805
6,806,815
6,819,808
6,809,831
6,813,810
6,816,811
6,812,824
6,814,821
6,820,817
6,835,818
6,836,822
6,826,823
6,825,837
6,827,829
6,838,828
6,832,830
6,834,839
6,853,840
6,863,841
6,860,842
6,843,871
6,867,844
6,845,847
6,862,846
6,848,861
6,856,849
6,852,850
6,855,851
6,854,868
6,857,864
6,870,858
6,865,859
6,873,866
6,872,869
6,874,875
6,879,876
6,877,892
6,881,878
6,880,887
6,888,882
6,883,897
6,885,884
6,886,896
6,898,889
6,899,890
6,894,891
6,895,893
6,900,920
6,901,910
6,902,936
6,915,903
6,916,904
6,905,907
6,906,918
6,932,908
6,909,926
6,944,911
6,912,939
6,921,913
6,914,922
6,938,917
6,935,919
6,937,923
6,924,928
6,940,925
6,927,942
6,947,929
6,933,930
6,949,931
6,946,934
6,941,945
6,943,948
6,950,996
6,988,951
6,952,998
6,967,953
6,962,954
6,955,957
6,970,956
6,958,965
6,966,959
6,960,961
6,986,963
6,964,977
6,973,968
6,969,993
6,971,981
6,980,972
6,974,976
6,975,985
6,989,978
6,990,979
6,982,994
6,992,983
6,987,984
6,999,991
6,997,995
6,1000,1010
6,1006,1001
6,1002,1008
6,1003,1004
6,1007,1005
6,1012,1009
6,1013,1011
6,1018,1014
6,1039,1015
6,1016,1043
6,1017,1025
6,1019,1040
6,1027,1020
6,1022,1021
6,1023,1024
6,1026,1029
6,1028,1044
6,1031,1030
6,1032,1041
6,1049,1033
6,1034,1036
6,1035,1046
6,1037,1045
6,1042,1038
6,1047,1048
6,1088,1050
6,1061,1051
6,1089,1052
6,1076,1053
6,1057,1054
6,1058,1055
6,1056,1065
6,1081,1059
6,1060,1078
6,1066,1062
6,1070,1063
6,1064,1079
6,1080,1067
6,1083,1068
6,1069,1077
6,1072,1071
6,1073,1082
6,1074,1085
6,1086,1075
6,1084,1087
6,1094,1090
6,1091,1100
6,1102,1092
6,1093,1101
6,1098,1095
6,1096,1099
6,1105,1097
6,1103,1109
6,1110,1104
6,1111,1106
6,1108,1107
6,1113,1112
6,1114,1131
6,1149,1115
6,1116,1122
6,1127,1117
6,1128,1118
6,1119,1126
6,1141,1120
6,1136,1121
6,1123,1133
6,1142,1124
6,1125,1129
6,1130,1134
6,1132,1146
6,1139,1135
6,1148,1137
6,1147,1138
6,1140,1145
6,1144,1143
6,1175,1150
6,1151,1168
6,1156,1152
6,1185,1153
6,1154,1164
6,1157,1155
6,1158,1159
6,1160,1191
6,1186,1161
6,1172,1162
6,1190,1163
6,1166,1165
6,1167,1182
6,1189,1169
6,1170,1171
6,1173,1181
6,1174,1194
6,1176,1193
6,1192,1177
6,1178,1187
6,1183,1179
6,1180,1188
6,1184,1195
6,1196,1197
6,1199,1198
6,1207,1200
6,1209,1201
6,1202,1205
6,1204,1203
6,1210,1206
6,1208,1211
6,1212,1214
6,1218,1213
6,1227,1215
6,1229,1216
6,1219,1217
6,1230,1220
6,1225,1221
6,1222,1223
6,1228,1224
6,1231,1226
6,1234,1232
6,1252,1233
6,1237,1235
6,1236,1245
6,1238,1241
6,1240,1239
6,1242,1253
6,1243,1249
6,1255,1244
6,1251,1246
6,1257,1247
6,1250,1248
6,1254,1256
6,1258,1259
6,1260,1270
6,1261,1263
6,1262,1273
6,1264,1265
6,1266,1274
6,1267,1268
6,1272,1269
6,1271,1276
6,1275,1283
6,1277,1281
6,1278,1282
6,1279,1280
6,1284,1295
6,1285,1323
6,1286,1320
6,1308,1287
6,1301,1288
6,1289,1316
6,1296,1290
6,1291,1300
6,1297,1292
6,1298,1293
6,1294,1299
6,1302,1318
6,1303,1307
6,1304,1319
6,1321,1305
6,1306,1310
6,1312,1309
6,1311,1313
6,1315,1314
6,1317,1322
6,1373,1324
6,1327,1325
6,1326,1340
6,1328,1352
6,1335,1329
6,1334,1330
6,1358,1331
6,1337,1332
6,1333,1343
6,1336,1341
6,1338,1360
6,1339,1354
6,1344,1342
6,1368,1345
6,1375,1346
6,1369,1347
6,1351,1348
6,1374,1349
6,1350,1353
6,1355,1365
6,1356,1371
6,1370,1357
6,1366,1359
6,1361,1367
6,1362,1372
6,1364,1363
6,1376,1387
6,1377,1386
6,1391,1378
6,1382,1379
6,1388,1380
6,1381,1395
6,1393,1383
6,1384,1390
6,1385,1392
6,1394,1389
6,1396,1398
6,1399,1397
6,1414,1400
6,1405,1401
6,1402,1404
6,1410,1403
6,1409,1406
6,1428,1407
6,1408,1423
6,1427,1411
6,1412,1422
6,1419,1413
6,1415,1433
6,1418,1416
6,1417,1432
6,1420,1429
6,1421,1431
6,1426,1424
6,1425,1430
6,1434,1457
6,1435,1456
6,1444,1436
6,1442,1437
6,1438,1443
6,1440,1439
6,1441,1463
6,1445,1459
6,1448,1446
6,1447,1467
6,1449,1465
6,1450,1458
6,1460,1451
6,1452,1466
6,1453,1468
6,1454,1472
6,1471,1455
6,1462,1461
6,1473,1464
6,1470,1469
7,0,10
7,5,1
7,2,9
7,3,7
7,11,4
7,8,6
7,12,14
7,15,13
7,36,16
7,24,17
7,18,88
7,19,22
7,87,20
7,92,21
7,57,23
7,25,26
7,27,51
7,28,85
7,53,29
7,30,33
7,40,31
7,35,32
7,46,34
7,54,37
7,38,59
7,39,42
7,41,43
7,44,94
7,45,58
7,48,47
7,49,55
7,56,50
7,84,52
7,95,60
7,67,61
7,93,62
7,63,72
7,75,64
7,65,71
7,66,78
7,68,90
7,70,69
7,89,73
7,74,76
7,80,77
7,79,86
7,91,81
7,83,82
7,143,96
7,97,111
7,178,98
7,134,99
7,105,100
7,101,103
7,102,118
7,104,140
7,106,164
7,190,107
7,160,108
7,109,132
7,117,110
7,162,112
7,116,113
7,115,114
7,189,119
7,120,125
7,121,127
7,169,122
7,123,139
7,124,131
7,126,172
7,138,128
7,149,129
7,161,130
7,133,136
7,135,177
7,171,137
7,151,141
7,142,150
7,163,144
7,145,167
7,146,157
7,147,186
7,148,159
7,152,183
7,174,153
7,154,155
7,180,156
7,188,158
7,166,165
7,168,170
7,184,173
7,175,191
7,176,179
7,181,182
7,187,185
7,192,194
7,195,193
7,196,203
7,200,197
7,202,198
7,201,199
7,251,204
7,210,205
7,253,206
7,207,208
7,209,221
7,211,213
7,212,216
7,257,214
7,215,224
7,220,217
7,229,218
7,231,219
7,222,230
7,225,223
7,232,226
7,228,227
7,240,233
7,259,234
7,242,235
7,236,261
7,237,239
7,260,238
7,241,258
7,243,245
7,244,248
7,246,256
7,247,252
7,249,254
7,250,255
7,263,262
7,285,264
7,289,265
7,266,287
7,267,272
7,268,277
7,269,297
7,319,270
7,280,271
7,273,283
7,275,274
7,278,276
7,310,279
7,281,286
7,282,284
7,288,305
7,290,296
7,291,311
7,309,292
7,293,294
7,295,308
7,298,301
7,320,299
7,300,307
7,303,302
7,304,318
7,306,316
7,315,312
7,313,314
7,321,317
7,324,322
7,332,323
7,325,326
7,330,327
7,328,331
7,329,336
7,333,343
7,337,334
7,339,335
7,341,338
7,340,342
7,344,391
7,345,405
7,346,351
7,347,380
7,348,356
7,349,353
7,367,350
7,415,352
7,414,354
7,355,400
7,357,362
7,358,365
7,359,363
7,360,375
7,364,361
7,368,366
7,371,369
7,370,386
7,372,382
7,390,373
7,376,374
7,379,377
7,385,378
7,393,381
7,412,383
7,389,384
7,387,388
7,418,392
7,394,425
7,398,395
7,406,396
7,422,397
7,399,403
7,401,420
7,402,421
7,404,408
7,407,423
7,419,409
7,410,424
7,416,411
7,413,417
7,486,426
7,427,454
7,428,518
7,495,429
7,430,508
7,431,496
7,432,482
7,524,433
7,487,434
7,435,441
7,491,436
7,437,501
7,450,438
7,439,440
7,442,457
7,443,476
7,444,455
7,447,445
7,467,446
7,448,500
7,498,449
7,451,459
7,452,460
7,453,488
7,456,483
7,499,458
7,461,490
7,504,462
7,509,463
7,471,464
7,513,465
7,466,525
7,468,514
7,469,512
7,492,470
7,472,484
7,523,473
7,474,507
7,475,511
7,477,515
7,478,516
7,479,502
7,480,497
7,522,481
7,519,485
7,489,520
7,493,494
7,506,503
7,510,505
7,517,521
7,526,540
7,535,527
7,528,537
7,536,529
7,543,530
7,531,534
7,532,533
7,538,541
7,542,539
7,544,569
7,545,546
7,547,553
7,565,548
7,549,567
7,566,550
7,551,562
7,564,552
7,554,581
7,555,557
7,558,556
7,559,591
7,563,560
7,570,561
7,571,568
7,572,597
7,573,598
7,574,576
7,583,575
7,584,577
7,578,587
7,579,599
7,594,580
7,593,582
7,585,595
7,586,592
7,596,588
7,589,590
7,600,610
7,611,601
7,606,602
7,618,603
7,613,604
7,614,605
7,633,607
7,609,608
7,612,642
7,636,615
7,616,632
7,619,617
7,620,630
7,646,621
7,622,638
7,627,623
7,629,624
7,645,625
7,626,639
7,628,647
7,631,637
7,643,634
7,641,635
7,640,651
7,655,644
7,648,653
7,649,654
7,650,652
7,656,670
7,659,657
7,658,672
7,662,660
7,666,661
7,663,664
7,673,665
7,667,668
7,671,669
7,674,705
7,708,675
7,726,676
7,698,677
7,678,685
7,679,684
7,680,724
7,681,682
7,683,699
7,686,727
7,687,725
7,688,691
7,697,689
7,690,693
7,692,694
7,695,702
7,696,709
7,700,719
7,706,701
7,703,721
7,704,707
7,722,710
7,711,712
7,716,713
7,723,714
7,729,715
7,720,717
7,718,728
7,760,730
7,731,738
7,732,748
7,733,756
7,734,779
7,735,736
7,737,754
7,776,739
7,772,740
7,755,741
7,742,751
7,764,743
7,744,773
7,745,780
7,752,746
7,781,747
7,749,775
7,768,750
7,777,753
7,766,757
7,758,762
7,759,789
7,761,785
7,763,782
7,787,765
7,784,767
7,769,778
7,786,770
7,771,783
7,788,774
7,792,790
7,791,798
7,797,793
7,794,802
7,801,795
7,796,800
7,799,803
7,813,804
7,808,805
7,806,820
7,807,830
7,821,809
7,831,810
7,811,815
7,819,812
7,817,814
7,833,816
7,818,825
7,822,832
7,839,823
7,835,824
7,827,826
7,829,828
7,836,834
7,837,838
7,840,851
7,841,862
7,842,854
7,843,845
7,844,861
7,846,874
7,847,875
7,871,848
7,849,855
7,850,869
7,853,852
7,856,867
7,866,857
7,858,872
7,859,864
7,873,860
7,868,863
7,865,870
7,876,895
7,884,877
7,878,880
7,886,879
7,882,881
7,883,899
7,885,889
7,887,888
7,892,890
7,896,891
7,893,898
7,897,894
7,908,900
7,901,932
7,949,902
7,923,903
7,904,912
7,906,905
7,929,907
7,940,909
7,930,910
7,911,927
7,947,913
7,914,920
7,915,916
7,917,935
7,918,938
7,919,921
7,922,939
7,936,924
7,934,925
7,942,926
7,928,933
7,931,937
7,941,943
7,946,944
7,948,945
7,956,950
7,989,951
7,978,952
7,953,977
7,990,954
7,955,960
7,957,984
7,963,958
7,959,965
7,961,962
7,976,964
7,966,971
7,970,967
7,972,968
7,979,969
7,987,973
7,992,974
7,998,975
7,988,980
7,981,997
7,995,982
7,991,983
7,985,999
7,996,986
7,994,993
7,1000,1008
7,1011,1001
7,1002,1004
7,1010,1003
7,1012,1005
7,1013,1006
7,1009,1007
7,1014,1037
7,1015,1019
7,1025,1016
7,1040,1017
7,1028,1018
7,1020,1022
7,1024,1021
7,1039,1023
7,1027,1026
7,1029,1031
7,1030,1036
7,1032,1034
7,1043,1033
7,1041,1035
7,1049,1038
7,1048,1042
7,1046,1044
7,1045,1047
7,1062,1050
7,1051,1089
7,1052,1057
7,1053,1063
7,1054,1061
7,1055,1060
7,1079,1056
7,1059,1058
7,1078,1064
7,1065,1076
7,1066,1074
7,1067,1070
7,1068,1088
7,1085,1069
7,1071,1086
7,1075,1072
7,1084,1073
7,1077,1081
7,1080,1083
7,1082,1087
7,1098,1090
7,1097,1091
7,1092,1103
7,1093,1102
7,1099,1094
7,1107,1095
7,1101,1096
7,1100,1110
7,1104,1111
7,1112,1105
7,1109,1106
7,1108,1113
7,1140,1114
7,1115,1148
7,1147,1116
7,1117,1139
7,1126,1118
7,1124,1119
7,1142,1120
7,1146,1121
7,1122,1137
7,1123,1125
7,1131,1127
7,1128,1149
7,1129,1144
7,1130,1133
7,1134,1132
7,1145,1135
7,1136,1138
7,1143,1141
7,1151,1150
7,1167,1152
7,1153,1173
7,1171,1154
7,1155,1169
7,1156,1189
7,1157,1166
7,1158,1175
7,1159,1163
7,1160,1190
7,1161,1172
7,1162,1186
7,1168,1164
7,1165,1170
7,1193,1174
7,1176,1183
7,1177,1178
7,1182,1179
7,1180,1187
7,1184,1181
7,1188,1185
7,1192,1191
7,1195,1194
7,1198,1196
7,1197,1208
7,1199,1200
7,1201,1205
7,1202,1209
7,1207,1203
7,1206,1204
7,1211,1210
7,1230,1212
7,1213,1231
7,1214,1216
7,1215,1218
7,1217,1229
7,1221,1219
7,1220,1227
7,1222,1225
7,1223,1224
7,1226,1228
7,1232,1238
7,1233,1239
7,1234,1248
7,1235,1250
7,1247,1236
7,1252,1237
7,1241,1240
7,1246,1242
7,1243,1257
7,1244,1258
7,1245,1259
7,1249,1255
7,1254,1251
7,1253,1256
7,1265,1260
7,1261,1266
7,1262,1269
7,1263,1268
7,1264,1278
7,1267,1271
7,1273,1270
7,1272,1277
7,1274,1281
7,1280,1275
7,1282,1276
7,1283,1279
7,1290,1284
7,1295,1285
7,1308,1286
7,1287,1315
7,1296,1288
7,1299,1289
7,1322,1291
7,1298,1292
7,1293,1316
7,1294,1300
7,1318,1297
7,1301,1302
7,1314,1303
7,1321,1304
7,1319,1305
7,1309,1306
7,1307,1311
7,1310,1320
7,1323,1312
7,1313,1317
7,1349,1324
7,1325,1354
7,1326,1371
7,1357,1327
7,1345,1328
7,1329,1373
7,1330,1358
7,1363,1331
7,1332,1375
7,1333,1338
7,1336,1334
7,1372,1335
7,1341,1337
7,1364,1339
7,1340,1370
7,1342,1343
7,1368,1344
7,1346,1362
7,1347,1374
7,1348,1352
7,1350,1367
7,1351,1355
7,1361,1353
7,1359,1356
7,1365,1360
7,1366,1369
7,1389,1376
7,1393,1377
7,1378,1382
7,1379,1395
7,1397,1380
7,1383,1381
7,1386,1384
7,1390,1385
7,1387,1396
7,1398,1388
7,1391,1399
7,1392,1394
7,1411,1400
7,1423,1401
7,1402,1410
7,1406,1403
7,1404,1409
7,1408,1405
7,1418,1407
7,1412,1425
7,1413,1416
7,1432,1414
7,1415,1427
7,1421,1417
7,1429,1419
7,1431,1420
7,1422,1426
7,1424,1430
7,1433,1428
7,1469,1434
7,1455,1435
7,1436,1471
7,1437,1444
7,1468,1438
7,1439,1459
7,1463,1440
7,1464,1441
7,1443,1442
7,1457,1445
7,1446,1472
7,1447,1450
7,1453,1448
7,1451,1449
7,1452,1460
7,1458,1454
7,1456,1470
7,1461,1466
7,1473,1462
7,1467,1465
8,0,2
8,1,10
8,3,12
8,13,4
8,5,15
8,11,6
8,7,14
8,9,8
8,16,69
8,21,17
8,18,20
8,19,66
8,92,22
8,23,86
8,51,24
8,25,30
8,50,26
8,37,27
8,52,28
8,29,38
8,31,46
8,33,32
8,34,84
8,85,35
8,36,49
8,57,39
8,54,40
8,58,41
8,42,53
8,43,55
8,60,44
8,45,48
8,47,61
8,59,56
8,62,67
8,63,64
8,93,65
8,95,68
8,77,70
8,71,81
8,72,76
8,73,79
8,78,74
8,89,75
8,80,83
8,82,91
8,87,88
8,90,94
8,144,96
8,97,98
8,99,118
8,100,107
8,131,101
8,150,102
8,103,109
8,129,104
8,130,105
8,106,126
8,164,108
8,124,110
8,111,162
8,112,143
8,113,169
8,114,134
8,115,116
8,172,117
8,119,161
8,122,120
8,123,121
8,125,127
8,139,128
8,133,132
8,140,135
8,136,163
8,138,137
8,141,148
8,142,152
8,145,176
8,181,146
8,147,151
8,159,149
8,187,153
8,158,154
8,155,180
8,157,156
8,160,190
8,191,165
8,166,175
8,167,188
8,189,168
8,170,171
8,173,174
8,177,184
8,179,178
8,183,182
8,186,185
8,202,192
8,193,196
8,194,201
8,197,195
8,198,200
8,199,203
8,249,204
8,205,227
8,206,259
8,207,258
8,208,231
8,224,209
8,226,210
8,211,214
8,233,212
8,222,213
8,216,215
8,217,228
8,232,218
8,219,229
8,223,220
8,221,225
8,230,256
8,234,245
8,235,246
8,262,236
8,248,237
8,238,244
8,239,250
8,240,241
8,261,242
8,247,243
8,260,251
8,252,263
8,257,253
8,254,255
8,265,264
8,272,266
8,287,267
8,268,278
8,277,269
8,303,270
8,271,309
8,289,273
8,274,281
8,275,285
8,301,276
8,279,299
8,319,280
8,302,282
8,283,310
8,284,286
8,292,288
8,321,290
8,313,291
8,318,293
8,315,294
8,312,295
8,296,311
8,297,298
8,308,300
8,314,304
8,305,316
8,317,306
8,307,320
8,343,322
8,323,325
8,327,324
8,326,340
8,337,328
8,329,332
8,331,330
8,335,333
8,334,341
8,338,336
8,342,339
8,344,381
8,345,393
8,346,347
8,348,378
8,379,349
8,350,368
8,354,351
8,352,414
8,353,367
8,421,355
8,356,360
8,415,357
8,374,358
8,359,365
8,361,376
8,362,417
8,364,363
8,366,384
8,369,387
8,389,370
8,382,371
8,372,383
8,373,386
8,416,375
8,377,413
8,420,380
8,388,385
8,411,390
8,404,391
8,392,408
8,407,394
8,396,395
8,397,406
8,424,398
8,399,412
8,405,400
8,402,401
8,403,409
8,425,410
8,418,419
8,423,422
8,480,426
8,443,427
8,496,428
8,429,471
8,460,430
8,432,431
8,433,442
8,434,435
8,436,450
8,455,437
8,438,448
8,459,439
8,440,498
8,441,491
8,495,444
8,445,515
8,446,454
8,497,447
8,483,449
8,458,451
8,509,452
8,457,453
8,511,456
8,488,461
8,462,463
8,464,474
8,465,518
8,472,466
8,487,467
8,513,468
8,484,469
8,470,522
8,473,492
8,516,475
8,476,479
8,477,514
8,478,493
8,494,481
8,502,482
8,485,520
8,521,486
8,519,489
8,490,500
8,501,499
8,512,503
8,505,504
8,525,506
8,507,523
8,508,510
8,517,524
8,532,526
8,537,527
8,540,528
8,539,529
8,530,535
8,533,531
8,538,534
8,543,536
8,542,541
8,595,544
8,553,545
8,546,597
8,547,567
8,563,548
8,549,555
8,550,568
8,569,551
8,552,591
8,596,554
8,556,565
8,557,558
8,560,559
8,561,564
8,562,570
8,571,566
8,599,572
8,575,573
8,578,574
8,576,583
8,577,587
8,580,579
8,581,586
8,582,585
8,598,584
8,588,589
8,590,593
8,592,594
8,602,600
8,601,603
8,604,607
8,605,641
8,611,606
8,608,616
8,618,609
8,610,615
8,617,612
8,621,613
8,631,614
8,619,632
8,642,620
8,645,622
8,623,640
8,624,627
8,625,648
8,628,626
8,634,629
8,630,637
8,635,633
8,636,646
8,638,655
8,639,654
8,652,643
8,653,644
8,647,649
8,651,650
8,661,656
8,660,657
8,664,658
8,659,669
8,665,662
8,663,667
8,666,673
8,670,668
8,672,671
8,674,678
8,675,718
8,727,676
8,677,689
8,679,683
8,693,680
8,681,698
8,702,682
8,684,696
8,699,685
8,703,686
8,688,687
8,719,690
8,692,691
8,700,694
8,705,695
8,707,697
8,701,704
8,709,706
8,712,708
8,714,710
8,713,711
8,715,722
8,725,716
8,721,717
8,720,726
8,724,723
8,728,729
8,742,730
8,743,731
8,735,732
8,758,733
8,734,764
8,765,736
8,767,737
8,782,738
8,739,787
8,740,776
8,741,773
8,752,744
8,753,745
8,769,746
8,747,777
8,748,759
8,749,786
8,751,750
8,768,754
8,780,755
8,756,761
8,757,763
8,770,760
8,762,781
8,774,766
8,771,785
8,778,772
8,775,789
8,784,779
8,788,783
8,790,794
8,801,791
8,798,792
8,793,800
8,795,796
8,799,797
8,802,803
8,805,804
8,811,806
8,812,807
8,830,808
8,809,833
8,810,819
8,839,813
8,820,814
8,815,817
8,816,831
8,824,818
8,821,835
8,828,822
8,823,837
8,825,827
8,826,834
8,838,829
8,832,836
8,869,840
8,841,842
8,855,843
8,844,856
8,850,845
8,863,846
8,847,852
8,875,848
8,849,867
8,851,853
8,854,871
8,857,865
8,858,868
8,872,859
8,864,860
8,861,862
8,874,866
8,870,873
8,876,884
8,877,896
8,878,894
8,879,888
8,880,883
8,881,885
8,882,887
8,895,886
8,889,897
8,890,898
8,891,892
8,899,893
8,900,949
8,902,901
8,903,904
8,905,931
8,907,906
8,908,914
8,909,948
8,910,946
8,929,911
8,916,912
8,913,943
8,917,915
8,918,919
8,920,922
8,938,921
8,942,923
8,924,934
8,925,933
8,926,936
8,932,927
8,928,940
8,944,930
8,939,935
8,937,941
8,945,947
8,950,972
8,951,976
8,952,985
8,963,953
8,954,956
8,984,955
8,961,957
8,958,959
8,960,966
8,962,964
8,965,970
8,982,967
8,968,988
8,969,989
8,977,971
8,997,973
8,974,994
8,975,995
8,978,990
8,993,979
8,980,981
8,983,999
8,986,987
8,991,992
8,996,998
8,1004,1000
8,1001,1013
8,1006,1002
8,1003,1007
8,1005,1009
8,1008,1012
8,1011,1010
8,1014,1020
8,1038,1015
8,1016,1049
8,1023,1017
8,1018,1037
8,1019,1043
8,1021,1039
8,1022,1027
8,1024,1025
8,1026,1040
8,1034,1028
8,1035,1029
8,1033,1030
8,1031,1048
8,1042,1032
8,1036,1047
8,1044,1041
8,1045,1046
8,1050,1086
8,1062,1051
8,1052,1053
8,1054,1056
8,1078,1055
8,1057,1061
8,1065,1058
8,1059,1083
8,1060,1066
8,1063,1088
8,1064,1076
8,1067,1082
8,1074,1068
8,1069,1071
8,1070,1084
8,1089,1072
8,1073,1077
8,1085,1075
8,1081,1079
8,1087,1080
8,1090,1093
8,1091,1113
8,1094,1092
8,1095,1099
8,1096,1110
8,1097,1104
8,1101,1098
8,1106,1100
8,1102,1103
8,1111,1105
8,1107,1112
8,1109,1108
8,1114,1146
8,1137,1115
8,1121,1116
8,1145,1117
8,1118,1131
8,1119,1132
8,1120,1129
8,1148,1122
8,1124,1123
8,1143,1125
8,1126,1142
8,1127,1130
8,1144,1128
8,1133,1134
8,1135,1149
8,1139,1136
8,1138,1140
8,1141,1147
8,1150,1171
8,1164,1151
8,1152,1173
8,1159,1153
8,1165,1154
8,1189,1155
8,1174,1156
8,1186,1157
8,1161,1158
8,1188,1160
8,1169,1162
8,1163,1168
8,1172,1166
8,1194,1167
8,1175,1170
8,1187,1176
8,1190,1177
8,1193,1178
8,1179,1195
8,1181,1180
8,1182,1192
8,1183,1185
8,1191,1184
8,1196,1207
8,1204,1197
8,1206,1198
8,1205,1199
8,1200,1210
8,1201,1202
8,1203,1211
8,1208,1209
8,1224,1212
8,1213,1215
8,1227,1214
8,1216,1221
8,1218,1217
8,1219,1223
8,1226,1220
8,1228,1222
8,1231,1225
8,1229,1230
8,1232,1252
8,1240,1233
8,1235,1234
8,1242,1236
8,1248,1237
8,1246,1238
8,1239,1250
8,1241,1243
8,1249,1244
8,1256,1245
8,1259,1247
8,1251,1253
8,1255,1254
8,1257,1258
8,1260,1267
8,1268,1261
8,1274,1262
8,1281,1263
8,1279,1264
8,1265,1280
8,1266,1273
8,1269,1282
8,1270,1272
8,1278,1271
8,1275,1277
8,1276,1283
8,1288,1284
8,1285,1289
8,1292,1286
8,1287,1323
8,1302,1290
8,1291,1318
8,1293,1299
8,1295,1294
8,1297,1296
8,1300,1298
8,1310,1301
8,1303,1304
8,1305,1307
8,1306,1311
8,1313,1308
8,1320,1309
8,1312,1315
8,1322,1314
8,1316,1319
8,1317,1321
8,1324,1355
8,1334,1325
8,1362,1326
8,1340,1327
8,1328,1332
8,1331,1329
8,1330,1339
8,1363,1333
8,1375,1335
8,1365,1336
8,1345,1337
8,1343,1338
8,1341,1368
8,1352,1342
8,1344,1350
8,1371,1346
8,1347,1349
8,1353,1348
8,1356,1351
8,1354,1372
8,1357,1361
8,1373,1358
8,1359,1370
8,1360,1364
8,1374,1366
8,1367,1369
8,1376,1379
8,1377,1381
8,1378,1396
8,1380,1389
8,1382,1391
8,1383,1399
8,1385,1384
8,1398,1386
8,1387,1394
8,1388,1392
8,1395,1390
8,1397,1393
8,1400,1402
8,1401,1409
8,1403,1411
8,1406,1404
8,1427,1405
8,1407,1408
8,1423,1410
8,1432,1412
8,1430,1413
8,1414,1424
8,1425,1415
8,1416,1428
8,1417,1422
8,1420,1418
8,1419,1431
8,1429,1421
8,1426,1433
8,1434,1468
8,1442,1435
8,1460,1436
8,1437,1457
8,1438,1440
8,1463,1439
8,1449,1441
8,1464,1443
8,1444,1452
8,1466,1445
8,1446,1456
8,1454,1447
8,1472,1448
8,1450,1453
8,1470,1451
8,1459,1455
8,1462,1458
8,1465,1461
8,1467,1473
8,1471,1469
9,1,0
9,6,2
9,4,3
9,7,5
9,8,11
9,10,9
9,12,13
9,14,15
9,22,16
9,17,18
9,21,19
9,20,92
9,85,23
9,24,25
9,26,84
9,27,52
9,28,30
9,42,29
9,62,31
9,32,44
9,46,33
9,48,34
9,35,57
9,56,36
9,37,50
9,38,49
9,39,54
9,40,41
9,43,53
9,47,45
9,55,51
9,58,59
9,88,60
9,61,95
9,66,63
9,64,79
9,78,65
9,67,93
9,94,68
9,69,83
9,91,70
9,71,77
9,73,72
9,75,74
9,76,89
9,81,80
9,82,90
9,86,87
9,96,135
9,116,97
9,98,104
9,100,99
9,101,186
9,102,114
9,103,159
9,119,105
9,139,106
9,107,160
9,108,161
9,118,109
9,110,125
9,111,112
9,137,113
9,163,115
9,132,117
9,120,172
9,121,124
9,128,122
9,179,123
9,126,138
9,127,133
9,183,129
9,130,190
9,134,131
9,136,162
9,140,151
9,150,141
9,149,142
9,143,177
9,178,144
9,165,145
9,146,180
9,185,147
9,148,187
9,152,174
9,153,173
9,154,181
9,155,191
9,156,158
9,176,157
9,171,164
9,168,166
9,182,167
9,169,170
9,175,184
9,188,189
9,192,195
9,193,202
9,194,199
9,200,196
9,198,197
9,203,201
9,204,259
9,226,205
9,208,206
9,210,207
9,209,233
9,216,211
9,212,223
9,213,225
9,214,224
9,215,222
9,218,217
9,219,232
9,220,230
9,228,221
9,227,231
9,229,254
9,234,246
9,245,235
9,236,257
9,237,252
9,250,238
9,262,239
9,256,240
9,241,249
9,242,248
9,243,260
9,244,251
9,255,247
9,258,253
9,263,261
9,264,315
9,316,265
9,266,300
9,267,319
9,284,268
9,269,271
9,270,280
9,272,309
9,273,285
9,283,274
9,282,275
9,276,302
9,281,277
9,286,278
9,287,279
9,288,317
9,310,289
9,290,313
9,299,291
9,304,292
9,293,314
9,294,306
9,295,296
9,301,297
9,298,303
9,311,305
9,307,312
9,320,308
9,318,321
9,322,327
9,323,329
9,328,324
9,332,325
9,331,326
9,340,330
9,333,334
9,336,335
9,339,337
9,342,338
9,341,343
9,351,344
9,381,345
9,380,346
9,417,347
9,374,348
9,349,411
9,355,350
9,413,352
9,414,353
9,384,354
9,362,356
9,375,357
9,358,359
9,363,360
9,365,361
9,376,364
9,366,379
9,377,367
9,385,368
9,382,369
9,371,370
9,373,372
9,378,387
9,383,388
9,386,389
9,390,416
9,391,418
9,424,392
9,393,404
9,394,406
9,395,422
9,396,423
9,397,398
9,409,399
9,400,402
9,401,403
9,405,415
9,410,407
9,408,420
9,421,412
9,419,425
9,426,434
9,427,511
9,444,428
9,454,429
9,430,459
9,524,431
9,446,432
9,441,433
9,435,490
9,436,442
9,437,438
9,439,458
9,455,440
9,465,443
9,476,445
9,447,456
9,463,448
9,449,499
9,450,488
9,451,510
9,462,452
9,453,478
9,461,457
9,460,464
9,466,512
9,474,467
9,468,504
9,469,506
9,470,494
9,471,477
9,514,472
9,475,473
9,479,495
9,496,480
9,481,502
9,482,517
9,483,493
9,492,484
9,507,485
9,518,486
9,523,487
9,489,521
9,491,501
9,520,497
9,500,498
9,503,505
9,508,509
9,516,513
9,515,525
9,522,519
9,528,526
9,527,530
9,529,538
9,536,531
9,541,532
9,533,542
9,534,539
9,535,543
9,537,540
9,544,554
9,550,545
9,546,547
9,548,562
9,568,549
9,551,571
9,552,557
9,561,553
9,555,566
9,556,563
9,558,560
9,565,559
9,569,564
9,567,570
9,591,572
9,573,583
9,587,574
9,597,575
9,577,576
9,594,578
9,579,598
9,599,580
9,595,581
9,589,582
9,592,584
9,585,586
9,588,590
9,593,596
9,601,600
9,603,602
9,621,604
9,615,605
9,606,640
9,607,612
9,608,618
9,609,616
9,610,642
9,632,611
9,613,614
9,617,635
9,633,619
9,620,631
9,637,622
9,623,634
9,643,624
9,647,625
9,654,626
9,650,627
9,638,628
9,629,651
9,630,645
9,641,636
9,649,639
9,644,646
9,648,652
9,655,653
9,667,656
9,657,665
9,658,666
9,668,659
9,660,661
9,662,672
9,673,663
9,671,664
9,669,670
9,711,674
9,682,675
9,676,703
9,694,677
9,696,678
9,690,679
9,680,701
9,707,681
9,695,683
9,684,699
9,685,700
9,686,688
9,726,687
9,689,692
9,691,719
9,705,693
9,697,702
9,698,708
9,706,704
9,724,709
9,710,720
9,716,712
9,713,718
9,714,722
9,715,728
9,717,725
9,727,721
9,723,729
9,730,753
9,787,731
9,765,732
9,733,782
9,748,734
9,743,735
9,736,741
9,779,737
9,738,749
9,773,739
9,756,740
9,746,742
9,778,744
9,745,781
9,776,747
9,750,769
9,751,768
9,772,752
9,754,780
9,777,755
9,775,757
9,761,758
9,786,759
9,760,764
9,766,762
9,763,788
9,785,767
9,770,771
9,783,774
9,789,784
9,793,790
9,803,791
9,792,794
9,797,795
9,802,796
9,798,799
9,800,801
9,804,812
9,830,805
9,806,809
9,817,807
9,808,839
9,810,811
9,815,813
9,814,816
9,818,821
9,820,819
9,827,822
9,823,836
9,824,825
9,826,828
9,834,829
9,831,833
9,832,838
9,837,835
9,840,847
9,854,841
9,866,842
9,843,853
9,871,844
9,845,855
9,846,865
9,848,874
9,852,849
9,867,850
9,851,856
9,859,857
9,860,858
9,861,863
9,862,870
9,864,869
9,873,868
9,875,872
9,892,876
9,877,879
9,893,878
9,880,899
9,881,883
9,884,882
9,888,885
9,887,886
9,891,889
9,896,890
9,894,895
9,898,897
9,927,900
9,901,931
9,902,944
9,913,903
9,904,915
9,919,905
9,906,908
9,921,907
9,909,925
9,910,928
9,911,932
9,912,923
9,914,929
9,916,922
9,943,917
9,935,918
9,920,924
9,926,941
9,930,949
9,933,934
9,936,946
9,948,937
9,939,938
9,945,940
9,947,942
9,954,950
9,951,952
9,965,953
9,955,956
9,966,957
9,964,958
9,959,984
9,960,963
9,986,961
9,970,962
9,967,977
9,968,991
9,974,969
9,971,978
9,972,979
9,973,982
9,975,983
9,976,997
9,980,994
9,989,981
9,985,996
9,993,987
9,995,988
9,998,990
9,999,992
9,1000,1013
9,1010,1001
9,1012,1002
9,1008,1003
9,1004,1005
9,1009,1006
9,1007,1011
9,1046,1014
9,1015,1016
9,1017,1026
9,1041,1018
9,1019,1049
9,1020,1021
9,1022,1024
9,1023,1027
9,1025,1043
9,1048,1028
9,1032,1029
9,1047,1030
9,1031,1034
9,1033,1045
9,1037,1035
9,1036,1042
9,1044,1038
9,1040,1039
9,1050,1057
9,1051,1054
9,1076,1052
9,1086,1053
9,1055,1062
9,1056,1078
9,1058,1063
9,1061,1059
9,1083,1060
9,1081,1064
9,1079,1065
9,1066,1073
9,1088,1067
9,1068,1087
9,1075,1069
9,1080,1070
9,1071,1074
9,1072,1085
9,1077,1089
9,1082,1084
9,1090,1091
9,1092,1109
9,1099,1093
9,1096,1094
9,1103,1095
9,1098,1097
9,1108,1100
9,1102,1101
9,1112,1104
9,1105,1107
9,1113,1106
9,1110,1111
9,1122,1114
9,1131,1115
9,1116,1141
9,1133,1117
9,1132,1118
9,1123,1119
9,1120,1144
9,1135,1121
9,1128,1124
9,1125,1126
9,1134,1127
9,1129,1143
9,1142,1130
9,1136,1145
9,1149,1137
9,1138,1148
9,1140,1139
9,1146,1147
9,1150,1165
9,1154,1151
9,1191,1152
9,1153,1179
9,1155,1156
9,1162,1157
9,1158,1172
9,1169,1159
9,1160,1183
9,1166,1161
9,1163,1189
9,1170,1164
9,1185,1167
9,1168,1186
9,1171,1175
9,1173,1184
9,1180,1174
9,1176,1188
9,1177,1193
9,1178,1182
9,1181,1195
9,1187,1192
9,1194,1190
9,1210,1196
9,1197,1207
9,1198,1201
9,1199,1206
9,1200,1208
9,1203,1202
9,1209,1204
9,1205,1211
9,1212,1222
9,1219,1213
9,1214,1217
9,1216,1215
9,1230,1218
9,1229,1220
9,1221,1223
9,1224,1226
9,1225,1228
9,1231,1227
9,1243,1232
9,1233,1246
9,1234,1240
9,1238,1235
9,1236,1255
9,1237,1239
9,1259,1241
9,1250,1242
9,1247,1244
9,1254,1245
9,1248,1252
9,1256,1249
9,1251,1257
9,1258,1253
9,1260,1275
9,1262,1261
9,1273,1263
9,1282,1264
9,1267,1265
9,1280,1266
9,1268,1272
9,1283,1269
9,1281,1270
9,1271,1274
9,1277,1276
9,1279,1278
9,1284,1296
9,1285,1316
9,1286,1297
9,1320,1287
9,1291,1288
9,1289,1293
9,1290,1312
9,1292,1303
9,1302,1294
9,1298,1295
9,1299,1300
9,1301,1317
9,1304,1322
9,1305,1318
9,1315,1306
9,1307,1308
9,1309,1313
9,1311,1310
9,1314,1323
9,1319,1321
9,1346,1324
9,1325,1331
9,1326,1348
9,1327,1330
9,1328,1341
9,1329,1357
9,1332,1334
9,1333,1365
9,1335,1363
9,1339,1336
9,1337,1343
9,1338,1344
9,1358,1340
9,1342,1359
9,1352,1345
9,1366,1347
9,1353,1349
9,1369,1350
9,1371,1351
9,1354,1356
9,1355,1362
9,1360,1361
9,1364,1368
9,1374,1367
9,1370,1375
9,1372,1373
9,1381,1376
9,1377,1397
9,1399,1378
9,1380,1379
9,1382,1383
9,1384,1387
9,1385,1388
9,1390,1386
9,1389,1392
9,1391,1393
9,1394,1398
9,1396,1395
9,1400,1429
9,1410,1401
9,1418,1402
9,1403,1404
9,1405,1406
9,1411,1407
9,1408,1415
9,1409,1421
9,1412,1414
9,1424,1413
9,1416,1433
9,1430,1417
9,1425,1419
9,1422,1420
9,1426,1423
9,1428,1427
9,1431,1432
9,1449,1434
9,1435,1443
9,1436,1437
9,1442,1438
9,1439,1461
9,1440,1464
9,1441,1444
9,1445,1471
9,1447,1446
9,1448,1467
9,1450,1472
9,1456,1451
9,1469,1452
9,1457,1453
9,1465,1454
9,1455,1462
9,1458,1473
9,1459,1463
9,1468,1460
9,1466,1470
