5003,Heuristic,i04,1
Time,Value 
7230,184096
7200,184107
7170,184113
7140,184133
7110,184133
7080,184139
7050,184146
7020,184146
6990,184207
6960,184207
6930,184208
6900,184219
6870,184256
6840,184261
6810,184261
6780,184264
6750,184271
6720,184275
6690,184281
6660,184288
6630,184291
6600,184315
6570,184320
6540,184327
6510,184332
6480,184337
6450,184359
6420,184373
6390,184373
6360,184378
6330,184385
6300,184405
6270,184410
6240,184410
6210,184411
6180,184421
6150,184428
6120,184428
6090,184446
6060,184473
6030,184479
6000,184479
5970,184493
5940,184494
5910,184494
5880,184499
5850,184530
5820,184540
5790,184553
5760,184554
5730,184554
5700,184570
5670,184592
5640,184610
5610,184612
5580,184616
5550,184619
5520,184630
5490,184647
5460,184700
5430,184707
5400,184709
5370,184709
5340,184755
5310,184758
5280,184814
5250,184829
5220,184860
5190,184874
5160,184876
5130,184876
5100,184885
5070,184885
5040,184888
5010,184903
4980,184913
4950,184936
4920,184943
4890,184960
4860,184983
4830,185020
4800,185020
4770,185145
4740,185151
4710,185158
4680,185162
4650,185178
4620,185178
4590,185222
4560,185226
4530,185226
4500,185240
4470,185242
4440,185267
4410,185304
4380,185308
4350,185316
4320,185324
4290,185341
4260,185343
4230,185349
4200,185350
4170,185367
4140,185384
4110,185403
4080,185407
4050,185418
4020,185429
3990,185433
3960,185438
3930,185457
3900,185464
3870,185472
3840,185479
3810,185479
1740,187831
1710,187876
1680,187923
1650,187988
1620,187994
1590,188050
1560,188144
1530,188157
1500,188318
1470,188376
1440,188452
1410,188485
1380,188529
1350,188650
1320,188651
1290,188682
1260,188703
1230,188777
1200,188861
1170,188921
1140,188936
1110,188950
1080,188988
1050,189024
1020,189151
990,189173
960,189210
930,189247
900,189273
870,189324
360,190409
330,190418
300,190515
270,190544
240,190555
210,190582
180,190647
150,190666
120,190712
90,190713
60,190771
30,190786
0,190858
390,190373
420,190282
450,190214
480,190143
510,190136
540,189972
570,189906
600,189866
630,189826
660,189786
690,189773
720,189724
750,189703
780,189570
810,189519
840,189489
1770,187813
1800,187741
1830,187725
1860,187681
1890,187656
1920,187626
1950,187608
1980,187588
2010,187489
2040,187440
2070,187418
2100,187359
2130,187301
2160,187236
2190,187228
2220,187205
2250,187133
2280,187080
2310,187025
2340,186976
2370,186954
2400,186949
2430,186850
2460,186844
2490,186809
2520,186736
2550,186735
2580,186688
2610,186662
2640,186624
2670,186618
2700,186608
2730,186572
2760,186539
2790,186513
2820,186495
2850,186474
2880,186456
2910,186380
2940,186368
2970,186354
3000,186345
3030,186314
3060,186284
3090,186239
3120,186186
3150,186168
3180,186167
3210,186153
3240,186111
3270,186083
3300,186081
3330,186029
3360,185851
3390,185848
3420,185827
3450,185800
3480,185765
3510,185759
3540,185701
3570,185690
3600,185644
3630,185640
3660,185629
3690,185622
3720,185555
3750,185491
3780,185485
Final, 184096,7231

Round,H_team,A_team 
0,0,4
0,2,1
0,7,3
0,9,5
0,8,6
0,10,20
0,21,11
0,12,19
0,14,13
0,17,15
0,24,16
0,22,18
0,25,23
0,32,26
0,27,29
0,30,28
0,36,31
0,33,34
0,37,35
0,39,38
0,54,40
0,41,43
0,52,42
0,44,46
0,56,45
0,47,53
0,51,48
0,61,49
0,50,65
0,68,55
0,57,64
0,58,66
0,59,60
0,70,62
0,71,63
0,67,69
0,80,72
0,73,109
0,81,74
0,79,75
0,85,76
0,77,90
0,125,78
0,82,83
0,84,95
0,94,86
0,87,100
0,99,88
0,91,89
0,93,92
0,103,96
0,102,97
0,98,101
0,104,105
0,122,106
0,107,140
0,108,147
0,111,110
0,112,144
0,124,113
0,114,121
0,115,142
0,138,116
0,117,139
0,145,118
0,119,146
0,120,137
0,135,123
0,149,126
0,127,133
0,136,128
0,131,129
0,130,132
0,148,134
0,141,143
0,151,150
0,203,152
0,153,170
0,167,154
0,172,155
0,156,180
0,234,157
0,168,158
0,159,196
0,160,236
0,163,161
0,162,235
0,189,164
0,165,187
0,217,166
0,218,169
0,171,176
0,229,173
0,174,223
0,175,178
0,185,177
0,205,179
0,181,213
0,182,194
0,186,183
0,206,184
0,224,188
0,219,190
0,191,204
0,230,192
0,232,193
0,221,195
0,197,237
0,198,202
0,209,199
0,201,200
0,212,207
0,208,225
0,210,216
0,226,211
0,215,214
0,220,227
0,231,222
0,228,233
0,238,241
0,242,239
0,253,240
0,243,248
0,252,244
0,245,250
0,246,249
0,247,251
0,254,265
0,255,261
0,287,256
0,257,262
0,258,264
0,259,263
0,267,260
0,266,268
0,269,270
0,271,288
0,273,272
0,290,274
0,279,275
0,277,276
0,278,291
0,280,296
0,281,292
0,294,282
0,299,283
0,295,284
0,285,297
0,286,289
0,293,298
0,332,300
0,301,331
0,310,302
0,303,309
0,304,341
0,305,307
0,306,335
0,308,330
0,318,311
0,317,312
0,313,319
0,334,314
0,315,337
0,316,324
0,320,340
0,321,333
0,322,342
0,338,323
0,346,325
0,329,326
0,327,328
0,336,344
0,339,347
0,345,343
0,348,353
0,350,349
0,351,352
0,355,354
0,362,356
0,357,372
0,358,381
0,363,359
0,361,360
0,364,365
0,367,366
0,379,368
0,369,373
0,370,385
0,371,376
0,374,377
0,375,378
0,386,380
0,382,383
0,387,384
0,388,425
0,443,389
0,390,420
0,391,406
0,394,392
0,393,400
0,395,449
0,413,396
0,398,397
0,399,411
0,401,410
0,403,402
0,404,427
0,405,447
0,407,418
0,408,416
0,409,424
0,426,412
0,414,423
0,421,415
0,417,450
0,419,422
0,453,428
0,437,429
0,441,430
0,458,431
0,432,457
0,433,461
0,434,436
0,435,446
0,438,442
0,439,460
0,463,440
0,444,448
0,462,445
0,451,452
0,454,456
0,455,465
0,464,459
0,466,479
0,467,483
0,468,480
0,504,469
0,484,470
0,471,540
0,541,472
0,542,473
0,492,474
0,475,482
0,488,476
0,478,477
0,494,481
0,519,485
0,486,524
0,487,497
0,489,503
0,522,490
0,523,491
0,493,499
0,495,515
0,521,496
0,498,525
0,500,533
0,501,517
0,546,502
0,507,505
0,506,538
0,528,508
0,534,509
0,510,511
0,512,518
0,520,513
0,514,545
0,527,516
0,543,526
0,529,530
0,531,536
0,544,532
0,535,547
0,537,539
0,565,548
0,549,564
0,550,570
0,551,566
0,554,552
0,553,556
0,573,555
0,567,557
0,569,558
0,559,571
0,560,561
0,563,562
0,568,572
0,574,575
0,576,609
0,581,577
0,578,589
0,611,579
0,580,590
0,582,583
0,584,585
0,586,620
0,596,587
0,588,612
0,591,614
0,595,592
0,593,594
0,600,597
0,607,598
0,599,622
0,603,601
0,602,621
0,604,623
0,605,615
0,616,606
0,608,610
0,619,613
0,618,617
0,624,640
0,625,626
0,643,627
0,628,629
0,676,630
0,631,657
0,632,638
0,659,633
0,646,634
0,635,645
0,636,641
0,637,639
0,652,642
0,644,663
0,650,647
0,679,648
0,677,649
0,651,674
0,656,653
0,658,654
0,673,655
0,671,660
0,662,661
0,664,666
0,665,669
0,672,667
0,675,668
0,670,678
1,6,0
1,1,7
1,2,5
1,3,9
1,4,24
1,8,15
1,19,10
1,20,11
1,14,12
1,13,22
1,16,17
1,18,25
1,23,21
1,26,27
1,28,34
1,35,29
1,33,30
1,31,32
1,36,37
1,38,71
1,43,39
1,40,55
1,46,41
1,42,51
1,48,44
1,45,47
1,66,49
1,62,50
1,52,53
1,54,58
1,68,56
1,63,57
1,70,59
1,60,61
1,64,69
1,65,67
1,118,72
1,111,73
1,74,120
1,75,128
1,76,80
1,85,77
1,78,87
1,79,81
1,84,82
1,131,83
1,93,86
1,88,103
1,89,90
1,105,91
1,92,130
1,132,94
1,95,98
1,96,101
1,97,104
1,100,99
1,102,125
1,106,136
1,107,148
1,116,108
1,109,134
1,146,110
1,113,112
1,142,114
1,115,123
1,117,149
1,122,119
1,133,121
1,141,124
1,126,137
1,127,135
1,147,129
1,143,138
1,139,140
1,144,145
1,194,150
1,214,151
1,152,212
1,161,153
1,154,176
1,155,159
1,179,156
1,157,231
1,158,172
1,235,160
1,236,162
1,173,163
1,180,164
1,190,165
1,166,224
1,169,167
1,168,171
1,170,217
1,174,181
1,188,175
1,177,203
1,178,215
1,182,183
1,184,191
1,186,185
1,187,213
1,228,189
1,199,192
1,193,210
1,195,233
1,196,221
1,200,197
1,198,209
1,220,201
1,202,230
1,204,234
1,205,232
1,207,206
1,211,208
1,222,216
1,223,218
1,227,219
1,225,226
1,229,237
1,242,238
1,239,249
1,241,240
1,251,243
1,244,245
1,252,246
1,250,247
1,248,253
1,282,254
1,255,267
1,256,258
1,266,257
1,270,259
1,260,262
1,261,263
1,264,269
1,273,265
1,268,274
1,272,271
1,296,275
1,276,278
1,279,277
1,289,280
1,291,281
1,283,293
1,297,284
1,295,285
1,294,286
1,288,287
1,298,290
1,299,292
1,300,342
1,301,346
1,305,302
1,320,303
1,304,353
1,314,306
1,307,310
1,316,308
1,309,334
1,315,311
1,319,312
1,333,313
1,331,317
1,322,318
1,330,321
1,323,339
1,324,332
1,325,338
1,326,349
1,340,327
1,344,328
1,350,329
1,335,337
1,343,336
1,341,352
1,351,345
1,347,348
1,354,370
1,374,355
1,384,356
1,357,371
1,363,358
1,359,364
1,360,367
1,361,362
1,368,365
1,381,366
1,369,382
1,372,387
1,383,373
1,376,375
1,377,385
1,378,386
1,379,380
1,461,388
1,411,389
1,393,390
1,427,391
1,392,395
1,420,394
1,396,414
1,413,397
1,415,398
1,409,399
1,400,444
1,401,423
1,402,406
1,403,408
1,417,404
1,407,405
1,422,410
1,451,412
1,416,450
1,452,418
1,447,419
1,424,421
1,456,425
1,457,426
1,446,428
1,429,431
1,430,463
1,464,432
1,436,433
1,434,435
1,458,437
1,459,438
1,443,439
1,440,465
1,442,441
1,445,448
1,449,462
1,460,453
1,454,455
1,495,466
1,481,467
1,468,546
1,491,469
1,470,542
1,471,483
1,482,472
1,473,541
1,474,490
1,479,475
1,476,521
1,477,523
1,503,478
1,488,480
1,485,484
1,498,486
1,487,492
1,489,532
1,524,493
1,522,494
1,496,497
1,499,529
1,500,511
1,528,501
1,502,512
1,518,504
1,545,505
1,509,506
1,526,507
1,508,535
1,510,543
1,513,514
1,537,515
1,539,516
1,517,520
1,540,519
1,525,544
1,527,536
1,538,530
1,547,531
1,533,534
1,548,573
1,549,565
1,567,550
1,556,551
1,558,552
1,557,553
1,566,554
1,568,555
1,559,560
1,570,561
1,562,569
1,564,563
1,571,572
1,620,574
1,575,596
1,611,576
1,577,588
1,584,578
1,579,580
1,582,581
1,583,612
1,585,589
1,592,586
1,597,587
1,594,590
1,591,599
1,593,595
1,598,616
1,622,600
1,601,618
1,617,602
1,613,603
1,619,604
1,605,608
1,606,621
1,607,610
1,614,609
1,615,623
1,654,624
1,625,635
1,641,626
1,627,631
1,657,628
1,629,643
1,630,636
1,645,632
1,633,638
1,634,639
1,637,646
1,640,663
1,642,671
1,644,659
1,667,647
1,678,648
1,649,666
1,660,650
1,651,672
1,652,673
1,653,658
1,655,665
1,668,656
1,664,661
1,669,662
1,670,679
1,674,676
1,677,675
2,0,8
2,5,1
2,9,2
2,3,17
2,7,4
2,15,6
2,10,12
2,11,16
2,18,13
2,23,14
2,22,19
2,21,20
2,25,24
2,37,26
2,27,32
2,29,28
2,30,31
2,35,33
2,34,36
2,45,38
2,39,44
2,53,40
2,41,52
2,47,42
2,43,48
2,51,46
2,49,67
2,66,50
2,55,54
2,56,65
2,57,70
2,58,62
2,59,63
2,69,60
2,64,61
2,71,68
2,72,100
2,73,115
2,74,79
2,75,97
2,76,105
2,94,77
2,78,88
2,80,102
2,81,87
2,82,131
2,83,85
2,86,84
2,89,99
2,90,103
2,104,91
2,136,92
2,130,93
2,101,95
2,98,96
2,106,127
2,108,107
2,109,143
2,110,144
2,135,111
2,121,112
2,113,119
2,114,122
2,116,147
2,148,117
2,124,118
2,128,120
2,123,133
2,125,132
2,129,126
2,134,139
2,137,149
2,138,142
2,140,141
2,146,145
2,150,184
2,183,151
2,152,214
2,166,153
2,169,154
2,160,155
2,156,171
2,157,158
2,159,162
2,173,161
2,163,172
2,164,174
2,189,165
2,167,217
2,176,168
2,218,170
2,213,175
2,177,227
2,187,178
2,206,179
2,180,215
2,188,181
2,185,182
2,212,186
2,224,190
2,191,225
2,192,200
2,222,193
2,194,228
2,209,195
2,235,196
2,197,230
2,226,198
2,208,199
2,219,201
2,202,229
2,207,203
2,231,204
2,210,205
2,211,232
2,216,234
2,233,220
2,223,221
2,237,236
2,253,238
2,239,246
2,240,245
2,241,251
2,244,242
2,243,247
2,248,250
2,249,252
2,257,254
2,274,255
2,256,259
2,258,269
2,268,260
2,261,267
2,262,288
2,263,273
2,265,264
2,272,266
2,271,270
2,275,297
2,290,276
2,298,277
2,278,285
2,284,279
2,293,280
2,281,294
2,292,282
2,286,283
2,287,295
2,289,299
2,291,296
2,300,320
2,348,301
2,302,309
2,303,307
2,342,304
2,314,305
2,306,310
2,308,322
2,311,313
2,312,335
2,331,315
2,330,316
2,337,317
2,321,318
2,349,319
2,353,323
2,324,325
2,339,326
2,327,343
2,328,350
2,329,341
2,346,332
2,334,333
2,336,345
2,347,338
2,352,340
2,344,351
2,362,354
2,356,355
2,384,357
2,365,358
2,380,359
2,366,360
2,364,361
2,368,363
2,367,381
2,370,369
2,372,371
2,373,374
2,385,375
2,378,376
2,382,377
2,386,379
2,387,383
2,388,436
2,389,398
2,462,390
2,425,391
2,399,392
2,445,393
2,394,400
2,395,447
2,396,422
2,397,424
2,411,401
2,405,402
2,418,403
2,404,452
2,406,414
2,415,407
2,408,413
2,410,409
2,412,456
2,427,416
2,426,417
2,419,451
2,444,420
2,423,421
2,428,435
2,429,458
2,432,430
2,431,438
2,460,433
2,439,434
2,437,464
2,455,440
2,463,441
2,442,459
2,461,443
2,453,446
2,448,457
2,450,449
2,465,454
2,466,475
2,467,484
2,520,468
2,469,488
2,481,470
2,472,471
2,473,485
2,478,474
2,480,476
2,490,477
2,479,482
2,483,542
2,486,496
2,491,487
2,504,489
2,492,524
2,494,493
2,536,495
2,497,522
2,530,498
2,545,499
2,534,500
2,501,513
2,502,528
2,532,503
2,505,525
2,506,510
2,514,507
2,508,526
2,519,509
2,511,544
2,512,539
2,515,547
2,516,531
2,517,527
2,535,518
2,521,523
2,529,538
2,533,543
2,546,537
2,540,541
2,548,564
2,551,549
2,553,550
2,552,566
2,554,558
2,555,567
2,556,557
2,569,559
2,560,571
2,561,568
2,562,570
2,563,565
2,572,573
2,595,574
2,581,575
2,576,591
2,583,577
2,578,580
2,590,579
2,587,582
2,586,584
2,585,594
2,588,597
2,589,593
2,612,592
2,609,596
2,615,598
2,599,605
2,616,600
2,613,601
2,602,606
2,603,620
2,614,604
2,623,607
2,608,622
2,610,611
2,617,619
2,621,618
2,624,641
2,647,625
2,626,636
2,627,628
2,674,629
2,630,644
2,631,637
2,632,640
2,633,645
2,659,634
2,648,635
2,638,646
2,639,642
2,643,657
2,658,649
2,650,652
2,655,651
2,653,668
2,654,665
2,656,675
2,676,660
2,661,677
2,662,664
2,663,670
2,666,669
2,679,667
2,671,673
2,678,672
3,5,0
3,1,9
3,2,3
3,16,4
3,24,6
3,8,7
3,10,18
3,17,11
3,12,21
3,20,13
3,14,22
3,15,23
3,19,25
3,26,30
3,37,27
3,28,31
3,36,29
3,32,33
3,34,35
3,52,38
3,39,51
3,49,40
3,48,41
3,42,45
3,46,43
3,44,47
3,50,55
3,53,56
3,68,54
3,69,57
3,65,58
3,61,59
3,60,64
3,62,66
3,63,70
3,67,71
3,87,72
3,100,73
3,128,74
3,88,75
3,90,76
3,77,89
3,79,78
3,99,80
3,147,81
3,130,82
3,83,94
3,91,84
3,85,93
3,92,86
3,95,96
3,97,125
3,103,98
3,101,104
3,105,102
3,115,106
3,107,134
3,126,108
3,139,109
3,123,110
3,111,146
3,112,135
3,145,113
3,114,124
3,117,116
3,118,122
3,119,121
3,120,129
3,127,144
3,131,132
3,133,143
3,136,137
3,138,148
3,149,140
3,142,141
3,171,150
3,151,194
3,184,152
3,153,155
3,154,168
3,156,157
3,179,158
3,159,229
3,196,160
3,161,235
3,162,173
3,236,163
3,165,164
3,172,166
3,176,167
3,170,169
3,174,224
3,175,187
3,228,177
3,178,180
3,181,223
3,203,182
3,225,183
3,185,212
3,186,207
3,215,188
3,189,190
3,191,226
3,198,192
3,193,206
3,195,227
3,197,199
3,230,200
3,201,202
3,204,216
3,205,211
3,210,208
3,237,209
3,214,213
3,217,218
3,233,219
3,221,220
3,232,222
3,234,231
3,238,250
3,247,239
3,246,240
3,245,241
3,242,243
3,249,244
3,251,248
3,252,253
3,254,281
3,255,263
3,265,256
3,257,268
3,258,272
3,259,264
3,260,261
3,267,262
3,270,266
3,269,288
3,273,271
3,274,287
3,299,275
3,276,284
3,277,290
3,297,278
3,279,295
3,280,283
3,282,289
3,285,291
3,293,286
3,294,292
3,296,298
3,313,300
3,301,315
3,302,307
3,310,303
3,304,309
3,305,349
3,333,306
3,317,308
3,311,334
3,312,337
3,335,314
3,316,322
3,318,330
3,320,319
3,321,331
3,323,347
3,338,324
3,325,339
3,326,344
3,327,336
3,328,329
3,332,348
3,340,342
3,341,351
3,343,350
3,345,352
3,346,353
3,354,356
3,355,370
3,357,360
3,358,364
3,359,365
3,381,361
3,363,362
3,366,368
3,380,367
3,369,384
3,371,378
3,379,372
3,373,382
3,374,385
3,375,387
3,376,386
3,383,377
3,443,388
3,409,389
3,390,445
3,391,418
3,392,400
3,399,393
3,395,394
3,397,396
3,398,422
3,419,401
3,402,426
3,403,407
3,416,404
3,417,405
3,406,415
3,450,408
3,421,410
3,423,411
3,412,432
3,414,413
3,420,431
3,447,424
3,457,425
3,456,427
3,428,460
3,438,429
3,430,458
3,433,434
3,435,453
3,436,461
3,437,463
3,446,439
3,441,440
3,455,442
3,462,444
3,451,448
3,452,449
3,459,454
3,464,465
3,467,466
3,488,468
3,503,469
3,470,540
3,485,471
3,475,472
3,484,473
3,474,487
3,476,496
3,522,477
3,478,491
3,524,479
3,480,521
3,482,481
3,541,483
3,490,486
3,518,489
3,498,492
3,493,545
3,497,494
3,537,495
3,499,532
3,500,508
3,501,514
3,536,502
3,523,504
3,530,505
3,542,506
3,507,535
3,509,538
3,510,533
3,525,511
3,547,512
3,528,513
3,516,515
3,531,517
3,543,519
3,539,520
3,526,534
3,527,546
3,544,529
3,549,548
3,550,552
3,554,551
3,566,553
3,555,556
3,565,557
3,573,558
3,559,562
3,568,560
3,572,561
3,570,563
3,564,571
3,567,569
3,574,585
3,575,603
3,589,576
3,596,577
3,578,591
3,579,586
3,580,609
3,581,612
3,582,588
3,587,583
3,592,584
3,593,590
3,594,595
3,597,611
3,598,614
3,599,607
3,600,615
3,601,602
3,604,608
3,622,605
3,606,613
3,623,610
3,619,616
3,621,617
3,618,620
3,632,624
3,625,654
3,670,626
3,657,627
3,628,676
3,629,631
3,663,630
3,646,633
3,645,634
3,635,647
3,636,640
3,637,659
3,638,639
3,641,649
3,642,674
3,651,643
3,648,644
3,673,650
3,660,652
3,661,653
3,679,655
3,656,677
3,669,658
3,665,662
3,664,668
3,675,666
3,667,678
3,672,671
4,0,7
4,4,1
4,6,2
4,3,5
4,8,9
4,21,10
4,11,23
4,18,12
4,13,19
4,20,14
4,16,15
4,24,17
4,25,22
4,36,26
4,35,27
4,33,28
4,29,32
4,30,37
4,31,34
4,38,42
4,41,39
4,40,58
4,43,68
4,55,44
4,45,46
4,54,47
4,48,53
4,50,49
4,51,52
4,56,62
4,57,67
4,64,59
4,60,71
4,61,63
4,66,65
4,70,69
4,144,72
4,73,136
4,78,74
4,75,81
4,91,76
4,77,99
4,95,79
4,87,80
4,86,82
4,89,83
4,84,125
4,94,85
4,104,88
4,102,90
4,92,131
4,93,120
4,96,97
4,132,98
4,105,100
4,103,101
4,137,106
4,107,116
4,108,142
4,109,115
4,122,110
4,112,111
4,135,113
4,143,114
4,140,117
4,118,119
4,121,123
4,145,124
4,148,126
4,146,127
4,147,128
4,129,130
4,141,133
4,134,138
4,149,139
4,150,178
4,213,151
4,180,152
4,163,153
4,172,154
4,155,162
4,168,156
4,157,176
4,158,171
4,160,159
4,229,161
4,187,164
4,217,165
4,166,169
4,170,167
4,173,235
4,175,174
4,177,186
4,232,179
4,181,215
4,182,184
4,183,212
4,194,185
4,214,188
4,223,189
4,190,233
4,208,191
4,192,202
4,207,193
4,195,197
4,196,236
4,198,225
4,199,230
4,200,237
4,209,201
4,227,203
4,204,226
4,206,205
4,211,210
4,216,231
4,218,224
4,221,219
4,220,228
4,222,234
4,238,245
4,239,243
4,240,242
4,241,252
4,244,247
4,248,246
4,250,249
4,251,253
4,254,255
4,256,263
4,273,257
4,271,258
4,269,259
4,260,274
4,288,261
4,262,268
4,264,272
4,270,265
4,266,267
4,275,277
4,297,276
4,284,278
4,285,279
4,291,280
4,282,281
4,283,294
4,292,286
4,287,299
4,289,293
4,296,290
4,295,298
4,300,331
4,330,301
4,350,302
4,353,303
4,320,304
4,309,305
4,337,306
4,307,312
4,314,308
4,349,310
4,335,311
4,342,313
4,315,321
4,319,316
4,333,317
4,318,334
4,322,325
4,332,323
4,324,347
4,336,326
4,329,327
4,352,328
4,344,338
4,339,343
4,351,340
4,341,345
4,348,346
4,354,374
4,385,355
4,356,373
4,370,357
4,358,359
4,360,381
4,361,366
4,362,367
4,363,364
4,365,386
4,384,368
4,377,369
4,382,371
4,376,372
4,383,375
4,378,380
4,387,379
4,456,388
4,389,436
4,390,394
4,391,415
4,393,392
4,452,395
4,398,396
4,421,397
4,449,399
4,400,420
4,401,409
4,402,408
4,414,403
4,404,450
4,418,405
4,413,406
4,407,417
4,410,423
4,422,411
4,425,412
4,416,457
4,424,419
4,426,455
4,427,448
4,433,428
4,442,429
4,430,437
4,431,441
4,459,432
4,434,461
4,439,435
4,458,438
4,440,462
4,453,443
4,445,444
4,460,446
4,451,447
4,454,464
4,465,463
4,466,482
4,470,467
4,468,537
4,469,478
4,471,481
4,472,485
4,483,473
4,491,474
4,475,524
4,476,497
4,477,521
4,479,488
4,522,480
4,519,484
4,486,494
4,487,498
4,489,502
4,504,490
4,493,492
4,495,546
4,496,523
4,499,530
4,525,500
4,547,501
4,513,503
4,529,505
4,540,506
4,507,531
4,533,508
4,543,509
4,538,510
4,511,526
4,520,512
4,514,528
4,515,536
4,517,516
4,518,532
4,527,539
4,534,535
4,541,542
4,545,544
4,560,548
4,557,549
4,550,551
4,552,556
4,553,554
4,561,555
4,558,567
4,564,559
4,571,562
4,563,568
4,565,572
4,570,566
4,569,573
4,603,574
4,575,597
4,576,580
4,577,594
4,585,578
4,609,579
4,590,581
4,595,582
4,583,592
4,584,589
4,586,593
4,612,587
4,611,588
4,591,610
4,602,596
4,598,622
4,615,599
4,600,623
4,601,619
4,607,604
4,605,616
4,617,606
4,614,608
4,618,613
4,620,621
4,675,624
4,640,625
4,659,626
4,627,642
4,643,628
4,629,648
4,630,645
4,639,631
4,636,632
4,633,663
4,634,637
4,644,635
4,657,638
4,641,646
4,647,670
4,649,664
4,650,667
4,652,651
4,653,669
4,654,656
4,655,672
4,668,658
4,660,679
4,665,661
4,677,662
4,666,673
4,674,671
4,676,678
5,9,0
5,1,3
5,2,8
5,4,6
5,7,5
5,13,10
5,12,11
5,19,14
5,15,24
5,25,16
5,23,17
5,21,18
5,22,20
5,26,35
5,27,30
5,28,36
5,34,29
5,31,33
5,32,37
5,38,48
5,53,39
5,40,56
5,51,41
5,42,68
5,45,43
5,44,54
5,46,55
5,47,52
5,58,49
5,67,50
5,59,57
5,62,60
5,70,61
5,69,63
5,65,64
5,71,66
5,72,119
5,106,73
5,74,147
5,96,75
5,76,77
5,128,78
5,97,79
5,80,103
5,81,120
5,82,85
5,86,83
5,84,89
5,88,87
5,90,95
5,100,91
5,132,92
5,129,93
5,131,94
5,98,104
5,99,105
5,102,101
5,139,107
5,108,138
5,136,109
5,110,112
5,144,111
5,113,146
5,114,141
5,133,115
5,116,143
5,126,117
5,123,118
5,121,135
5,124,122
5,125,130
5,127,145
5,134,137
5,140,148
5,142,149
5,186,150
5,151,185
5,152,194
5,153,172
5,155,154
5,167,156
5,179,157
5,158,232
5,161,159
5,160,162
5,235,163
5,164,175
5,165,214
5,166,223
5,169,168
5,176,170
5,171,181
5,236,173
5,218,174
5,212,177
5,188,178
5,180,187
5,182,206
5,183,184
5,219,189
5,220,190
5,191,193
5,192,209
5,200,195
5,237,196
5,197,225
5,230,198
5,199,222
5,201,229
5,202,233
5,228,203
5,211,204
5,234,205
5,208,207
5,231,210
5,215,213
5,226,216
5,224,217
5,227,221
5,246,238
5,240,239
5,241,248
5,253,242
5,243,252
5,250,244
5,245,251
5,247,249
5,268,254
5,255,257
5,256,269
5,258,287
5,259,273
5,288,260
5,261,266
5,263,262
5,267,264
5,265,271
5,272,270
5,280,274
5,295,275
5,276,291
5,277,296
5,278,279
5,281,299
5,286,282
5,298,283
5,284,285
5,292,289
5,290,297
5,294,293
5,300,322
5,347,301
5,304,302
5,303,349
5,306,305
5,307,314
5,308,318
5,309,310
5,311,321
5,312,320
5,313,316
5,317,315
5,319,342
5,323,346
5,339,324
5,325,332
5,326,350
5,345,327
5,328,351
5,352,329
5,331,330
5,337,333
5,334,335
5,353,336
5,338,348
5,340,341
5,343,344
5,368,354
5,355,369
5,357,356
5,380,358
5,359,360
5,379,361
5,366,362
5,365,363
5,364,381
5,367,384
5,377,370
5,371,375
5,372,378
5,373,376
5,374,383
5,385,382
5,386,387
5,388,398
5,435,389
5,444,390
5,408,391
5,392,419
5,394,393
5,400,395
5,396,401
5,411,397
5,399,410
5,427,402
5,403,416
5,406,404
5,405,451
5,447,407
5,409,421
5,428,412
5,413,424
5,415,414
5,418,417
5,462,420
5,423,422
5,436,425
5,445,426
5,429,459
5,465,430
5,440,431
5,432,456
5,443,433
5,446,434
5,442,437
5,438,464
5,453,439
5,441,455
5,448,449
5,450,452
5,457,454
5,463,458
5,461,460
5,466,480
5,471,467
5,468,495
5,477,469
5,472,470
5,473,540
5,521,474
5,494,475
5,481,476
5,492,478
5,496,479
5,482,488
5,483,484
5,485,541
5,486,493
5,489,487
5,490,491
5,497,524
5,498,499
5,505,500
5,535,501
5,502,518
5,503,514
5,513,504
5,506,511
5,516,507
5,508,543
5,509,529
5,510,534
5,512,536
5,515,539
5,517,547
5,542,519
5,546,520
5,523,522
5,530,525
5,526,533
5,537,527
5,531,528
5,532,545
5,538,544
5,548,554
5,549,558
5,557,550
5,551,570
5,553,552
5,555,566
5,556,567
5,559,563
5,562,560
5,561,564
5,573,565
5,571,568
5,572,569
5,621,574
5,577,575
5,579,576
5,609,578
5,580,591
5,587,581
5,582,590
5,588,583
5,584,593
5,592,585
5,594,586
5,589,595
5,596,600
5,610,597
5,605,598
5,604,599
5,620,601
5,613,602
5,603,606
5,614,607
5,608,615
5,612,611
5,616,617
5,619,618
5,623,622
5,624,677
5,625,636
5,626,635
5,627,633
5,631,628
5,642,629
5,647,630
5,632,641
5,634,644
5,637,638
5,639,657
5,640,654
5,671,643
5,646,645
5,648,670
5,649,653
5,679,650
5,673,651
5,672,652
5,655,674
5,662,656
5,658,666
5,659,663
5,678,660
5,661,675
5,664,669
5,668,665
5,667,676
6,0,2
6,15,1
6,3,4
6,5,8
6,6,9
6,24,7
6,10,25
6,11,19
6,20,12
6,17,13
6,14,18
6,23,16
6,22,21
6,26,34
6,27,28
6,29,33
6,32,30
6,37,31
6,35,36
6,68,38
6,39,45
6,52,40
6,41,47
6,42,43
6,56,44
6,48,46
6,49,51
6,50,53
6,54,59
6,55,58
6,60,57
6,61,67
6,69,62
6,63,65
6,64,71
6,66,70
6,72,106
6,77,73
6,74,129
6,78,75
6,89,76
6,79,147
6,88,80
6,81,96
6,82,132
6,83,84
6,85,86
6,101,87
6,105,90
6,99,91
6,120,92
6,93,94
6,95,125
6,98,97
6,137,100
6,104,102
6,103,131
6,138,107
6,139,108
6,109,141
6,110,135
6,111,127
6,112,133
6,113,144
6,115,114
6,142,116
6,117,134
6,146,118
6,119,145
6,124,121
6,122,123
6,128,126
6,130,136
6,143,140
6,149,148
6,150,152
6,184,151
6,153,160
6,154,157
6,173,155
6,156,158
6,159,235
6,161,236
6,162,163
6,164,218
6,165,215
6,176,166
6,167,168
6,169,217
6,172,170
6,171,182
6,174,219
6,175,181
6,190,177
6,178,214
6,179,231
6,213,180
6,185,183
6,189,186
6,187,188
6,206,191
6,237,192
6,193,208
6,194,212
6,195,230
6,201,196
6,226,197
6,222,198
6,225,199
6,229,200
6,209,202
6,203,220
6,205,204
6,210,207
6,234,211
6,216,232
6,221,228
6,223,224
6,233,227
6,238,240
6,239,241
6,242,246
6,244,243
6,253,245
6,252,247
6,249,248
6,251,250
6,254,267
6,268,255
6,270,256
6,257,282
6,259,258
6,266,260
6,274,261
6,262,287
6,263,288
6,264,271
6,272,265
6,269,273
6,275,278
6,298,276
6,277,280
6,279,291
6,286,281
6,283,292
6,293,284
6,290,285
6,289,294
6,299,295
6,296,297
6,316,300
6,301,324
6,302,353
6,305,303
6,349,304
6,306,309
6,333,307
6,308,331
6,310,335
6,311,337
6,334,312
6,313,325
6,321,314
6,330,315
6,318,317
6,322,319
6,342,320
6,348,323
6,327,326
6,328,341
6,329,340
6,347,332
6,336,352
6,346,338
6,344,339
6,351,343
6,345,350
6,354,384
6,355,357
6,356,374
6,358,379
6,381,359
6,360,364
6,361,367
6,368,362
6,366,363
6,380,365
6,369,385
6,373,370
6,371,386
6,372,377
6,375,382
6,376,383
6,387,378
6,397,388
6,389,401
6,392,390
6,391,414
6,395,393
6,394,399
6,396,409
6,425,398
6,410,400
6,402,418
6,404,403
6,448,405
6,422,406
6,407,413
6,447,408
6,421,411
6,412,435
6,424,415
6,417,416
6,419,450
6,420,445
6,423,451
6,426,465
6,457,427
6,428,434
6,441,429
6,430,459
6,431,462
6,458,432
6,439,433
6,436,446
6,437,438
6,454,440
6,464,442
6,460,443
6,449,444
6,452,456
6,461,453
6,455,463
6,481,466
6,467,542
6,476,468
6,469,522
6,470,483
6,484,471
6,473,472
6,474,493
6,488,475
6,491,477
6,478,498
6,480,479
6,524,482
6,506,485
6,492,486
6,487,499
6,490,489
6,494,496
6,539,495
6,521,497
6,500,510
6,501,516
6,520,502
6,503,523
6,532,504
6,505,534
6,533,507
6,530,508
6,511,509
6,512,537
6,518,513
6,514,535
6,531,515
6,528,517
6,541,519
6,525,529
6,544,526
6,547,527
6,536,546
6,545,538
6,540,543
6,552,548
6,554,549
6,550,555
6,551,557
6,558,553
6,566,556
6,572,559
6,569,560
6,562,561
6,563,571
6,564,565
6,567,570
6,568,573
6,574,586
6,575,621
6,578,576
6,595,577
6,579,584
6,585,580
6,581,583
6,597,582
6,591,587
6,588,596
6,590,589
6,594,592
6,593,612
6,598,608
6,599,623
6,617,600
6,606,601
6,602,620
6,618,603
6,616,604
6,607,605
6,611,609
6,610,614
6,622,613
6,615,619
6,624,625
6,626,647
6,674,627
6,628,639
6,629,637
6,635,630
6,643,631
6,633,632
6,638,634
6,654,636
6,641,640
6,657,642
6,645,644
6,646,659
6,663,648
6,656,649
6,676,650
6,651,671
6,652,655
6,653,664
6,658,675
6,670,660
6,666,661
6,662,668
6,665,672
6,673,667
6,669,677
6,678,679
7,0,24
7,6,1
7,2,17
7,8,3
7,5,4
7,9,7
7,10,14
7,11,15
7,12,23
7,21,13
7,16,22
7,18,19
7,25,20
7,31,26
7,34,27
7,28,35
7,30,29
7,36,32
7,33,37
7,43,38
7,52,39
7,40,50
7,68,41
7,48,42
7,44,45
7,46,47
7,49,54
7,53,51
7,56,55
7,57,66
7,58,67
7,59,62
7,60,70
7,61,69
7,63,64
7,65,71
7,73,72
7,75,74
7,76,84
7,77,105
7,78,81
7,79,98
7,104,80
7,94,82
7,92,83
7,91,85
7,86,102
7,87,103
7,101,88
7,100,89
7,90,99
7,93,128
7,97,95
7,125,96
7,118,106
7,107,109
7,108,117
7,145,110
7,121,111
7,146,112
7,127,113
7,114,137
7,115,143
7,140,116
7,119,144
7,147,120
7,135,122
7,123,124
7,126,136
7,129,132
7,131,130
7,133,142
7,134,149
7,141,138
7,148,139
7,207,150
7,151,152
7,162,153
7,156,154
7,170,155
7,157,167
7,158,176
7,163,159
7,160,161
7,178,164
7,175,165
7,166,218
7,168,172
7,174,169
7,215,171
7,196,173
7,177,189
7,204,179
7,214,180
7,181,187
7,186,182
7,183,194
7,185,184
7,188,213
7,221,190
7,191,203
7,227,192
7,216,193
7,220,195
7,209,197
7,198,208
7,199,226
7,202,200
7,230,201
7,231,205
7,212,206
7,222,210
7,225,211
7,217,223
7,228,219
7,224,233
7,229,236
7,232,234
7,235,237
7,248,238
7,244,239
7,243,240
7,246,241
7,242,245
7,247,253
7,249,251
7,250,252
7,254,286
7,262,255
7,271,256
7,274,257
7,288,258
7,287,259
7,260,263
7,261,268
7,270,264
7,265,269
7,273,266
7,267,272
7,275,290
7,276,280
7,285,277
7,278,295
7,296,279
7,281,289
7,282,283
7,291,284
7,292,293
7,299,294
7,297,298
7,330,300
7,301,308
7,302,306
7,303,304
7,310,305
7,307,321
7,309,349
7,312,311
7,320,313
7,314,333
7,315,318
7,342,316
7,335,317
7,341,319
7,331,322
7,323,325
7,324,348
7,326,345
7,327,351
7,340,328
7,329,336
7,332,338
7,337,334
7,339,346
7,343,352
7,350,344
7,353,347
7,354,357
7,384,355
7,356,369
7,358,360
7,359,366
7,363,361
7,362,364
7,365,379
7,367,372
7,378,368
7,370,374
7,383,371
7,385,373
7,375,386
7,377,376
7,381,380
7,382,387
7,388,389
7,390,448
7,391,417
7,444,392
7,393,447
7,445,394
7,410,395
7,415,396
7,414,397
7,398,413
7,400,399
7,401,421
7,416,402
7,452,403
7,405,404
7,406,418
7,408,407
7,411,409
7,412,455
7,419,423
7,420,449
7,424,422
7,425,428
7,427,426
7,429,463
7,464,430
7,459,431
7,432,454
7,433,453
7,434,460
7,435,443
7,439,436
7,440,437
7,438,441
7,462,442
7,446,461
7,451,450
7,456,457
7,465,458
7,466,476
7,467,473
7,482,468
7,469,489
7,519,470
7,541,471
7,540,472
7,524,474
7,475,481
7,477,503
7,478,490
7,479,494
7,480,496
7,485,483
7,484,542
7,486,487
7,504,488
7,493,491
7,499,492
7,495,512
7,497,523
7,529,498
7,526,500
7,501,518
7,502,513
7,544,505
7,543,506
7,507,528
7,534,508
7,509,510
7,511,533
7,517,514
7,546,515
7,547,516
7,537,520
7,522,521
7,545,525
7,527,531
7,535,530
7,538,532
7,536,539
7,548,555
7,553,549
7,566,550
7,567,551
7,557,552
7,556,554
7,565,558
7,570,559
7,560,572
7,563,561
7,564,562
7,569,568
7,571,573
7,574,588
7,601,575
7,576,614
7,577,590
7,578,579
7,580,595
7,597,581
7,582,611
7,583,594
7,584,591
7,586,585
7,587,609
7,589,612
7,592,593
7,596,610
7,598,599
7,600,619
7,603,602
7,605,604
7,606,618
7,622,607
7,623,608
7,613,621
7,615,616
7,617,620
7,636,624
7,632,625
7,654,626
7,638,627
7,628,648
7,629,639
7,630,659
7,634,631
7,633,637
7,641,635
7,640,646
7,651,642
7,643,674
7,644,679
7,645,663
7,647,649
7,650,678
7,652,676
7,677,653
7,671,655
7,656,658
7,660,657
7,669,661
7,675,662
7,672,664
7,665,673
7,668,666
7,670,667
8,3,0
8,1,8
8,4,2
8,24,5
8,7,6
8,9,15
8,16,10
8,18,11
8,12,22
8,13,23
8,14,21
8,17,25
8,19,20
8,26,33
8,27,36
8,37,28
8,29,31
8,35,30
8,34,32
8,38,41
8,42,39
8,40,46
8,71,43
8,51,44
8,45,48
8,47,68
8,55,49
8,50,52
8,53,58
8,54,56
8,57,61
8,59,69
8,66,60
8,62,64
8,67,63
8,70,65
8,72,88
8,137,73
8,97,74
8,75,98
8,76,100
8,91,77
8,95,78
8,120,79
8,80,131
8,81,125
8,92,82
8,83,93
8,84,85
8,86,90
8,99,87
8,89,105
8,130,94
8,96,104
8,132,101
8,102,103
8,106,114
8,117,107
8,148,108
8,109,149
8,110,113
8,111,145
8,112,127
8,141,115
8,116,139
8,144,118
8,123,119
8,121,122
8,124,146
8,126,147
8,128,129
8,135,133
8,136,134
8,138,140
8,143,142
8,150,177
8,182,151
8,152,183
8,236,153
8,154,170
8,155,166
8,176,156
8,171,157
8,158,167
8,159,173
8,163,160
8,161,162
8,164,188
8,165,174
8,168,215
8,172,169
8,218,175
8,213,178
8,179,234
8,180,185
8,181,217
8,184,186
8,187,214
8,224,189
8,190,223
8,207,191
8,192,201
8,193,225
8,194,206
8,195,199
8,200,196
8,197,198
8,237,202
8,203,212
8,210,204
8,205,216
8,208,226
8,230,209
8,211,222
8,219,220
8,233,221
8,227,228
8,235,229
8,232,231
8,238,249
8,245,239
8,240,244
8,241,242
8,243,250
8,246,253
8,247,248
8,252,251
8,294,254
8,255,266
8,256,260
8,264,257
8,258,270
8,259,265
8,261,262
8,263,271
8,267,273
8,268,287
8,269,272
8,298,274
8,284,275
8,285,276
8,297,277
8,278,296
8,290,279
8,280,292
8,283,281
8,293,282
8,286,299
8,295,288
8,289,291
8,300,301
8,349,302
8,303,335
8,304,310
8,334,305
8,307,306
8,321,308
8,331,309
8,333,311
8,312,318
8,313,322
8,314,315
8,316,320
8,317,330
8,319,340
8,324,323
8,325,348
8,326,351
8,341,327
8,345,328
8,343,329
8,353,332
8,336,350
8,337,342
8,338,339
8,352,344
8,347,346
8,373,354
8,355,377
8,385,356
8,357,369
8,361,358
8,379,359
8,360,362
8,380,363
8,364,366
8,365,378
8,368,367
8,370,383
8,387,371
8,372,375
8,374,384
8,382,376
8,386,381
8,460,388
8,389,410
8,390,395
8,413,391
8,392,445
8,409,393
8,444,394
8,396,425
8,397,415
8,401,398
8,399,419
8,411,400
8,402,417
8,403,405
8,418,404
8,406,407
8,414,408
8,457,412
8,416,426
8,448,420
8,422,421
8,423,424
8,450,427
8,436,428
8,429,462
8,455,430
8,431,437
8,438,432
8,433,435
8,453,434
8,461,439
8,442,440
8,441,464
8,443,446
8,447,452
8,449,451
8,463,454
8,456,465
8,459,458
8,468,466
8,475,467
8,532,469
8,485,470
8,471,473
8,472,484
8,474,477
8,476,495
8,504,478
8,481,479
8,523,480
8,494,482
8,483,519
8,499,486
8,487,524
8,497,488
8,489,529
8,492,490
8,521,491
8,498,493
8,496,522
8,543,500
8,502,501
8,518,503
8,505,533
8,506,541
8,508,507
8,509,526
8,510,544
8,534,511
8,546,512
8,513,517
8,516,514
8,515,527
8,520,536
8,538,525
8,535,528
8,530,545
8,531,537
8,539,547
8,542,540
8,548,553
8,549,566
8,550,556
8,552,551
8,557,554
8,555,569
8,558,564
8,559,565
8,560,563
8,561,571
8,562,572
8,573,567
8,570,568
8,602,574
8,594,575
8,576,586
8,587,577
8,590,578
8,591,579
8,580,584
8,581,588
8,612,582
8,583,595
8,585,593
8,592,589
8,596,611
8,609,597
8,623,598
8,608,599
8,600,618
8,621,601
8,619,603
8,604,615
8,614,605
8,620,606
8,607,616
8,610,622
8,613,617
8,624,646
8,625,641
8,626,678
8,627,629
8,642,628
8,648,630
8,631,638
8,637,632
8,634,633
8,635,640
8,636,647
8,639,643
8,644,670
8,659,645
8,649,654
8,655,650
8,660,651
8,674,652
8,653,675
8,661,656
8,663,657
8,658,662
8,664,665
8,666,677
8,667,671
8,668,669
8,672,673
8,679,676
9,1,0
9,7,2
9,6,3
9,4,9
9,5,16
9,17,8
9,22,10
9,11,14
9,13,12
9,15,25
9,20,18
9,19,21
9,23,24
9,28,26
9,31,27
9,29,37
9,30,34
9,32,35
9,33,36
9,38,51
9,39,68
9,44,40
9,41,42
9,43,52
9,55,45
9,46,56
9,47,48
9,49,53
9,58,50
9,69,54
9,71,57
9,65,59
9,63,60
9,62,61
9,64,70
9,67,66
9,72,99
9,73,76
9,74,95
9,120,75
9,100,77
9,96,78
9,87,79
9,80,97
9,88,81
9,82,93
9,83,130
9,105,84
9,85,89
9,101,86
9,90,91
9,94,92
9,98,102
9,103,104
9,106,141
9,149,107
9,140,108
9,137,109
9,110,127
9,113,111
9,145,112
9,133,114
9,122,115
9,116,148
9,147,117
9,118,121
9,119,124
9,143,123
9,125,131
9,134,126
9,132,128
9,129,136
9,142,135
9,139,138
9,144,146
9,150,185
9,151,180
9,152,182
9,153,159
9,154,158
9,155,161
9,231,156
9,157,168
9,173,160
9,162,172
9,233,163
9,164,224
9,178,165
9,170,166
9,167,179
9,169,176
9,188,171
9,217,174
9,223,175
9,177,221
9,214,181
9,183,207
9,184,194
9,206,186
9,215,187
9,189,227
9,190,228
9,212,191
9,192,197
9,193,205
9,219,195
9,196,229
9,199,198
9,200,209
9,201,237
9,202,220
9,203,208
9,204,232
9,234,210
9,216,211
9,213,218
9,225,222
9,226,230
9,236,235
9,239,238
9,240,247
9,253,241
9,250,242
9,249,243
9,251,244
9,245,246
9,248,252
9,266,254
9,260,255
9,264,256
9,257,267
9,265,258
9,272,259
9,287,261
9,262,295
9,263,270
9,277,268
9,271,269
9,288,273
9,274,286
9,275,285
9,276,296
9,292,278
9,279,297
9,280,298
9,281,293
9,282,299
9,283,289
9,284,290
9,291,294
9,308,300
9,332,301
9,302,303
9,305,304
9,306,334
9,309,307
9,310,314
9,311,320
9,315,312
9,340,313
9,323,316
9,317,321
9,318,331
9,319,337
9,322,330
9,346,324
9,325,347
9,352,326
9,350,327
9,328,336
9,351,329
9,335,333
9,338,343
9,348,339
9,342,341
9,344,345
9,349,353
9,367,354
9,362,355
9,356,370
9,375,357
9,366,358
9,359,361
9,360,380
9,381,363
9,364,368
9,371,365
9,369,374
9,386,372
9,377,373
9,376,387
9,378,382
9,384,379
9,383,385
9,388,401
9,389,460
9,400,390
9,407,391
9,420,392
9,393,444
9,394,409
9,395,399
9,424,396
9,397,423
9,398,414
9,404,402
9,417,403
9,405,452
9,408,406
9,410,411
9,412,427
9,415,413
9,418,416
9,421,419
9,422,451
9,425,461
9,426,456
9,428,439
9,440,429
9,430,438
9,431,442
9,432,455
9,446,433
9,434,443
9,435,436
9,437,459
9,454,441
9,449,445
9,450,447
9,448,462
9,458,453
9,465,457
9,463,464
9,488,466
9,482,467
9,496,468
9,469,518
9,470,471
9,472,481
9,473,475
9,474,486
9,479,476
9,477,492
9,523,478
9,480,497
9,483,540
9,484,541
9,542,485
9,493,487
9,513,489
9,490,521
9,491,522
9,524,494
9,495,520
9,532,498
9,525,499
9,500,509
9,512,501
9,516,502
9,503,504
9,505,538
9,519,506
9,507,534
9,508,531
9,526,510
9,511,543
9,514,547
9,515,517
9,528,527
9,529,545
9,544,530
9,533,535
9,536,537
9,539,546
9,558,548
9,552,549
9,554,550
9,551,553
9,555,570
9,556,564
9,566,557
9,561,559
9,573,560
9,565,562
9,572,563
9,568,567
9,571,569
9,574,594
9,575,600
9,599,576
9,577,582
9,612,578
9,579,585
9,589,580
9,586,581
9,593,583
9,595,584
9,588,587
9,590,592
9,609,591
9,597,596
9,604,598
9,601,617
9,618,602
9,621,603
9,610,605
9,606,619
9,608,607
9,611,614
9,620,613
9,622,615
9,616,623
9,638,624
9,649,625
9,626,644
9,639,627
9,628,674
9,657,629
9,630,670
9,631,633
9,646,632
9,663,634
9,635,636
9,640,637
9,645,641
9,642,643
9,647,654
9,648,659
9,650,672
9,676,651
9,671,652
9,662,653
9,678,655
9,669,656
9,677,658
9,667,660
9,661,668
9,675,664
9,666,665
9,673,679
