588,Heuristic,i05,1
Time,Value 
7230,225422
7200,225422
7170,225427
7140,225436
7110,225438
7080,225446
7050,225446
7020,225451
6990,225451
6960,225457
6930,225457
6900,225478
6870,225482
6840,225482
6810,225487
6780,225487
6750,225491
6720,225501
6690,225603
6660,225612
6630,225621
6600,225623
6570,225721
6540,225738
6510,225740
6480,225790
6450,225818
6420,225838
6390,225849
6360,225873
6330,225877
6300,225881
6270,225886
6240,225890
6210,225892
6180,225904
6150,225912
6120,225933
6090,225933
6060,226009
6030,226028
6000,226041
5970,226107
5940,226122
5910,226128
5880,226132
5850,226184
5820,226203
5790,226204
5760,226224
5730,226227
5700,226232
5670,226238
5640,226239
5610,226279
5580,226296
5550,226299
5520,226326
5490,226329
5460,226342
5430,226358
5400,226361
5370,226363
5340,226440
5310,226455
5280,226476
5250,226476
5220,226484
5190,226486
5160,226493
5130,226521
5100,226527
5070,226542
5040,226559
5010,226610
4980,226615
4950,226618
4920,226649
4890,226651
4860,226661
4830,226664
4800,226730
4770,226768
4740,226839
4710,226874
4680,226875
4650,226882
4620,226921
4590,226977
4560,227053
4530,227062
4500,227069
4470,227073
4440,227075
4410,227113
4380,227121
4350,227128
4320,227136
4290,227152
4260,227159
4230,227181
4200,227181
4170,227183
4140,227191
4110,227210
4080,227248
4050,227255
4020,227268
3990,227325
3960,227328
3930,227336
3900,227338
3870,227339
3840,227347
3810,227348
1740,229415
1710,229435
1680,229448
1650,229468
1620,229491
1590,229511
1560,229535
1530,229634
1500,229649
1470,229678
1440,229724
1410,229728
1380,229735
1350,229739
1320,229740
1290,229753
1260,229770
1230,229841
1200,229867
1170,229874
1140,229955
1110,229992
1080,230051
1050,230064
1020,230073
990,230139
960,230193
930,230214
900,230233
870,230247
360,231107
330,231109
300,231134
270,231204
240,231316
210,231376
180,231450
150,231453
120,231533
90,231542
60,231557
30,231562
0,231563
390,231020
420,231003
450,230970
480,230898
510,230857
540,230665
570,230631
600,230623
630,230609
660,230586
690,230516
720,230505
750,230460
780,230420
810,230415
840,230278
1770,229413
1800,229374
1830,229319
1860,229294
1890,229289
1920,229264
1950,229208
1980,229194
2010,229092
2040,229089
2070,229036
2100,229027
2130,229009
2160,228946
2190,228916
2220,228877
2250,228785
2280,228758
2310,228744
2340,228737
2370,228676
2400,228649
2430,228538
2460,228537
2490,228534
2520,228517
2550,228425
2580,228415
2610,228404
2640,228388
2670,228375
2700,228329
2730,228311
2760,228279
2790,228251
2820,228236
2850,228177
2880,228133
2910,228096
2940,228089
2970,228061
3000,228026
3030,228017
3060,228012
3090,228001
3120,228000
3150,227971
3180,227956
3210,227914
3240,227890
3270,227859
3300,227802
3330,227783
3360,227759
3390,227724
3420,227644
3450,227597
3480,227566
3510,227556
3540,227539
3570,227509
3600,227485
3630,227479
3660,227459
3690,227444
3720,227432
3750,227396
3780,227365
Final, 225422,7231

Round,H_team,A_team 
0,8,0
0,11,1
0,4,2
0,3,13
0,10,5
0,6,9
0,7,19
0,12,22
0,14,16
0,15,17
0,21,18
0,23,20
0,52,24
0,93,25
0,30,26
0,46,27
0,28,53
0,33,29
0,31,32
0,38,34
0,35,39
0,47,36
0,37,40
0,42,41
0,60,43
0,44,59
0,86,45
0,48,56
0,49,50
0,54,51
0,55,85
0,58,57
0,61,62
0,63,64
0,69,65
0,66,67
0,90,68
0,89,70
0,71,81
0,72,77
0,84,73
0,74,91
0,92,75
0,76,83
0,82,78
0,79,80
0,87,88
0,94,95
0,130,96
0,97,129
0,116,98
0,99,114
0,100,107
0,101,109
0,108,102
0,151,103
0,104,119
0,152,105
0,115,106
0,110,113
0,126,111
0,112,157
0,134,117
0,118,146
0,150,120
0,172,121
0,122,158
0,123,124
0,125,127
0,128,133
0,131,163
0,132,136
0,135,169
0,167,137
0,138,148
0,147,139
0,144,140
0,141,162
0,143,142
0,145,166
0,154,149
0,159,153
0,168,155
0,181,156
0,161,160
0,179,164
0,165,174
0,170,171
0,175,173
0,180,176
0,177,178
0,182,189
0,191,183
0,184,185
0,187,186
0,190,188
0,193,192
0,214,194
0,195,233
0,196,232
0,197,209
0,198,208
0,199,205
0,200,203
0,201,211
0,202,230
0,204,212
0,206,207
0,213,210
0,220,215
0,231,216
0,237,217
0,224,218
0,227,219
0,225,221
0,222,226
0,223,238
0,234,228
0,229,236
0,239,235
0,240,289
0,243,241
0,292,242
0,249,244
0,255,245
0,246,252
0,247,251
0,258,248
0,250,293
0,253,276
0,254,271
0,256,277
0,257,272
0,273,259
0,260,261
0,262,263
0,264,265
0,266,279
0,275,267
0,268,286
0,269,294
0,270,291
0,274,284
0,288,278
0,281,280
0,290,282
0,283,295
0,287,285
0,296,300
0,297,302
0,306,298
0,299,307
0,324,301
0,303,304
0,308,305
0,311,309
0,310,327
0,321,312
0,313,316
0,314,326
0,315,320
0,319,317
0,325,318
0,322,323
0,367,328
0,347,329
0,330,411
0,421,331
0,364,332
0,333,344
0,391,334
0,335,402
0,348,336
0,337,338
0,339,343
0,401,340
0,341,342
0,345,368
0,346,366
0,349,371
0,362,350
0,360,351
0,352,361
0,354,353
0,356,355
0,358,357
0,359,373
0,363,365
0,369,405
0,370,408
0,372,377
0,374,413
0,414,375
0,376,412
0,393,378
0,379,392
0,418,380
0,419,381
0,382,410
0,395,383
0,417,384
0,409,385
0,386,390
0,398,387
0,388,415
0,396,389
0,394,400
0,404,397
0,399,420
0,403,416
0,406,407
0,426,422
0,423,474
0,433,424
0,425,497
0,477,427
0,428,440
0,429,432
0,453,430
0,431,459
0,435,434
0,437,436
0,438,443
0,439,476
0,452,441
0,442,450
0,460,444
0,445,485
0,456,446
0,481,447
0,486,448
0,449,473
0,482,451
0,475,454
0,495,455
0,491,457
0,458,493
0,461,500
0,465,462
0,498,463
0,479,464
0,466,478
0,484,467
0,494,468
0,469,472
0,470,499
0,471,492
0,488,480
0,496,483
0,487,501
0,489,490
0,502,511
0,503,507
0,524,504
0,523,505
0,506,521
0,508,520
0,509,517
0,510,519
0,516,512
0,526,513
0,515,514
0,518,525
0,527,522
0,575,528
0,529,554
0,534,530
0,531,535
0,532,533
0,553,536
0,537,546
0,538,545
0,569,539
0,540,544
0,542,541
0,548,543
0,552,547
0,549,555
0,550,571
0,563,551
0,560,556
0,557,582
0,558,565
0,581,559
0,561,572
0,562,567
0,576,564
0,566,577
0,568,580
0,570,574
0,573,579
0,578,583
0,595,584
0,597,585
0,586,601
0,587,594
0,602,588
0,609,589
0,627,590
0,612,591
0,598,592
0,593,600
0,626,596
0,603,599
0,608,604
0,605,610
0,616,606
0,622,607
0,611,615
0,614,613
0,619,617
0,625,618
0,620,621
0,623,624
0,628,646
0,640,629
0,647,630
0,633,631
0,632,638
0,634,637
0,635,648
0,645,636
0,639,643
0,642,641
0,649,644
0,650,667
0,651,657
0,652,694
0,653,668
0,654,666
0,655,691
0,674,656
0,658,687
0,664,659
0,661,660
0,671,662
0,665,663
0,675,669
0,670,676
0,686,672
0,673,695
0,677,690
0,681,678
0,680,679
0,688,682
0,685,683
0,693,684
0,689,692
0,697,696
0,725,698
0,699,709
0,730,700
0,728,701
0,702,714
0,703,706
0,704,726
0,705,712
0,707,735
0,737,708
0,713,710
0,711,715
0,716,718
0,717,739
0,719,734
0,720,732
0,733,721
0,736,722
0,738,723
0,727,724
0,729,731
0,745,740
0,743,741
0,742,754
0,753,744
0,746,749
0,752,747
0,748,755
0,751,750
0,756,786
0,757,770
0,779,758
0,765,759
0,762,760
0,763,761
0,764,768
0,766,767
0,769,771
0,772,776
0,784,773
0,774,781
0,783,775
0,780,777
0,787,778
0,785,782
0,800,788
0,799,789
0,795,790
0,791,817
0,797,792
0,801,793
0,796,794
0,813,798
0,805,802
0,803,809
0,804,814
0,812,806
0,807,808
0,811,810
0,816,815
1,5,0
1,1,9
1,2,6
1,3,11
1,12,4
1,7,8
1,13,10
1,18,14
1,23,15
1,17,16
1,19,20
1,22,21
1,24,90
1,25,31
1,93,26
1,28,27
1,30,29
1,32,33
1,34,37
1,41,35
1,36,38
1,39,86
1,54,40
1,43,42
1,44,52
1,45,47
1,64,46
1,85,48
1,51,49
1,50,57
1,53,58
1,59,55
1,60,56
1,68,61
1,62,94
1,69,63
1,65,75
1,74,66
1,95,67
1,70,72
1,83,71
1,73,76
1,77,84
1,78,91
1,88,79
1,80,87
1,81,92
1,89,82
1,129,96
1,128,97
1,98,99
1,100,177
1,107,101
1,102,109
1,103,104
1,105,150
1,153,106
1,121,108
1,157,110
1,158,111
1,161,112
1,120,113
1,114,122
1,123,115
1,127,116
1,164,117
1,140,118
1,152,119
1,125,124
1,126,151
1,130,144
1,142,131
1,155,132
1,133,134
1,168,135
1,171,136
1,137,147
1,139,138
1,141,180
1,173,143
1,145,175
1,146,165
1,154,148
1,149,179
1,162,156
1,160,159
1,166,163
1,174,167
1,170,169
1,176,172
1,178,181
1,182,188
1,192,183
1,189,184
1,185,190
1,186,191
1,193,187
1,230,194
1,197,195
1,208,196
1,198,206
1,203,199
1,200,205
1,204,201
1,202,233
1,209,207
1,210,229
1,211,213
1,212,214
1,215,216
1,218,217
1,219,232
1,220,223
1,221,235
1,239,222
1,238,224
1,228,225
1,227,226
1,231,237
1,236,234
1,272,240
1,241,242
1,274,243
1,244,270
1,245,253
1,250,246
1,247,248
1,254,249
1,251,273
1,252,258
1,259,255
1,256,260
1,271,257
1,261,288
1,268,262
1,263,269
1,291,264
1,265,282
1,289,266
1,294,267
1,284,275
1,276,279
1,283,277
1,278,290
1,280,285
1,281,295
1,287,286
1,293,292
1,296,305
1,298,297
1,299,303
1,324,300
1,301,304
1,302,308
1,319,306
1,307,322
1,309,312
1,310,318
1,326,311
1,317,313
1,316,314
1,327,315
1,320,321
1,323,325
1,328,368
1,329,330
1,336,331
1,332,370
1,367,333
1,376,334
1,421,335
1,350,337
1,357,338
1,339,364
1,340,348
1,402,341
1,365,342
1,343,406
1,344,346
1,349,345
1,347,371
1,351,355
1,356,352
1,353,375
1,354,363
1,373,358
1,366,359
1,414,360
1,361,362
1,369,401
1,411,372
1,374,412
1,409,377
1,378,404
1,413,379
1,395,380
1,381,400
1,392,382
1,383,418
1,384,399
1,385,420
1,398,386
1,387,415
1,388,396
1,389,403
1,390,416
1,391,393
1,394,419
1,397,410
1,405,417
1,407,408
1,422,428
1,423,445
1,434,424
1,425,435
1,432,426
1,427,433
1,436,429
1,430,454
1,446,431
1,437,481
1,439,438
1,440,452
1,441,449
1,442,443
1,444,487
1,476,447
1,456,448
1,450,455
1,451,474
1,453,460
1,457,489
1,458,484
1,459,469
1,485,461
1,462,463
1,464,478
1,465,470
1,466,490
1,480,467
1,468,496
1,472,471
1,473,475
1,477,482
1,499,479
1,483,493
1,500,486
1,494,488
1,491,492
1,501,495
1,497,498
1,520,502
1,504,503
1,505,525
1,506,523
1,507,524
1,508,515
1,509,511
1,518,510
1,512,513
1,514,522
1,517,516
1,519,526
1,521,527
1,538,528
1,529,552
1,530,564
1,583,531
1,532,570
1,533,539
1,534,541
1,535,553
1,536,569
1,537,551
1,549,540
1,550,542
1,543,571
1,545,544
1,546,547
1,554,548
1,555,575
1,556,568
1,579,557
1,574,558
1,560,559
1,582,561
1,562,576
1,577,563
1,565,567
1,566,580
1,572,578
1,573,581
1,586,584
1,585,594
1,609,587
1,600,588
1,589,599
1,590,603
1,591,601
1,592,602
1,612,593
1,596,595
1,597,598
1,604,620
1,619,605
1,608,606
1,607,626
1,610,618
1,624,611
1,615,613
1,621,614
1,623,616
1,617,627
1,625,622
1,628,633
1,629,644
1,643,630
1,648,631
1,635,632
1,634,638
1,636,640
1,637,646
1,649,639
1,641,647
1,645,642
1,691,650
1,652,651
1,653,674
1,657,654
1,672,655
1,656,658
1,659,662
1,660,664
1,663,661
1,669,665
1,666,675
1,668,667
1,694,670
1,671,686
1,684,673
1,676,690
1,679,677
1,678,688
1,689,680
1,683,681
1,682,687
1,693,685
1,692,695
1,696,702
1,714,697
1,704,698
1,724,699
1,708,700
1,701,737
1,735,703
1,705,722
1,706,707
1,709,738
1,726,710
1,711,717
1,712,728
1,730,713
1,715,720
1,716,729
1,718,736
1,731,719
1,721,732
1,723,733
1,734,725
1,739,727
1,747,740
1,741,751
1,744,742
1,746,743
1,745,752
1,750,748
1,754,749
1,755,753
1,758,756
1,757,768
1,759,763
1,779,760
1,767,761
1,765,762
1,764,787
1,770,766
1,769,786
1,782,771
1,772,783
1,780,773
1,778,774
1,784,775
1,776,785
1,777,781
1,788,799
1,789,803
1,790,817
1,792,791
1,793,807
1,794,795
1,808,796
1,797,813
1,798,815
1,800,811
1,805,801
1,802,804
1,810,806
1,809,814
1,816,812
2,0,19
2,1,12
2,2,5
2,9,3
2,4,10
2,6,8
2,20,7
2,13,11
2,14,21
2,18,15
2,16,22
2,17,23
2,24,28
2,25,88
2,26,80
2,27,42
2,29,79
2,31,30
2,51,32
2,33,93
2,47,34
2,35,45
2,36,39
2,38,37
2,40,85
2,56,41
2,43,44
2,46,62
2,50,48
2,49,54
2,52,73
2,67,53
2,55,58
2,57,60
2,59,86
2,61,87
2,63,66
2,64,68
2,90,65
2,91,69
2,70,78
2,72,71
2,95,74
2,75,94
2,76,82
2,77,83
2,84,81
2,92,89
2,96,97
2,172,98
2,99,108
2,109,100
2,181,101
2,102,114
2,103,105
2,104,120
2,106,177
2,178,107
2,110,160
2,111,112
2,113,126
2,115,116
2,117,129
2,118,133
2,119,150
2,173,121
2,122,125
2,127,123
2,124,161
2,134,128
2,140,130
2,146,131
2,138,132
2,135,170
2,136,168
2,137,149
2,169,139
2,166,141
2,180,142
2,143,144
2,176,145
2,147,154
2,148,171
2,151,152
2,153,158
2,167,155
2,156,175
2,159,157
2,163,162
2,165,164
2,179,174
2,186,182
2,183,184
2,191,185
2,187,190
2,188,193
2,189,192
2,194,212
2,209,195
2,206,196
2,233,197
2,207,198
2,201,199
2,216,200
2,205,202
2,213,203
2,215,204
2,230,208
2,210,222
2,214,211
2,217,238
2,219,218
2,237,220
2,229,221
2,234,223
2,224,227
2,235,225
2,226,239
2,236,228
2,232,231
2,266,240
2,246,241
2,242,276
2,292,243
2,259,244
2,273,245
2,252,247
2,248,283
2,249,250
2,279,251
2,277,253
2,255,254
2,295,256
2,261,257
2,272,258
2,260,271
2,269,262
2,263,293
2,264,270
2,280,265
2,267,274
2,275,268
2,278,281
2,282,287
2,286,284
2,285,294
2,288,289
2,290,291
2,321,296
2,300,297
2,327,298
2,322,299
2,323,301
2,302,303
2,304,306
2,305,316
2,308,307
2,309,324
2,311,310
2,312,315
2,318,313
2,320,314
2,325,317
2,326,319
2,328,330
2,329,367
2,331,341
2,348,332
2,333,391
2,334,411
2,417,335
2,336,369
2,351,337
2,338,356
2,402,339
2,342,340
2,343,405
2,357,344
2,345,347
2,346,373
2,372,349
2,350,407
2,352,362
2,355,353
2,360,354
2,366,358
2,368,359
2,363,361
2,370,364
2,371,365
2,375,374
2,406,376
2,377,379
2,378,413
2,380,383
2,381,394
2,384,382
2,393,385
2,386,396
2,387,421
2,416,388
2,389,390
2,410,392
2,420,395
2,397,398
2,419,399
2,400,418
2,408,401
2,415,403
2,404,409
2,412,414
2,443,422
2,431,423
2,424,425
2,426,435
2,427,432
2,428,471
2,476,429
2,455,430
2,434,433
2,438,436
2,448,437
2,447,439
2,474,440
2,441,451
2,449,442
2,492,444
2,445,456
2,446,473
2,452,450
2,459,453
2,454,460
2,457,465
2,467,458
2,495,461
2,498,462
2,463,497
2,470,464
2,469,466
2,483,468
2,472,494
2,475,477
2,478,485
2,479,500
2,493,480
2,481,482
2,490,484
2,486,487
2,496,488
2,489,499
2,501,491
2,523,502
2,503,505
2,527,504
2,526,506
2,507,508
2,513,509
2,510,517
2,511,514
2,519,512
2,521,515
2,516,518
2,522,520
2,525,524
2,528,574
2,553,529
2,575,530
2,531,536
2,583,532
2,569,533
2,544,534
2,571,535
2,552,537
2,551,538
2,539,570
2,540,545
2,541,549
2,542,543
2,546,550
2,547,554
2,555,548
2,556,557
2,558,573
2,559,566
2,580,560
2,561,577
2,563,562
2,564,572
2,565,576
2,567,578
2,568,581
2,579,582
2,584,597
2,607,585
2,589,586
2,587,595
2,588,603
2,622,590
2,600,591
2,592,612
2,593,602
2,594,598
2,599,596
2,601,609
2,606,604
2,605,617
2,613,608
2,610,625
2,611,623
2,620,614
2,615,624
2,627,616
2,618,619
2,621,626
2,631,628
2,629,648
2,630,645
2,632,636
2,633,634
2,638,635
2,647,637
2,646,639
2,640,643
2,644,641
2,642,649
2,681,650
2,651,674
2,655,652
2,669,653
2,654,671
2,656,675
2,658,657
2,668,659
2,662,660
2,661,677
2,690,663
2,667,664
2,665,686
2,666,672
2,670,691
2,673,689
2,676,683
2,678,684
2,682,679
2,680,693
2,685,692
2,687,688
2,695,694
2,696,708
2,697,713
2,698,718
2,701,699
2,700,709
2,702,726
2,736,703
2,707,704
2,710,705
2,706,725
2,719,711
2,729,712
2,714,716
2,735,715
2,732,717
2,722,720
2,723,721
2,737,724
2,738,727
2,728,730
2,731,733
2,739,734
2,740,742
2,741,746
2,743,750
2,751,744
2,749,745
2,755,747
2,748,752
2,753,754
2,775,756
2,786,757
2,758,778
2,759,764
2,760,770
2,761,769
2,762,779
2,781,763
2,766,765
2,768,767
2,771,780
2,782,772
2,773,787
2,774,783
2,777,776
2,785,784
2,788,789
2,790,793
2,796,791
2,811,792
2,806,794
2,814,795
2,807,797
2,798,800
2,799,801
2,813,802
2,817,803
2,804,816
2,815,805
2,810,808
2,812,809
3,12,0
3,7,1
3,11,2
3,3,6
3,22,4
3,5,9
3,8,19
3,10,23
3,14,13
3,15,16
3,21,17
3,20,18
3,56,24
3,80,25
3,87,26
3,27,59
3,28,43
3,29,50
3,32,30
3,42,31
3,79,33
3,34,35
3,86,36
3,37,45
3,38,47
3,40,39
3,41,55
3,57,44
3,61,46
3,48,51
3,85,49
3,58,52
3,53,90
3,60,54
3,62,88
3,75,63
3,65,64
3,66,69
3,92,67
3,68,95
3,83,70
3,71,77
3,72,76
3,82,73
3,74,93
3,78,84
3,81,89
3,94,91
3,128,96
3,97,103
3,98,102
3,172,99
3,167,100
3,101,179
3,104,158
3,119,105
3,116,106
3,177,107
3,108,114
3,109,115
3,120,110
3,111,113
3,112,153
3,117,140
3,131,118
3,121,141
3,123,122
3,160,124
3,126,125
3,151,127
3,129,134
3,130,143
3,132,170
3,133,146
3,163,135
3,136,166
3,148,137
3,138,178
3,139,149
3,144,142
3,162,145
3,174,147
3,150,152
3,165,154
3,169,155
3,156,180
3,157,164
3,161,159
3,171,168
3,181,173
3,175,176
3,182,193
3,183,187
3,184,188
3,185,189
3,190,186
3,192,191
3,194,215
3,195,230
3,196,209
3,207,197
3,202,198
3,199,216
3,200,204
3,205,201
3,211,203
3,208,206
3,212,210
3,214,213
3,217,224
3,218,231
3,220,219
3,221,228
3,222,235
3,223,236
3,225,234
3,226,229
3,227,239
3,233,232
3,238,237
3,240,291
3,241,277
3,242,246
3,243,250
3,289,244
3,245,254
3,253,247
3,248,272
3,249,292
3,257,251
3,273,252
3,255,261
3,293,256
3,258,271
3,276,259
3,283,260
3,262,287
3,275,263
3,288,264
3,265,278
3,266,290
3,267,295
3,268,294
3,269,280
3,270,282
3,279,274
3,284,281
3,286,285
3,296,299
3,297,324
3,298,325
3,300,322
3,301,308
3,305,302
3,303,309
3,307,304
3,306,323
3,313,310
3,317,311
3,312,320
3,314,319
3,315,318
3,316,326
3,321,327
3,372,328
3,345,329
3,330,333
3,339,331
3,332,415
3,412,334
3,335,336
3,337,353
3,358,338
3,340,371
3,341,369
3,342,348
3,349,343
3,344,347
3,359,346
3,361,350
3,352,351
3,408,354
3,407,355
3,356,357
3,362,360
3,364,363
3,365,370
3,368,366
3,373,367
3,374,414
3,405,375
3,376,420
3,377,392
3,410,378
3,379,391
3,399,380
3,383,381
3,382,394
3,418,384
3,385,419
3,416,386
3,390,387
3,398,388
3,404,389
3,409,393
3,395,400
3,396,421
3,403,397
3,401,402
3,417,406
3,413,411
3,422,481
3,423,453
3,497,424
3,433,425
3,426,434
3,429,427
3,432,428
3,430,446
3,431,439
3,435,498
3,448,436
3,443,437
3,447,438
3,475,440
3,473,441
3,442,452
3,445,444
3,449,451
3,477,450
3,474,454
3,485,455
3,487,456
3,463,457
3,496,458
3,460,459
3,461,490
3,462,470
3,464,489
3,499,465
3,466,495
3,467,472
3,468,469
3,471,493
3,482,476
3,478,486
3,491,479
3,494,480
3,484,483
3,488,492
3,500,501
3,502,522
3,524,503
3,504,523
3,527,505
3,506,507
3,514,508
3,509,518
3,512,510
3,515,511
3,513,519
3,525,516
3,517,526
3,520,521
3,528,552
3,529,551
3,530,563
3,570,531
3,532,559
3,548,533
3,540,534
3,535,569
3,536,550
3,538,537
3,554,539
3,547,541
3,544,542
3,543,549
3,545,546
3,571,553
3,574,555
3,581,556
3,557,568
3,582,558
3,560,566
3,576,561
3,562,583
3,564,567
3,578,565
3,577,572
3,573,575
3,580,579
3,623,584
3,595,585
3,586,597
3,591,587
3,609,588
3,601,589
3,590,607
3,593,592
3,594,599
3,596,621
3,598,600
3,602,612
3,603,610
3,604,613
3,618,605
3,614,606
3,611,608
3,616,615
3,617,625
3,619,622
3,626,620
3,624,627
3,628,632
3,649,629
3,637,630
3,631,647
3,646,633
3,643,634
3,635,636
3,639,638
3,641,640
3,648,642
3,645,644
3,650,690
3,675,651
3,652,654
3,663,653
3,655,656
3,686,657
3,694,658
3,659,665
3,660,668
3,667,661
3,662,670
3,664,669
3,674,666
3,672,671
3,673,680
3,677,676
3,691,678
3,687,679
3,688,681
3,689,682
3,683,692
3,684,685
3,695,693
3,709,696
3,697,706
3,703,698
3,699,702
3,724,700
3,708,701
3,705,704
3,736,707
3,712,710
3,711,731
3,713,716
3,726,714
3,727,715
3,717,728
3,722,718
3,732,719
3,720,738
3,721,739
3,734,723
3,725,735
3,730,729
3,733,737
3,740,755
3,742,741
3,747,743
3,744,746
3,745,751
3,749,748
3,750,753
3,752,754
3,756,761
3,757,769
3,768,758
3,787,759
3,765,760
3,762,766
3,763,764
3,767,770
3,783,771
3,772,784
3,773,777
3,779,774
3,775,780
3,776,782
3,778,781
3,785,786
3,801,788
3,789,807
3,803,790
3,791,808
3,792,810
3,793,799
3,794,811
3,795,800
3,806,796
3,797,798
3,802,812
3,817,804
3,805,814
3,809,815
3,816,813
4,0,20
4,1,8
4,17,2
4,10,3
4,4,5
4,6,7
4,9,12
4,19,11
4,16,13
4,23,14
4,15,21
4,22,18
4,54,24
4,26,25
4,43,27
4,28,57
4,31,29
4,30,48
4,49,32
4,51,33
4,34,62
4,35,38
4,36,37
4,39,42
4,45,40
4,85,41
4,44,58
4,46,47
4,50,86
4,53,52
4,55,60
4,59,56
4,88,61
4,63,65
4,64,74
4,66,68
4,67,91
4,69,94
4,70,71
4,89,72
4,73,83
4,95,75
4,84,76
4,77,82
4,78,81
4,87,79
4,93,80
4,90,92
4,103,96
4,97,133
4,175,98
4,99,121
4,100,178
4,177,101
4,115,102
4,113,104
4,105,151
4,106,165
4,107,181
4,126,108
4,114,109
4,110,119
4,159,111
4,120,112
4,116,122
4,118,117
4,125,123
4,124,150
4,152,127
4,129,128
4,142,130
4,140,131
4,137,132
4,146,134
4,135,156
4,155,136
4,170,138
4,139,171
4,141,172
4,162,143
4,164,144
4,145,163
4,147,179
4,149,148
4,153,161
4,154,167
4,158,157
4,174,160
4,166,180
4,168,169
4,176,173
4,190,182
4,193,183
4,191,184
4,188,185
4,189,186
4,187,192
4,203,194
4,195,207
4,198,196
4,197,208
4,212,199
4,215,200
4,202,201
4,204,213
4,232,205
4,230,206
4,211,209
4,210,214
4,216,233
4,235,217
4,218,227
4,219,238
4,236,220
4,234,221
4,229,222
4,237,223
4,231,224
4,239,225
4,228,226
4,254,240
4,244,241
4,274,242
4,243,280
4,245,249
4,277,246
4,247,257
4,260,248
4,250,255
4,251,258
4,252,259
4,272,253
4,256,279
4,271,261
4,262,275
4,292,263
4,264,290
4,291,265
4,285,266
4,268,267
4,295,269
4,270,288
4,276,273
4,278,286
4,281,283
4,282,289
4,287,284
4,294,293
4,308,296
4,297,304
4,298,300
4,299,305
4,301,307
4,302,322
4,303,312
4,324,306
4,323,309
4,310,321
4,314,311
4,320,313
4,315,317
4,327,316
4,318,326
4,319,325
4,333,328
4,329,366
4,334,330
4,331,342
4,332,371
4,405,335
4,402,336
4,359,337
4,360,338
4,340,339
4,341,348
4,343,408
4,344,368
4,373,345
4,367,346
4,347,357
4,363,349
4,354,350
4,353,351
4,375,352
4,355,358
4,356,370
4,407,361
4,362,374
4,364,365
4,369,417
4,391,372
4,414,376
4,388,377
4,378,379
4,380,384
4,381,399
4,382,383
4,411,385
4,386,397
4,387,404
4,389,415
4,398,390
4,392,409
4,393,410
4,394,395
4,396,403
4,420,400
4,401,406
4,413,412
4,421,416
4,419,418
4,422,432
4,459,423
4,424,435
4,425,498
4,497,426
4,427,443
4,428,433
4,429,442
4,439,430
4,455,431
4,434,470
4,436,481
4,437,476
4,438,482
4,440,441
4,444,469
4,453,445
4,446,448
4,477,447
4,450,449
4,451,475
4,452,474
4,454,473
4,456,478
4,457,464
4,458,471
4,468,460
4,479,461
4,499,462
4,465,463
4,486,466
4,493,467
4,480,472
4,483,488
4,492,484
4,485,487
4,501,489
4,490,491
4,494,496
4,500,495
4,502,503
4,504,525
4,505,510
4,522,506
4,507,521
4,508,524
4,515,509
4,511,527
4,526,512
4,516,513
4,520,514
4,518,517
4,519,523
4,567,528
4,537,529
4,530,540
4,531,560
4,536,532
4,533,571
4,534,545
4,550,535
4,552,538
4,539,542
4,541,555
4,543,553
4,549,544
4,546,554
4,551,547
4,548,575
4,556,580
4,574,557
4,558,559
4,561,573
4,572,562
4,563,576
4,583,564
4,566,565
4,568,582
4,569,570
4,577,578
4,579,581
4,584,598
4,585,587
4,586,600
4,588,593
4,589,594
4,590,610
4,599,591
4,592,609
4,612,595
4,607,596
4,597,601
4,603,602
4,604,605
4,606,615
4,608,614
4,627,611
4,613,623
4,624,616
4,622,617
4,620,618
4,619,626
4,625,621
4,637,628
4,642,629
4,630,635
4,638,631
4,632,648
4,647,633
4,634,646
4,636,639
4,640,645
4,641,649
4,644,643
4,679,650
4,651,658
4,652,695
4,653,667
4,686,654
4,671,655
4,656,666
4,657,672
4,659,661
4,660,665
4,664,662
4,694,663
4,668,669
4,677,670
4,693,673
4,674,675
4,678,676
4,680,683
4,685,681
4,682,691
4,684,689
4,690,687
4,692,688
4,700,696
4,707,697
4,698,722
4,708,699
4,701,730
4,710,702
4,725,703
4,704,732
4,718,705
4,706,714
4,737,709
4,739,711
4,716,712
4,713,726
4,715,719
4,717,729
4,735,720
4,721,736
4,724,723
4,728,727
4,731,734
4,733,738
4,750,740
4,747,741
4,746,742
4,743,755
4,744,745
4,754,748
4,751,749
4,752,753
4,769,756
4,757,767
4,759,758
4,760,768
4,766,761
4,770,762
4,763,765
4,764,783
4,771,785
4,780,772
4,778,773
4,784,774
4,782,775
4,786,776
4,777,787
4,781,779
4,788,803
4,801,789
4,790,791
4,808,792
4,795,793
4,794,812
4,796,810
4,811,797
4,798,806
4,805,799
4,800,807
4,802,816
4,804,809
4,815,813
4,814,817
5,0,7
5,2,1
5,3,22
5,8,4
5,13,5
5,11,6
5,9,10
5,16,12
5,14,19
5,20,15
5,18,17
5,21,23
5,24,57
5,25,30
5,29,26
5,27,53
5,41,28
5,33,31
5,32,87
5,39,34
5,37,35
5,42,36
5,40,38
5,43,59
5,60,44
5,45,46
5,47,62
5,86,48
5,49,55
5,50,85
5,56,51
5,52,78
5,58,54
5,61,90
5,63,94
5,75,64
5,65,66
5,68,67
5,69,95
5,76,70
5,71,82
5,72,84
5,73,77
5,74,92
5,79,93
5,80,88
5,81,83
5,91,89
5,96,105
5,134,97
5,98,121
5,107,99
5,157,100
5,101,165
5,102,116
5,119,103
5,111,104
5,114,106
5,108,125
5,109,177
5,110,161
5,112,159
5,113,153
5,124,115
5,117,128
5,179,118
5,151,120
5,122,152
5,150,123
5,127,126
5,133,129
5,130,146
5,143,131
5,135,132
5,163,136
5,169,137
5,147,138
5,155,139
5,142,140
5,141,176
5,144,162
5,180,145
5,148,174
5,171,149
5,164,154
5,173,156
5,158,160
5,172,166
5,178,167
5,170,168
5,181,175
5,183,182
5,184,193
5,186,185
5,189,187
5,192,188
5,191,190
5,201,194
5,206,195
5,196,211
5,230,197
5,209,198
5,199,200
5,213,202
5,203,212
5,204,214
5,205,231
5,208,207
5,225,210
5,233,215
5,232,216
5,217,219
5,223,218
5,238,220
5,226,221
5,228,222
5,224,234
5,227,237
5,229,239
5,236,235
5,244,240
5,241,249
5,242,283
5,293,243
5,246,245
5,273,247
5,248,252
5,250,254
5,251,277
5,258,253
5,255,270
5,256,281
5,257,276
5,259,271
5,260,272
5,261,265
5,292,262
5,263,268
5,282,264
5,266,278
5,267,269
5,280,274
5,275,287
5,279,295
5,284,285
5,286,294
5,291,288
5,290,289
5,296,312
5,306,297
5,304,298
5,320,299
5,300,307
5,322,301
5,302,323
5,305,303
5,309,308
5,319,310
5,311,324
5,326,313
5,321,314
5,316,315
5,317,318
5,325,327
5,328,329
5,330,413
5,331,340
5,368,332
5,366,333
5,414,334
5,335,401
5,336,341
5,337,355
5,338,359
5,342,339
5,348,343
5,367,344
5,346,345
5,358,347
5,370,349
5,350,360
5,351,374
5,408,352
5,353,362
5,354,364
5,361,356
5,357,373
5,371,363
5,365,407
5,369,421
5,372,379
5,376,375
5,377,393
5,409,378
5,400,380
5,418,381
5,419,382
5,383,410
5,384,394
5,385,412
5,386,388
5,416,387
5,397,389
5,390,392
5,391,404
5,399,395
5,415,396
5,403,398
5,417,402
5,406,405
5,420,411
5,424,422
5,423,468
5,425,434
5,433,426
5,498,427
5,450,428
5,482,429
5,430,459
5,431,460
5,435,432
5,456,436
5,447,437
5,476,438
5,448,439
5,440,449
5,441,443
5,451,442
5,444,453
5,445,455
5,454,446
5,473,452
5,490,457
5,469,458
5,461,486
5,462,464
5,463,499
5,465,500
5,487,466
5,488,467
5,470,497
5,471,496
5,472,493
5,475,474
5,481,477
5,478,501
5,492,479
5,480,483
5,484,494
5,495,485
5,489,491
5,506,502
5,503,525
5,508,504
5,524,505
5,523,507
5,509,526
5,510,516
5,511,520
5,512,518
5,513,514
5,527,515
5,517,519
5,521,522
5,546,528
5,538,529
5,551,530
5,571,531
5,535,532
5,533,583
5,534,537
5,539,536
5,541,540
5,542,549
5,554,543
5,544,547
5,545,552
5,570,548
5,553,550
5,555,569
5,556,579
5,580,557
5,558,561
5,559,568
5,565,560
5,562,578
5,564,563
5,576,566
5,572,567
5,573,577
5,575,574
5,581,582
5,584,624
5,585,593
5,598,586
5,587,590
5,588,596
5,595,589
5,591,592
5,594,601
5,600,597
5,602,599
5,626,603
5,614,604
5,605,622
5,606,627
5,610,607
5,608,616
5,612,609
5,613,611
5,615,623
5,617,620
5,621,618
5,625,619
5,629,628
5,630,634
5,631,632
5,633,637
5,640,635
5,636,644
5,638,646
5,639,647
5,648,641
5,643,642
5,645,649
5,650,656
5,681,651
5,666,652
5,661,653
5,654,664
5,658,655
5,657,671
5,663,659
5,670,660
5,672,662
5,665,668
5,676,667
5,669,674
5,673,685
5,675,686
5,691,677
5,690,678
5,679,695
5,692,680
5,682,684
5,683,693
5,687,694
5,688,689
5,696,699
5,697,703
5,735,698
5,701,700
5,702,708
5,722,704
5,706,705
5,707,725
5,709,724
5,710,730
5,736,711
5,712,717
5,714,713
5,715,718
5,726,716
5,719,733
5,720,731
5,727,721
5,723,737
5,729,728
5,732,739
5,738,734
5,740,744
5,741,745
5,742,752
5,754,743
5,746,750
5,748,747
5,755,749
5,753,751
5,756,785
5,771,757
5,758,766
5,760,759
5,761,770
5,767,762
5,783,763
5,779,764
5,768,765
5,775,769
5,773,772
5,774,777
5,776,778
5,782,780
5,787,781
5,786,784
5,816,788
5,789,795
5,807,790
5,791,794
5,792,798
5,800,793
5,817,796
5,810,797
5,799,802
5,814,801
5,803,805
5,812,804
5,815,806
5,808,811
5,813,809
6,6,0
6,1,13
6,2,9
6,4,3
6,5,8
6,7,10
6,21,11
6,12,15
6,22,14
6,23,16
6,20,17
6,19,18
6,59,24
6,87,25
6,26,79
6,58,27
6,52,28
6,29,80
6,51,30
6,31,86
6,88,32
6,33,50
6,40,34
6,47,35
6,46,36
6,62,37
6,38,45
6,85,39
6,54,41
6,44,42
6,57,43
6,48,49
6,53,60
6,55,56
6,93,61
6,95,63
6,66,64
6,94,65
6,67,69
6,92,68
6,70,90
6,71,76
6,81,72
6,89,73
6,75,74
6,91,77
6,83,78
6,82,84
6,96,133
6,97,119
6,98,114
6,99,115
6,100,101
6,121,102
6,120,103
6,104,129
6,105,134
6,106,107
6,116,108
6,109,178
6,111,110
6,112,158
6,161,113
6,179,117
6,118,130
6,122,159
6,123,126
6,152,124
6,125,151
6,127,150
6,128,140
6,131,144
6,132,171
6,154,135
6,136,170
6,137,139
6,138,155
6,175,141
6,146,142
6,143,180
6,145,173
6,167,147
6,165,148
6,149,174
6,153,157
6,156,172
6,160,164
6,169,162
6,168,163
6,176,166
6,177,181
6,182,191
6,183,189
6,190,184
6,185,193
6,192,186
6,188,187
6,194,213
6,195,232
6,207,196
6,197,206
6,198,230
6,214,199
6,200,202
6,201,203
6,216,204
6,205,233
6,209,208
6,210,215
6,211,212
6,220,217
6,218,238
6,219,237
6,221,236
6,222,225
6,223,224
6,234,226
6,231,227
6,239,228
6,235,229
6,240,255
6,241,292
6,242,250
6,277,243
6,254,244
6,276,245
6,246,273
6,247,260
6,248,261
6,249,293
6,253,251
6,252,257
6,283,256
6,259,258
6,294,262
6,285,263
6,289,264
6,265,266
6,267,286
6,284,268
6,269,275
6,270,290
6,271,272
6,295,274
6,278,291
6,280,279
6,287,281
6,288,282
6,307,296
6,297,323
6,301,298
6,308,299
6,309,300
6,304,302
6,322,303
6,315,305
6,317,306
6,310,314
6,318,311
6,312,327
6,313,319
6,316,321
6,326,320
6,324,325
6,412,328
6,329,377
6,379,330
6,335,331
6,332,416
6,349,333
6,334,372
6,336,421
6,362,337
6,338,373
6,339,341
6,402,340
6,342,408
6,343,365
6,345,344
6,357,346
6,366,347
6,348,364
6,350,356
6,361,351
6,352,353
6,355,354
6,358,359
6,381,360
6,407,363
6,368,367
6,406,369
6,371,370
6,374,376
6,375,420
6,378,391
6,380,419
6,393,382
6,383,409
6,395,384
6,413,385
6,389,386
6,387,396
6,388,397
6,415,390
6,392,398
6,418,394
6,410,399
6,400,417
6,401,405
6,404,403
6,411,414
6,422,441
6,460,423
6,432,424
6,426,425
6,427,476
6,473,428
6,429,481
6,430,456
6,453,431
6,443,433
6,462,434
6,497,435
6,436,439
6,437,477
6,438,448
6,442,440
6,455,444
6,459,445
6,446,475
6,482,447
6,449,454
6,474,450
6,452,451
6,457,461
6,468,458
6,463,478
6,464,499
6,479,465
6,466,492
6,467,494
6,469,487
6,498,470
6,488,471
6,496,472
6,491,480
6,483,489
6,493,484
6,485,500
6,486,501
6,495,490
6,502,508
6,503,526
6,507,504
6,505,506
6,510,509
6,522,511
6,515,512
6,513,518
6,514,521
6,516,519
6,525,517
6,520,527
6,523,524
6,528,551
6,529,530
6,531,569
6,532,539
6,570,533
6,547,534
6,536,535
6,537,545
6,553,538
6,540,543
6,544,541
6,542,571
6,552,546
6,548,549
6,550,554
6,582,555
6,566,556
6,557,573
6,581,558
6,559,580
6,560,579
6,574,561
6,577,562
6,563,572
6,575,564
6,568,565
6,567,583
6,578,576
6,594,584
6,609,585
6,599,586
6,593,587
6,601,588
6,589,597
6,590,617
6,602,591
6,592,600
6,598,595
6,596,603
6,616,604
6,605,621
6,624,606
6,607,612
6,623,608
6,626,610
6,611,614
6,618,613
6,615,619
6,620,625
6,622,627
6,628,638
6,629,636
6,642,630
6,646,631
6,647,632
6,639,633
6,634,640
6,635,637
6,641,645
6,649,643
6,644,648
6,685,650
6,666,651
6,658,652
6,653,659
6,669,654
6,655,657
6,656,668
6,660,663
6,664,661
6,662,686
6,667,665
6,670,690
6,674,671
6,672,675
6,681,673
6,676,691
6,687,677
6,693,678
6,688,679
6,695,680
6,694,682
6,689,683
6,684,692
6,696,706
6,708,697
6,698,736
6,699,737
6,700,702
6,713,701
6,703,707
6,716,704
6,705,715
6,733,709
6,717,710
6,711,729
6,739,712
6,730,714
6,718,720
6,738,719
6,721,724
6,725,722
6,727,723
6,728,726
6,732,731
6,734,735
6,743,740
6,741,752
6,747,742
6,748,744
6,745,746
6,749,753
6,750,754
6,755,751
6,770,756
6,766,757
6,762,758
6,759,779
6,764,760
6,761,768
6,763,787
6,765,767
6,785,769
6,784,771
6,772,778
6,774,773
6,775,786
6,780,776
6,777,782
6,781,783
6,788,795
6,793,789
6,790,796
6,812,791
6,792,794
6,797,808
6,798,810
6,803,799
6,801,800
6,802,814
6,804,805
6,806,813
6,811,807
6,809,816
6,817,815
7,0,13
7,1,5
7,12,2
7,7,3
7,9,4
7,10,6
7,8,11
7,14,20
7,15,22
7,16,21
7,17,19
7,18,23
7,78,24
7,25,33
7,26,88
7,27,57
7,28,44
7,49,29
7,30,80
7,79,31
7,32,48
7,34,41
7,35,46
7,36,40
7,37,85
7,38,61
7,45,39
7,42,47
7,43,58
7,50,56
7,86,51
7,90,52
7,62,53
7,54,55
7,60,59
7,89,63
7,64,67
7,65,95
7,66,75
7,68,91
7,69,92
7,77,70
7,84,71
7,73,72
7,74,94
7,76,81
7,82,83
7,93,87
7,117,96
7,120,97
7,108,98
7,99,116
7,100,154
7,101,178
7,107,102
7,103,153
7,104,150
7,133,105
7,106,109
7,110,112
7,161,111
7,113,119
7,115,114
7,165,118
7,121,175
7,126,122
7,151,123
7,124,127
7,125,152
7,146,128
7,129,131
7,180,130
7,139,132
7,134,142
7,162,135
7,136,169
7,137,138
7,140,143
7,141,163
7,144,145
7,149,147
7,148,170
7,171,155
7,156,176
7,160,157
7,159,158
7,174,164
7,166,173
7,167,177
7,168,179
7,172,181
7,187,182
7,188,183
7,186,184
7,185,192
7,191,189
7,193,190
7,194,200
7,195,198
7,196,233
7,232,197
7,215,199
7,230,201
7,202,208
7,203,214
7,204,210
7,216,205
7,206,213
7,207,211
7,212,209
7,217,223
7,237,218
7,231,219
7,224,220
7,221,239
7,234,222
7,225,229
7,236,226
7,238,227
7,235,228
7,270,240
7,245,241
7,293,242
7,243,249
7,244,250
7,255,246
7,247,271
7,264,248
7,251,276
7,253,252
7,260,254
7,290,256
7,257,258
7,277,259
7,272,261
7,262,285
7,263,267
7,288,265
7,266,284
7,268,269
7,281,273
7,274,292
7,275,294
7,282,278
7,286,279
7,283,280
7,295,287
7,291,289
7,298,296
7,325,297
7,299,312
7,300,304
7,303,301
7,307,302
7,305,309
7,327,306
7,308,322
7,310,326
7,313,311
7,314,317
7,321,315
7,318,316
7,320,319
7,323,324
7,328,413
7,329,372
7,330,367
7,332,331
7,333,368
7,378,334
7,340,335
7,417,336
7,356,337
7,374,338
7,339,401
7,341,343
7,363,342
7,344,366
7,345,358
7,347,346
7,365,348
7,355,349
7,353,350
7,362,351
7,352,354
7,359,357
7,360,376
7,408,361
7,364,371
7,369,402
7,373,370
7,412,375
7,410,377
7,379,411
7,394,380
7,381,395
7,382,409
7,384,383
7,385,414
7,386,387
7,388,390
7,398,389
7,391,403
7,393,392
7,396,397
7,399,418
7,419,400
7,416,404
7,405,407
7,420,406
7,421,415
7,442,422
7,444,423
7,424,426
7,470,425
7,439,427
7,428,441
7,477,429
7,460,430
7,454,431
7,433,432
7,434,498
7,435,462
7,447,436
7,446,437
7,481,438
7,440,443
7,501,445
7,448,482
7,449,452
7,450,475
7,451,473
7,453,469
7,456,455
7,500,457
7,458,459
7,487,461
7,479,463
7,464,490
7,491,465
7,489,466
7,467,496
7,472,468
7,494,471
7,474,476
7,478,495
7,480,484
7,492,483
7,485,486
7,493,488
7,499,497
7,514,502
7,506,503
7,504,522
7,505,507
7,508,521
7,519,509
7,526,510
7,511,516
7,517,512
7,515,513
7,518,523
7,524,520
7,527,525
7,528,537
7,562,529
7,530,555
7,533,531
7,532,550
7,534,542
7,535,539
7,549,536
7,538,546
7,540,548
7,541,571
7,543,544
7,547,545
7,551,552
7,554,553
7,583,556
7,557,581
7,580,558
7,565,559
7,561,560
7,578,563
7,577,564
7,572,566
7,576,567
7,579,568
7,569,575
7,573,570
7,582,574
7,584,585
7,586,590
7,587,592
7,588,591
7,612,589
7,593,598
7,595,594
7,596,602
7,597,609
7,608,599
7,601,600
7,603,607
7,604,615
7,625,605
7,606,611
7,622,610
7,613,624
7,614,616
7,621,617
7,618,626
7,619,620
7,627,623
7,628,647
7,631,629
7,632,630
7,633,638
7,634,645
7,635,644
7,643,636
7,637,639
7,640,642
7,646,641
7,648,649
7,650,676
7,651,692
7,652,672
7,686,653
7,654,655
7,667,656
7,657,666
7,695,658
7,659,660
7,661,662
7,663,670
7,665,664
7,668,674
7,677,669
7,671,675
7,683,673
7,678,687
7,679,694
7,680,684
7,691,681
7,690,682
7,685,688
7,693,689
7,737,696
7,697,700
7,698,707
7,699,723
7,729,701
7,702,713
7,714,703
7,704,718
7,717,705
7,735,706
7,709,708
7,710,728
7,711,722
7,731,712
7,715,716
7,719,721
7,739,720
7,724,738
7,725,736
7,726,730
7,733,727
7,734,732
7,740,749
7,744,741
7,750,742
7,745,743
7,746,754
7,751,747
7,753,748
7,752,755
7,766,756
7,757,785
7,758,760
7,767,759
7,783,761
7,764,762
7,769,763
7,779,765
7,768,770
7,771,775
7,787,772
7,773,781
7,776,774
7,778,777
7,786,780
7,782,784
7,807,788
7,800,789
7,814,790
7,806,791
7,796,792
7,798,793
7,794,808
7,795,817
7,799,797
7,802,801
7,804,803
7,805,809
7,810,816
7,813,811
7,815,812
8,0,1
8,3,2
8,11,4
8,5,6
8,9,7
8,10,8
8,13,12
8,15,14
8,18,16
8,22,17
8,19,23
8,20,21
8,24,44
8,25,29
8,31,26
8,27,60
8,42,28
8,33,30
8,32,50
8,46,34
8,35,36
8,37,47
8,39,38
8,41,40
8,53,43
8,88,45
8,48,54
8,56,49
8,55,51
8,57,52
8,59,58
8,61,79
8,80,62
8,63,74
8,94,64
8,67,65
8,95,66
8,87,68
8,90,69
8,70,73
8,71,78
8,72,82
8,75,93
8,76,89
8,81,77
8,83,84
8,85,86
8,91,92
8,96,146
8,105,97
8,115,98
8,102,99
8,181,100
8,101,106
8,134,103
8,133,104
8,107,109
8,159,108
8,128,110
8,111,118
8,112,113
8,114,127
8,116,123
8,142,117
8,119,120
8,176,121
8,122,124
8,150,125
8,152,126
8,130,129
8,131,162
8,132,149
8,135,136
8,155,137
8,138,167
8,170,139
8,171,140
8,145,141
8,143,169
8,163,144
8,147,148
8,153,151
8,174,154
8,166,156
8,157,177
8,158,161
8,178,160
8,164,168
8,179,165
8,173,172
8,180,175
8,184,182
8,183,186
8,187,185
8,189,188
8,192,190
8,193,191
8,205,194
8,196,195
8,198,197
8,199,204
8,237,200
8,201,232
8,206,202
8,215,203
8,212,207
8,208,211
8,213,209
8,210,220
8,214,216
8,239,217
8,218,230
8,219,224
8,222,221
8,227,223
8,225,236
8,226,235
8,228,238
8,229,234
8,233,231
8,240,288
8,250,241
8,242,249
8,246,243
8,244,255
8,252,245
8,276,247
8,271,248
8,256,251
8,257,253
8,259,254
8,258,260
8,261,283
8,284,262
8,294,263
8,278,264
8,265,290
8,291,266
8,267,287
8,274,268
8,292,269
8,289,270
8,273,272
8,286,275
8,293,277
8,279,281
8,280,295
8,285,282
8,296,297
8,323,298
8,309,299
8,306,300
8,302,301
8,303,308
8,304,322
8,305,321
8,324,307
8,325,310
8,311,315
8,312,316
8,314,313
8,326,317
8,319,318
8,327,320
8,334,328
8,414,329
8,330,366
8,331,417
8,333,332
8,335,369
8,336,339
8,337,357
8,338,355
8,364,340
8,341,401
8,342,343
8,344,373
8,367,345
8,346,368
8,347,349
8,363,348
8,350,352
8,351,407
8,361,353
8,354,365
8,358,356
8,370,359
8,375,360
8,376,362
8,371,421
8,372,413
8,420,374
8,377,391
8,392,378
8,403,379
8,380,382
8,385,381
8,383,419
8,400,384
8,409,386
8,387,388
8,389,410
8,390,396
8,397,393
8,399,394
8,395,418
8,404,398
8,402,406
8,408,405
8,411,412
8,415,416
8,422,440
8,423,469
8,424,470
8,425,427
8,426,498
8,443,428
8,431,429
8,436,430
8,432,434
8,435,433
8,482,437
8,438,477
8,439,446
8,441,442
8,444,485
8,445,460
8,447,456
8,455,448
8,475,449
8,450,451
8,454,452
8,486,453
8,499,457
8,458,480
8,468,459
8,461,466
8,497,462
8,463,491
8,465,464
8,471,467
8,488,472
8,473,474
8,476,481
8,478,489
8,490,479
8,483,494
8,484,500
8,487,495
8,492,501
8,496,493
8,521,502
8,503,527
8,504,506
8,519,505
8,507,520
8,511,508
8,509,516
8,510,513
8,512,514
8,522,515
8,517,524
8,526,518
8,525,523
8,529,528
8,530,552
8,539,531
8,569,532
8,535,533
8,546,534
8,536,544
8,537,547
8,554,538
8,555,540
8,543,541
8,548,542
8,545,553
8,550,549
8,551,575
8,556,565
8,558,557
8,559,579
8,560,581
8,561,562
8,563,583
8,564,578
8,566,568
8,567,577
8,571,570
8,572,576
8,574,573
8,580,582
8,584,627
8,585,612
8,595,586
8,607,587
8,599,588
8,598,589
8,590,625
8,591,603
8,592,601
8,609,593
8,597,594
8,610,596
8,600,602
8,611,604
8,626,605
8,606,623
8,624,608
8,616,613
8,614,615
8,617,618
8,621,619
8,620,622
8,648,628
8,641,629
8,630,639
8,631,649
8,632,633
8,636,634
8,642,635
8,638,637
8,644,640
8,645,643
8,647,646
8,650,678
8,673,651
8,671,652
8,665,653
8,654,672
8,655,666
8,669,656
8,674,657
8,679,658
8,677,659
8,660,694
8,670,661
8,662,687
8,663,686
8,664,668
8,675,667
8,676,681
8,688,680
8,682,695
8,684,683
8,689,685
8,691,690
8,692,693
8,701,696
8,709,697
8,705,698
8,700,699
8,703,702
8,704,717
8,706,713
8,707,714
8,708,726
8,729,710
8,720,711
8,712,730
8,722,715
8,728,716
8,718,725
8,719,739
8,721,734
8,723,732
8,724,733
8,727,731
8,736,735
8,737,738
8,754,740
8,741,755
8,742,745
8,743,744
8,753,746
8,749,747
8,751,748
8,752,750
8,756,757
8,781,758
8,759,769
8,760,766
8,761,771
8,762,768
8,763,779
8,767,764
8,770,765
8,774,772
8,776,773
8,777,775
8,783,778
8,785,780
8,786,782
8,784,787
8,788,805
8,789,802
8,794,790
8,791,810
8,792,806
8,793,797
8,795,807
8,812,796
8,811,798
8,799,813
8,808,800
8,816,801
8,803,814
8,815,804
8,809,817
9,21,0
9,6,1
9,2,10
9,5,3
9,4,7
9,8,9
9,11,12
9,13,18
9,17,14
9,19,15
9,16,20
9,23,22
9,24,53
9,79,25
9,26,33
9,44,27
9,47,28
9,29,32
9,30,49
9,80,31
9,34,42
9,40,35
9,36,85
9,39,37
9,86,38
9,41,46
9,52,43
9,45,61
9,48,55
9,51,50
9,56,54
9,57,59
9,58,60
9,62,87
9,92,63
9,64,95
9,65,74
9,94,66
9,67,90
9,68,69
9,84,70
9,73,71
9,83,72
9,91,75
9,77,76
9,78,89
9,82,81
9,88,93
9,96,134
9,97,104
9,98,107
9,109,99
9,106,100
9,102,101
9,103,111
9,105,120
9,108,115
9,158,110
9,119,112
9,113,125
9,114,116
9,117,133
9,118,128
9,121,181
9,127,122
9,123,152
9,124,126
9,129,146
9,131,130
9,132,147
9,155,135
9,136,137
9,149,138
9,139,167
9,140,165
9,173,141
9,142,176
9,163,143
9,144,180
9,156,145
9,148,168
9,150,151
9,160,153
9,154,179
9,157,161
9,177,159
9,162,166
9,164,170
9,169,171
9,175,172
9,178,174
9,182,192
9,185,183
9,184,187
9,186,193
9,188,191
9,190,189
9,194,204
9,211,195
9,197,196
9,233,198
9,199,202
9,200,201
9,203,205
9,209,206
9,207,230
9,208,214
9,221,210
9,213,212
9,232,215
9,216,237
9,217,227
9,220,218
9,223,219
9,222,236
9,224,239
9,226,225
9,228,229
9,238,231
9,235,234
9,240,260
9,241,293
9,243,242
9,261,244
9,245,250
9,249,246
9,258,247
9,248,257
9,251,252
9,253,273
9,254,256
9,271,255
9,272,259
9,262,267
9,263,284
9,264,266
9,265,270
9,295,268
9,269,286
9,281,274
9,285,275
9,277,276
9,289,278
9,279,283
9,287,280
9,282,291
9,290,288
9,294,292
9,322,296
9,297,327
9,298,324
9,299,302
9,300,323
9,301,309
9,307,303
9,304,308
9,312,305
9,306,325
9,317,310
9,311,319
9,313,321
9,318,314
9,315,326
9,316,320
9,328,420
9,334,329
9,368,330
9,331,369
9,349,332
9,346,333
9,406,335
9,401,336
9,337,358
9,338,376
9,348,339
9,340,341
9,371,342
9,343,364
9,359,344
9,357,345
9,373,347
9,351,350
9,355,352
9,353,356
9,407,354
9,360,361
9,375,362
9,370,363
9,365,408
9,366,367
9,412,372
9,411,374
9,377,378
9,379,393
9,380,381
9,382,395
9,394,383
9,384,419
9,418,385
9,415,386
9,397,387
9,403,388
9,416,389
9,390,404
9,392,391
9,396,398
9,400,399
9,405,402
9,410,409
9,413,414
9,421,417
9,433,422
9,441,423
9,462,424
9,432,425
9,427,426
9,428,442
9,429,439
9,430,431
9,434,497
9,470,435
9,436,482
9,437,438
9,440,450
9,443,449
9,459,444
9,469,445
9,474,446
9,448,447
9,451,454
9,452,475
9,455,453
9,460,456
9,457,479
9,472,458
9,461,478
9,464,463
9,490,465
9,466,491
9,467,483
9,471,468
9,481,473
9,476,477
9,480,496
9,484,488
9,501,485
9,495,486
9,500,487
9,489,492
9,493,494
9,498,499
9,502,507
9,523,503
9,505,504
9,524,506
9,522,508
9,512,509
9,525,510
9,521,511
9,513,517
9,514,527
9,520,515
9,516,526
9,518,519
9,528,530
9,578,529
9,531,532
9,533,536
9,552,534
9,570,535
9,544,537
9,547,538
9,539,550
9,542,540
9,541,548
9,555,543
9,545,551
9,553,546
9,549,574
9,571,554
9,559,556
9,557,566
9,579,558
9,568,560
9,575,561
9,564,562
9,567,563
9,565,572
9,583,569
9,582,573
9,576,577
9,581,580
9,589,584
9,585,590
9,594,586
9,587,597
9,588,592
9,591,593
9,599,595
9,596,619
9,601,598
9,600,609
9,602,626
9,603,612
9,604,624
9,605,620
9,613,606
9,617,607
9,615,608
9,610,621
9,616,611
9,623,614
9,618,622
9,627,625
9,649,628
9,629,645
9,630,640
9,637,631
9,646,632
9,633,635
9,639,634
9,636,648
9,638,647
9,643,641
9,644,642
9,666,650
9,651,693
9,657,652
9,653,660
9,658,654
9,686,655
9,656,676
9,659,670
9,661,665
9,662,663
9,675,664
9,667,669
9,668,671
9,672,674
9,692,673
9,694,677
9,678,682
9,690,679
9,680,685
9,681,684
9,683,688
9,687,691
9,695,689
9,696,724
9,710,697
9,698,706
9,699,733
9,700,737
9,702,701
9,703,708
9,712,704
9,716,705
9,713,707
9,723,709
9,718,711
9,714,728
9,715,725
9,730,717
9,720,719
9,738,721
9,722,735
9,726,729
9,732,727
9,731,739
9,734,736
9,740,746
9,748,741
9,742,743
9,744,752
9,755,745
9,747,753
9,749,750
9,754,751
9,756,762
9,761,757
9,758,763
9,770,759
9,760,767
9,765,764
9,768,766
9,769,783
9,771,786
9,772,777
9,773,782
9,787,774
9,775,785
9,781,776
9,778,779
9,780,784
9,793,788
9,789,805
9,790,792
9,791,815
9,807,794
9,797,795
9,796,811
9,808,798
9,814,799
9,810,800
9,801,803
9,809,802
9,813,804
9,806,816
9,817,812
