11,Heuristic,i02,1,100,1
Time,Value 
Final, 4931,7231

Round,H_team,A_team 
0,171,0
0,1,25
0,2,179
0,6,3
0,4,51
0,60,5
0,36,7
0,8,108
0,130,9
0,10,70
0,11,69
0,14,12
0,68,13
0,15,176
0,74,16
0,17,89
0,18,22
0,21,19
0,91,20
0,177,23
0,24,75
0,26,30
0,27,35
0,28,33
0,29,39
0,107,31
0,32,168
0,34,38
0,37,105
0,104,40
0,41,135
0,42,44
0,47,43
0,45,48
0,46,164
0,64,49
0,52,50
0,53,61
0,54,113
0,55,115
0,110,56
0,57,165
0,58,63
0,59,119
0,167,62
0,65,123
0,66,133
0,117,67
0,71,79
0,73,72
0,76,78
0,77,145
0,80,139
0,81,85
0,82,144
0,84,83
0,86,148
0,87,88
0,90,162
0,153,92
0,93,173
0,106,94
0,95,178
0,96,174
0,97,100
0,98,159
0,161,99
0,101,157
0,102,151
0,103,170
0,111,109
0,131,112
0,114,132
0,172,116
0,118,163
0,183,120
0,121,125
0,180,122
0,124,166
0,126,129
0,182,127
0,143,128
0,137,134
0,138,136
0,140,141
0,146,142
0,147,158
0,149,152
0,150,156
0,154,181
0,155,175
0,160,169
1,0,103
1,1,31
1,166,2
1,3,182
1,4,113
1,5,62
1,25,6
1,7,37
1,50,8
1,9,65
1,169,10
1,165,11
1,12,130
1,123,13
1,129,14
1,15,68
1,177,16
1,22,17
1,83,18
1,19,86
1,20,89
1,179,21
1,23,96
1,24,73
1,26,107
1,33,27
1,131,28
1,32,29
1,173,30
1,94,34
1,40,35
1,104,36
1,38,174
1,39,106
1,43,41
1,109,42
1,44,57
1,45,162
1,132,46
1,48,47
1,49,55
1,51,110
1,108,52
1,53,167
1,178,54
1,61,56
1,58,60
1,63,59
1,64,180
1,121,66
1,125,67
1,70,69
1,71,82
1,72,75
1,143,74
1,76,145
1,78,77
1,79,81
1,80,140
1,141,84
1,85,139
1,90,87
1,88,91
1,92,99
1,151,93
1,154,95
1,97,101
1,98,150
1,100,160
1,102,149
1,168,105
1,164,111
1,172,112
1,135,114
1,115,171
1,118,116
1,117,183
1,119,163
1,120,176
1,122,133
1,181,124
1,175,126
1,127,128
1,136,134
1,138,137
1,144,142
1,148,146
1,147,161
1,152,153
1,155,159
1,170,156
1,158,157
2,0,39
2,113,1
2,2,32
2,3,25
2,110,4
2,5,63
2,31,6
2,7,45
2,8,40
2,12,9
2,10,170
2,11,66
2,13,65
2,69,14
2,173,15
2,16,165
2,176,17
2,18,92
2,19,20
2,21,172
2,84,22
2,93,23
2,82,24
2,29,26
2,27,131
2,112,28
2,30,177
2,37,33
2,36,34
2,35,107
2,103,38
2,41,137
2,42,136
2,43,135
2,61,44
2,48,46
2,164,47
2,62,49
2,54,50
2,52,51
2,166,53
2,55,64
2,56,114
2,57,181
2,116,58
2,120,59
2,60,119
2,67,68
2,134,70
2,140,71
2,74,72
2,75,73
2,144,76
2,85,77
2,145,78
2,79,80
2,139,81
2,141,83
2,162,86
2,87,91
2,89,88
2,148,90
2,182,94
2,159,95
2,157,96
2,180,97
2,149,98
2,99,155
2,158,100
2,178,101
2,152,102
2,106,104
2,105,179
2,111,108
2,132,109
2,115,183
2,126,117
2,122,118
2,163,121
2,124,123
2,125,129
2,169,127
2,128,130
2,133,138
2,142,143
2,146,175
2,171,147
2,151,150
2,153,161
2,167,154
2,156,168
2,174,160
3,30,0
3,1,26
3,2,175
3,170,3
3,50,4
3,58,5
3,6,166
3,47,7
3,183,8
3,69,9
3,10,21
3,14,11
3,16,12
3,130,13
3,67,15
3,17,169
3,20,18
3,182,19
3,22,178
3,23,98
3,76,24
3,25,31
3,107,27
3,28,108
3,105,29
3,177,32
3,33,35
3,34,37
3,36,131
3,38,94
3,39,103
3,40,164
3,57,41
3,135,42
3,138,43
3,56,44
3,104,45
3,46,109
3,181,48
3,49,115
3,51,61
3,179,52
3,64,53
3,54,55
3,59,60
3,62,120
3,63,122
3,65,128
3,66,70
3,68,123
3,71,141
3,72,144
3,73,78
3,142,74
3,127,75
3,77,79
3,80,85
3,81,145
3,83,82
3,159,84
3,86,146
3,87,106
3,88,148
3,89,149
3,91,90
3,92,152
3,150,93
3,95,155
3,96,156
3,167,97
3,153,99
3,147,100
3,101,158
3,161,102
3,114,110
3,111,132
3,176,112
3,168,113
3,163,116
3,117,121
3,118,119
3,172,124
3,126,125
3,129,173
3,133,136
3,134,143
3,137,162
3,139,140
3,174,151
3,160,154
3,180,157
3,165,171
4,0,2
4,183,1
4,3,28
4,4,56
4,5,120
4,173,6
4,19,7
4,52,8
4,9,166
4,11,10
4,12,69
4,13,167
4,125,14
4,15,172
4,70,16
4,17,87
4,18,139
4,88,20
4,21,57
4,22,83
4,100,23
4,24,77
4,29,25
4,26,37
4,112,27
4,32,30
4,35,31
4,171,33
4,40,34
4,106,36
4,38,179
4,39,174
4,41,47
4,42,132
4,43,48
4,44,133
4,45,91
4,131,46
4,49,51
4,50,113
4,53,55
4,64,54
4,119,58
4,116,59
4,60,176
4,61,122
4,115,62
4,63,118
4,65,130
4,66,165
4,129,67
4,68,126
4,78,71
4,123,72
4,145,73
4,128,74
4,75,76
4,85,79
4,81,80
4,82,141
4,84,140
4,86,142
4,152,89
4,90,137
4,92,149
4,102,93
4,94,104
4,158,95
4,96,151
4,97,181
4,98,153
4,99,159
4,101,182
4,175,103
4,169,105
4,168,107
4,108,110
4,109,164
4,114,111
4,117,163
4,121,178
4,124,170
4,127,134
4,136,135
4,146,138
4,143,144
4,155,147
4,148,162
4,150,161
4,154,177
4,156,180
4,157,160
5,0,25
5,30,1
5,2,29
5,113,3
5,54,4
5,5,64
5,32,6
5,7,91
5,8,46
5,9,68
5,10,57
5,16,11
5,12,15
5,13,75
5,14,67
5,93,17
5,84,18
5,180,19
5,174,20
5,41,21
5,139,22
5,23,169
5,128,24
5,103,26
5,27,47
5,28,107
5,31,168
5,33,40
5,34,104
5,35,131
5,36,45
5,37,38
5,105,39
5,164,42
5,162,43
5,44,135
5,48,90
5,120,49
5,115,50
5,51,114
5,110,52
5,56,53
5,55,175
5,122,58
5,59,61
5,173,60
5,62,63
5,73,65
5,69,66
5,165,70
5,71,77
5,72,143
5,74,86
5,82,76
5,79,78
5,80,172
5,140,81
5,83,92
5,85,145
5,89,87
5,149,88
5,94,171
5,160,95
5,147,96
5,97,170
5,98,99
5,100,101
5,102,150
5,106,182
5,108,109
5,112,111
5,119,116
5,118,117
5,121,129
5,144,123
5,130,124
5,163,125
5,179,126
5,177,127
5,132,136
5,178,133
5,134,138
5,142,137
5,141,148
5,167,146
5,151,152
5,153,183
5,158,154
5,166,155
5,176,156
5,181,157
5,159,161
6,29,0
6,1,32
6,25,2
6,175,3
6,4,64
6,61,5
6,6,180
6,46,7
6,8,27
6,123,9
6,66,10
6,70,11
6,65,12
6,78,13
6,14,130
6,15,177
6,16,69
6,170,17
6,80,18
6,90,19
6,20,83
6,43,21
6,22,93
6,23,102
6,24,173
6,26,28
6,30,169
6,31,112
6,34,33
6,104,35
6,37,36
6,171,38
6,39,181
6,47,40
6,136,41
6,114,42
6,110,44
6,45,86
6,162,48
6,49,53
6,50,51
6,109,52
6,176,54
6,55,62
6,57,56
6,58,59
6,60,179
6,163,63
6,67,168
6,127,68
6,71,85
6,72,128
6,76,73
6,74,146
6,75,144
6,77,82
6,145,79
6,81,183
6,92,84
6,87,94
6,178,88
6,89,151
6,91,106
6,95,100
6,150,96
6,156,97
6,152,98
6,99,147
6,101,155
6,107,103
6,172,105
6,164,108
6,111,131
6,113,115
6,122,116
6,125,117
6,118,120
6,129,119
6,126,121
6,124,167
6,135,132
6,133,166
6,142,134
6,137,143
6,138,148
6,141,139
6,159,140
6,149,153
6,157,154
6,161,158
6,182,160
6,174,165
7,0,176
7,170,1
7,2,30
7,3,32
7,52,4
7,5,59
7,6,26
7,7,48
7,42,8
7,9,15
7,10,16
7,11,125
7,67,12
7,13,14
7,17,92
7,18,81
7,19,45
7,20,84
7,21,47
7,177,22
7,181,23
7,65,24
7,169,25
7,27,28
7,29,178
7,131,31
7,107,33
7,106,34
7,35,37
7,40,36
7,38,172
7,179,39
7,41,142
7,137,43
7,165,44
7,46,111
7,54,49
7,50,55
7,51,109
7,53,110
7,56,135
7,57,66
7,120,58
7,116,60
7,63,61
7,62,122
7,64,182
7,68,174
7,69,128
7,70,133
7,139,71
7,127,72
7,73,144
7,134,74
7,123,75
7,77,76
7,82,78
7,83,79
7,180,80
7,140,85
7,86,90
7,87,149
7,88,94
7,148,89
7,91,104
7,93,98
7,95,101
7,96,97
7,154,99
7,100,161
7,153,102
7,103,105
7,108,112
7,173,113
7,136,114
7,166,115
7,117,129
7,167,118
7,121,119
7,124,175
7,130,126
7,132,164
7,143,138
7,145,141
7,146,162
7,157,147
7,150,152
7,156,151
7,155,158
7,168,159
7,160,171
7,183,163
8,179,0
8,1,29
8,2,39
8,3,50
8,4,49
8,53,5
8,167,6
8,40,7
8,110,8
8,13,9
8,165,10
8,11,67
8,12,125
8,15,14
8,169,16
8,17,88
8,140,18
8,19,91
8,92,20
8,21,86
8,22,183
8,99,23
8,24,72
8,174,25
8,105,26
8,34,27
8,28,31
8,30,103
8,32,170
8,33,104
8,36,35
8,37,107
8,38,180
8,48,41
8,43,42
8,44,132
8,148,45
8,47,46
8,51,56
8,52,164
8,62,54
8,113,55
8,173,57
8,118,58
8,59,117
8,163,60
8,133,61
8,63,64
8,75,65
8,129,66
8,130,68
8,74,69
8,143,70
8,81,71
8,73,127
8,79,76
8,144,77
8,78,123
8,82,80
8,83,159
8,84,153
8,85,141
8,152,87
8,89,93
8,146,90
8,94,177
8,161,95
8,102,96
8,97,150
8,98,156
8,100,157
8,147,101
8,178,106
8,131,108
8,109,114
8,111,136
8,112,181
8,115,182
8,116,176
8,119,122
8,175,120
8,172,121
8,128,124
8,126,166
8,134,162
8,135,137
8,138,142
8,139,145
8,151,149
8,154,155
8,158,171
8,168,160
9,105,0
9,107,1
9,170,2
9,26,3
9,61,4
9,5,165
9,54,6
9,27,7
9,8,51
9,9,128
9,10,19
9,59,11
9,68,12
9,15,13
9,14,117
9,16,57
9,182,17
9,174,18
9,20,86
9,45,21
9,92,22
9,23,97
9,78,24
9,25,178
9,28,34
9,29,168
9,183,30
9,31,33
9,113,32
9,35,112
9,36,94
9,37,40
9,39,38
9,162,41
9,42,111
9,132,43
9,114,44
9,46,52
9,108,47
9,91,48
9,49,56
9,50,110
9,58,53
9,55,169
9,60,118
9,64,62
9,120,63
9,72,65
9,66,126
9,67,119
9,69,130
9,70,127
9,71,83
9,123,73
9,144,74
9,75,143
9,76,85
9,77,81
9,141,79
9,80,84
9,142,82
9,104,87
9,90,88
9,106,89
9,93,152
9,95,167
9,96,158
9,98,102
9,99,100
9,101,154
9,103,179
9,109,136
9,115,180
9,171,116
9,166,121
9,122,163
9,124,173
9,125,172
9,176,129
9,164,131
9,133,134
9,135,138
9,137,146
9,159,139
9,145,140
9,160,147
9,149,148
9,181,150
9,153,151
9,161,155
9,156,177
9,157,175
10,0,173
10,1,167
10,178,2
10,3,54
10,44,4
10,116,5
10,6,50
10,7,90
10,8,35
10,67,9
10,41,10
10,119,11
10,12,129
10,13,72
10,128,14
10,123,15
10,24,16
10,17,102
10,18,82
10,19,181
10,87,20
10,180,21
10,22,99
10,23,101
10,25,32
10,33,26
10,31,27
10,103,28
10,30,29
10,107,34
10,91,36
10,39,37
10,177,38
10,40,131
10,57,42
10,43,114
10,47,45
10,136,46
10,48,164
10,49,61
10,51,113
10,52,115
10,53,62
10,63,55
10,56,133
10,58,64
10,125,59
10,60,183
10,65,78
10,134,66
10,68,69
10,142,70
10,145,71
10,73,74
10,77,75
10,143,76
10,79,140
10,166,80
10,81,141
10,83,85
10,139,84
10,86,137
10,88,106
10,169,89
10,148,92
10,149,93
10,94,174
10,175,95
10,100,96
10,158,97
10,151,98
10,112,104
10,176,105
10,108,132
10,110,109
10,111,135
10,117,172
10,121,118
10,120,122
10,168,124
10,126,171
10,127,130
10,162,138
10,146,144
10,147,154
10,150,157
10,152,161
10,159,153
10,155,160
10,182,156
10,163,179
10,170,165
11,172,0
11,179,1
11,2,182
11,3,31
11,4,8
11,5,49
11,177,6
11,34,7
11,9,72
11,10,67
11,11,57
11,70,12
11,24,13
11,14,68
11,69,15
11,16,66
11,17,91
11,85,18
11,74,19
11,20,22
11,21,42
11,173,23
11,113,25
11,26,27
11,28,35
11,29,169
11,30,166
11,32,175
11,33,112
11,36,46
11,37,103
11,38,87
11,178,39
11,132,40
11,41,134
11,45,43
11,44,136
11,138,47
11,137,48
11,50,108
11,53,51
11,54,52
11,55,170
11,165,56
11,62,58
11,129,59
11,122,60
11,61,114
11,63,115
11,64,120
11,65,174
11,76,71
11,73,77
11,75,128
11,78,81
11,148,79
11,183,80
11,82,139
11,140,83
11,84,152
11,86,149
11,88,162
11,89,153
11,90,142
11,92,141
11,93,156
11,167,94
11,99,95
11,101,96
11,97,168
11,161,98
11,154,100
11,102,159
11,104,164
11,181,105
11,106,171
11,131,107
11,135,109
11,110,111
11,121,116
11,117,119
11,118,125
11,130,123
11,127,124
11,163,126
11,133,176
11,143,146
11,144,145
11,147,150
11,180,151
11,157,155
11,158,160
12,32,0
12,1,180
12,172,2
12,179,3
12,108,4
12,119,5
12,6,113
12,7,28
12,47,8
12,9,182
12,69,10
12,170,11
12,12,123
12,128,13
12,16,14
12,15,65
12,20,17
12,18,176
12,87,19
12,48,21
12,98,22
12,23,178
12,71,24
12,25,54
12,31,26
12,27,37
12,103,29
12,171,30
12,131,33
12,35,34
12,164,36
12,105,38
12,39,183
12,94,40
12,42,41
12,136,43
12,109,44
12,90,45
12,46,104
12,49,63
12,114,50
12,115,51
12,111,52
12,59,53
12,166,55
12,56,122
12,70,57
12,58,163
12,120,60
12,61,64
12,62,118
12,66,67
12,124,68
12,72,130
12,79,73
12,137,74
12,78,75
12,76,81
12,80,77
12,85,82
12,139,83
12,84,148
12,138,86
12,153,88
12,91,89
12,159,92
12,96,93
12,95,157
12,97,147
12,102,99
12,155,100
12,160,101
12,149,106
12,112,107
12,132,110
12,116,117
12,175,121
12,125,127
12,126,181
12,174,129
12,133,135
12,134,146
12,140,169
12,141,144
12,162,142
12,145,143
12,150,158
12,151,168
12,152,177
12,161,154
12,156,173
12,165,167
13,0,177
13,28,1
13,171,2
13,33,3
13,4,53
13,56,5
13,6,174
13,7,87
13,8,54
13,14,9
13,44,10
13,11,117
13,13,12
13,130,15
13,181,16
13,19,17
13,18,71
13,182,20
13,21,165
13,22,180
13,168,23
13,74,24
13,25,30
13,26,32
13,27,36
13,175,29
13,31,115
13,34,39
13,35,103
13,104,37
13,38,106
13,40,91
13,164,41
13,42,110
13,43,90
13,45,137
13,46,108
13,47,111
13,48,138
13,122,49
13,112,50
13,51,64
13,52,132
13,55,58
13,57,61
13,59,62
13,60,63
13,68,65
13,66,118
13,67,69
13,136,70
13,72,78
13,128,73
13,75,145
13,142,76
13,77,140
13,79,139
13,141,80
13,81,84
13,146,82
13,83,148
13,144,85
13,86,143
13,88,152
13,89,167
13,151,92
13,93,153
13,94,149
13,95,147
13,96,98
13,157,97
13,99,158
13,100,150
13,101,161
13,156,102
13,105,178
13,107,166
13,109,131
13,113,170
13,114,133
13,116,120
13,119,125
13,183,121
13,123,127
13,176,124
13,169,126
13,129,163
13,135,134
13,154,159
13,155,172
13,160,179
13,162,173
