1217,Heuristic,i03,0,100,1
Time,Value 
Final, 3219,7231

Round,H_team,A_team 
0,77,0
0,169,1
0,2,86
0,3,178
0,60,4
0,180,5
0,120,6
0,7,173
0,8,214
0,25,9
0,10,103
0,33,11
0,174,12
0,13,63
0,14,115
0,15,197
0,16,167
0,78,17
0,18,199
0,80,19
0,20,137
0,45,21
0,213,22
0,23,47
0,206,24
0,26,44
0,27,37
0,189,28
0,29,92
0,205,30
0,31,204
0,108,32
0,41,34
0,35,48
0,40,36
0,201,38
0,126,39
0,170,42
0,43,202
0,207,46
0,49,57
0,50,128
0,171,51
0,56,52
0,53,203
0,54,133
0,55,138
0,127,58
0,59,211
0,61,142
0,191,62
0,64,65
0,66,185
0,149,67
0,73,68
0,69,184
0,147,70
0,71,186
0,72,196
0,74,210
0,75,148
0,150,76
0,177,79
0,87,81
0,172,82
0,83,88
0,89,84
0,198,85
0,152,90
0,96,91
0,129,93
0,94,102
0,168,95
0,97,99
0,176,98
0,100,101
0,157,104
0,105,164
0,106,212
0,107,162
0,109,111
0,110,165
0,112,113
0,200,114
0,183,116
0,190,117
0,118,208
0,122,119
0,121,193
0,188,123
0,194,124
0,125,182
0,131,130
0,132,139
0,134,187
0,135,156
0,136,209
0,175,140
0,141,195
0,144,143
0,145,192
0,166,146
0,159,151
0,155,153
0,181,154
0,163,158
0,160,215
0,161,179
1,0,73
1,84,1
1,2,3
1,4,23
1,5,194
1,6,45
1,141,7
1,8,15
1,9,172
1,10,25
1,179,11
1,37,12
1,204,13
1,181,14
1,16,74
1,17,143
1,146,18
1,19,201
1,55,20
1,21,122
1,22,197
1,24,64
1,193,26
1,27,188
1,28,211
1,29,168
1,30,213
1,70,31
1,165,32
1,199,33
1,34,171
1,184,35
1,36,187
1,38,185
1,39,53
1,42,40
1,41,121
1,43,125
1,44,206
1,46,47
1,48,131
1,130,49
1,215,50
1,51,116
1,52,183
1,127,54
1,136,56
1,57,140
1,58,133
1,59,60
1,186,61
1,62,189
1,191,63
1,65,176
1,66,167
1,67,71
1,68,148
1,80,69
1,72,149
1,75,77
1,76,209
1,78,144
1,82,79
1,81,89
1,83,155
1,154,85
1,212,86
1,210,87
1,153,88
1,90,157
1,91,93
1,92,103
1,190,94
1,95,198
1,129,96
1,161,97
1,98,182
1,202,99
1,178,100
1,101,214
1,102,170
1,104,152
1,105,108
1,169,106
1,111,107
1,173,109
1,163,110
1,112,195
1,113,115
1,114,180
1,117,174
1,196,118
1,123,119
1,126,120
1,124,207
1,128,200
1,132,205
1,156,134
1,203,135
1,137,138
1,139,208
1,142,175
1,145,166
1,147,150
1,151,177
1,162,158
1,192,159
1,160,164
2,0,156
2,1,83
2,74,2
2,3,150
2,4,194
2,5,196
2,6,126
2,7,8
2,9,129
2,152,10
2,11,199
2,12,33
2,171,13
2,14,200
2,63,15
2,135,16
2,144,17
2,18,166
2,19,82
2,138,20
2,21,120
2,22,190
2,23,179
2,24,57
2,25,41
2,118,26
2,124,27
2,209,28
2,103,29
2,48,30
2,202,31
2,32,111
2,93,34
2,131,35
2,185,36
2,37,38
2,39,43
2,40,177
2,123,42
2,44,207
2,122,45
2,117,46
2,47,210
2,49,173
2,50,206
2,51,176
2,211,52
2,53,127
2,58,54
2,137,55
2,56,132
2,205,59
2,60,178
2,170,61
2,62,186
2,140,64
2,65,139
2,195,66
2,188,67
2,77,68
2,69,70
2,149,71
2,204,72
2,148,73
2,215,75
2,76,147
2,143,78
2,79,80
2,81,175
2,155,84
2,85,151
2,86,181
2,87,184
2,88,154
2,89,153
2,104,90
2,157,91
2,203,92
2,159,94
2,95,101
2,96,198
2,97,191
2,98,201
2,99,100
2,102,174
2,208,105
2,192,106
2,107,110
2,108,162
2,182,109
2,114,112
2,113,183
2,115,189
2,116,180
2,119,169
2,125,121
2,167,128
2,133,130
2,134,136
2,212,141
2,187,142
2,172,145
2,168,146
2,158,165
2,197,160
2,214,161
2,213,163
2,164,193
3,143,0
3,1,89
3,82,2
3,86,3
3,47,4
3,193,5
3,122,6
3,15,7
3,8,141
3,10,9
3,11,14
3,12,215
3,13,62
3,93,16
3,17,204
3,18,202
3,79,19
3,20,53
3,42,21
3,198,22
3,194,23
3,191,24
3,152,25
3,26,197
3,27,123
3,38,28
3,171,29
3,46,30
3,31,210
3,32,102
3,33,167
3,34,168
3,35,58
3,36,169
3,180,37
3,121,39
3,45,40
3,41,125
3,43,203
3,177,44
3,57,48
3,131,49
3,50,116
3,183,51
3,136,52
3,54,137
3,135,55
3,133,56
3,64,59
3,60,63
3,61,173
3,186,65
3,145,66
3,67,72
3,68,147
3,214,69
3,150,70
3,71,187
3,73,75
3,74,156
3,211,76
3,148,77
3,196,78
3,184,80
3,195,81
3,154,83
3,153,84
3,88,85
3,87,155
3,91,90
3,92,95
3,94,192
3,96,157
3,159,97
3,206,98
3,99,188
3,100,199
3,101,103
3,174,104
3,162,105
3,106,185
3,165,107
3,164,108
3,109,178
3,110,212
3,111,190
3,115,112
3,207,113
3,189,114
3,175,117
3,118,209
3,120,119
3,176,124
3,126,128
3,130,127
3,129,170
3,179,132
3,138,134
3,139,144
3,182,140
3,142,208
3,146,205
3,201,149
3,151,160
3,158,181
3,200,161
3,163,172
3,166,213
4,0,148
4,155,1
4,2,157
4,83,3
4,46,4
4,113,5
4,6,21
4,7,142
4,8,63
4,121,9
4,44,10
4,37,11
4,190,12
4,13,180
4,112,14
4,59,15
4,16,189
4,174,17
4,197,18
4,19,207
4,54,20
4,114,22
4,23,60
4,173,24
4,25,184
4,172,26
4,209,27
4,28,186
4,29,159
4,30,140
4,147,31
4,110,32
4,33,115
4,34,196
4,57,35
4,36,42
4,193,38
4,39,125
4,202,40
4,43,41
4,45,120
4,199,47
4,130,48
4,181,49
4,167,50
4,51,191
4,52,139
4,53,126
4,55,93
4,134,56
4,58,131
4,141,61
4,62,170
4,187,64
4,65,214
4,66,201
4,205,67
4,75,68
4,69,194
4,70,76
4,72,71
4,77,73
4,169,74
4,78,183
4,168,79
4,80,177
4,81,203
4,82,150
4,84,88
4,85,98
4,188,86
4,89,87
4,90,175
4,129,91
4,101,92
4,151,94
4,95,200
4,104,96
4,97,100
4,102,99
4,103,152
4,105,182
4,210,106
4,107,158
4,108,211
4,208,109
4,111,165
4,116,119
4,117,176
4,178,118
4,128,122
4,123,171
4,124,195
4,127,133
4,132,136
4,137,135
4,156,138
4,215,143
4,144,185
4,213,145
4,192,146
4,149,198
4,154,153
4,160,162
4,161,206
4,212,163
4,204,164
4,166,179
5,0,144
5,1,87
5,150,2
5,3,89
5,4,168
5,5,51
5,6,131
5,61,7
5,60,8
5,9,34
5,10,129
5,11,200
5,12,183
5,141,13
5,14,33
5,195,15
5,16,182
5,17,214
5,142,18
5,70,19
5,20,134
5,21,36
5,22,181
5,176,23
5,24,59
5,201,25
5,26,175
5,187,27
5,28,212
5,29,154
5,30,117
5,31,213
5,32,158
5,35,39
5,124,37
5,188,38
5,40,118
5,170,41
5,42,120
5,189,43
5,205,44
5,119,45
5,140,46
5,47,197
5,48,127
5,49,133
5,208,50
5,132,52
5,53,137
5,56,54
5,156,55
5,64,57
5,194,58
5,62,207
5,63,192
5,178,65
5,180,66
5,173,67
5,68,202
5,196,69
5,71,204
5,186,72
5,73,78
5,74,135
5,76,75
5,199,77
5,198,79
5,80,82
5,81,84
5,153,83
5,85,215
5,86,193
5,88,155
5,90,103
5,91,104
5,92,152
5,93,96
5,94,97
5,100,95
5,98,102
5,99,191
5,184,101
5,190,105
5,106,111
5,163,107
5,165,108
5,109,211
5,162,110
5,112,174
5,114,113
5,115,179
5,116,122
5,206,121
5,172,123
5,125,126
5,128,130
5,138,136
5,143,139
5,146,145
5,148,147
5,167,149
5,203,151
5,157,171
5,177,159
5,210,160
5,161,169
5,209,164
5,185,166
6,78,0
6,154,1
6,2,215
6,211,3
6,4,174
6,117,5
6,39,6
6,7,59
6,8,13
6,125,9
6,95,10
6,11,213
6,12,14
6,15,61
6,91,16
6,139,17
6,18,201
6,19,194
6,93,20
6,168,21
6,179,22
6,46,23
6,24,49
6,25,129
6,26,173
6,27,206
6,36,28
6,202,29
6,47,30
6,75,31
6,32,107
6,33,190
6,34,43
6,54,35
6,37,123
6,38,177
6,120,40
6,41,53
6,42,119
6,44,121
6,45,196
6,133,48
6,50,176
6,51,208
6,52,209
6,55,56
6,57,204
6,130,58
6,182,60
6,63,62
6,136,64
6,65,140
6,66,72
6,67,169
6,185,68
6,69,149
6,79,70
6,192,71
6,73,143
6,212,74
6,77,76
6,147,80
6,155,81
6,84,82
6,83,85
6,150,86
6,87,153
6,89,88
6,96,90
6,104,92
6,98,94
6,102,97
6,203,99
6,197,100
6,152,101
6,103,167
6,171,105
6,106,188
6,195,108
6,109,110
6,158,111
6,200,112
6,113,199
6,175,114
6,115,172
6,193,116
6,118,189
6,122,210
6,183,124
6,126,127
6,131,128
6,134,132
6,135,138
6,137,156
6,142,141
6,144,205
6,145,198
6,146,187
6,180,148
6,151,178
6,214,157
6,159,186
6,160,170
6,191,161
6,162,165
6,163,181
6,164,184
6,207,166
7,132,0
7,1,81
7,76,2
7,3,198
7,175,4
7,5,114
7,119,6
7,13,7
7,59,8
7,43,9
7,10,197
7,112,11
7,204,12
7,14,195
7,174,15
7,16,55
7,17,73
7,214,18
7,213,19
7,127,20
7,40,21
7,22,192
7,23,117
7,48,24
7,121,25
7,189,26
7,194,27
7,28,185
7,97,29
7,30,131
7,31,191
7,94,32
7,207,33
7,34,91
7,49,35
7,186,36
7,206,37
7,38,171
7,41,39
7,45,42
7,44,125
7,201,46
7,209,47
7,50,126
7,178,51
7,52,65
7,58,53
7,64,54
7,56,156
7,130,57
7,140,60
7,179,61
7,62,141
7,168,63
7,149,66
7,172,67
7,68,150
7,69,147
7,80,70
7,181,71
7,72,167
7,86,74
7,199,75
7,135,77
7,78,188
7,79,84
7,82,211
7,157,83
7,85,153
7,88,87
7,155,89
7,92,90
7,138,93
7,103,95
7,183,96
7,208,98
7,99,190
7,100,202
7,101,203
7,107,102
7,104,154
7,105,165
7,177,106
7,108,180
7,212,109
7,110,158
7,111,163
7,173,113
7,169,115
7,116,128
7,176,118
7,120,122
7,123,182
7,184,124
7,129,152
7,133,136
7,137,134
7,139,142
7,187,143
7,215,144
7,210,145
7,170,146
7,148,205
7,196,151
7,160,159
7,161,193
7,164,162
7,166,200
8,0,56
8,153,1
8,96,2
8,88,3
8,182,4
8,5,112
8,6,125
8,62,7
8,8,212
8,9,41
8,26,10
8,11,12
8,195,13
8,184,14
8,60,15
8,86,16
8,17,196
8,18,200
8,19,147
8,20,136
8,21,119
8,172,22
8,23,210
8,24,179
8,90,25
8,27,199
8,40,28
8,29,104
8,30,130
8,31,68
8,163,32
8,33,214
8,205,34
8,35,50
8,206,36
8,37,204
8,181,38
8,39,127
8,203,42
8,43,121
8,118,44
8,116,45
8,48,46
8,193,47
8,140,49
8,51,117
8,77,52
8,53,55
8,138,54
8,57,133
8,128,58
8,141,59
8,61,139
8,63,187
8,189,64
8,65,132
8,146,66
8,174,67
8,202,69
8,70,82
8,71,201
8,170,72
8,209,73
8,74,191
8,150,75
8,148,76
8,198,78
8,188,79
8,80,207
8,81,176
8,84,83
8,85,155
8,87,183
8,180,89
8,156,91
8,208,92
8,93,137
8,94,99
8,152,95
8,97,98
8,100,103
8,190,101
8,158,102
8,107,105
8,106,215
8,108,173
8,109,185
8,110,177
8,111,162
8,197,113
8,114,186
8,115,178
8,131,120
8,122,126
8,124,123
8,129,168
8,134,135
8,169,142
8,143,211
8,167,144
8,145,171
8,149,192
8,151,154
8,157,175
8,159,164
8,165,160
8,213,161
8,194,166
9,52,0
9,1,88
9,2,16
9,155,3
9,4,30
9,176,5
9,123,6
9,7,63
9,168,8
9,152,9
9,10,93
9,215,11
9,12,115
9,13,60
9,14,199
9,15,62
9,198,17
9,182,18
9,19,150
9,20,135
9,21,128
9,205,22
9,183,23
9,65,24
9,25,43
9,192,26
9,27,181
9,179,28
9,29,85
9,66,31
9,32,109
9,33,37
9,96,34
9,35,177
9,36,45
9,204,38
9,120,39
9,125,40
9,41,129
9,42,174
9,200,44
9,46,116
9,47,202
9,49,48
9,50,194
9,51,190
9,133,53
9,54,130
9,55,134
9,58,56
9,187,57
9,59,140
9,211,61
9,64,169
9,67,195
9,68,76
9,72,69
9,75,70
9,71,145
9,73,184
9,91,74
9,156,77
9,78,178
9,79,206
9,193,80
9,153,81
9,147,82
9,83,86
9,84,87
9,89,189
9,90,201
9,92,100
9,160,94
9,95,104
9,151,97
9,98,167
9,207,99
9,101,188
9,102,111
9,175,103
9,105,110
9,191,106
9,164,107
9,158,108
9,119,112
9,113,208
9,117,114
9,118,170
9,121,180
9,122,197
9,185,124
9,126,131
9,127,138
9,132,143
9,136,137
9,139,213
9,186,141
9,142,209
9,144,203
9,146,214
9,212,148
9,171,149
9,154,157
9,196,159
9,210,161
9,162,163
9,173,165
9,166,172
10,0,134
10,82,1
10,70,2
10,3,153
10,201,4
10,5,170
10,130,6
10,7,206
10,61,8
10,9,90
10,121,10
10,11,209
10,199,12
10,210,13
10,22,14
10,15,65
10,16,96
10,211,17
10,145,18
10,69,19
10,34,20
10,126,21
10,23,213
10,60,24
10,25,125
10,40,26
10,112,27
10,28,187
10,95,29
10,30,51
10,148,31
10,162,32
10,197,33
10,53,35
10,195,36
10,37,168
10,38,179
10,45,39
10,120,41
10,42,194
10,44,43
10,128,46
10,47,172
10,48,54
10,49,64
10,58,50
10,138,52
10,136,55
10,56,77
10,131,57
10,63,59
10,169,62
10,67,66
10,68,184
10,178,71
10,192,72
10,144,73
10,76,74
10,147,75
10,176,78
10,79,215
10,150,80
10,186,81
10,89,83
10,85,84
10,86,157
10,87,190
10,88,151
10,177,91
10,167,92
10,135,93
10,164,94
10,188,97
10,174,98
10,99,205
10,100,193
10,104,101
10,102,105
10,103,173
10,106,109
10,108,107
10,110,111
10,113,182
10,114,116
10,115,207
10,117,198
10,191,118
10,119,189
10,123,122
10,124,171
10,137,127
10,196,129
10,200,132
10,140,133
10,185,139
10,141,180
10,142,183
10,143,208
10,181,146
10,203,149
10,214,152
10,154,155
10,175,156
10,159,158
10,204,160
10,161,212
10,165,163
10,202,166
11,75,0
11,1,79
11,155,2
11,3,84
11,4,63
11,116,5
11,6,40
11,197,7
11,8,142
11,9,169
11,101,10
11,11,115
11,168,12
11,13,203
11,14,201
11,182,15
11,20,16
11,17,148
11,18,186
11,209,19
11,39,21
11,22,112
11,30,23
11,24,46
11,91,25
11,26,174
11,190,27
11,28,44
11,29,90
11,31,73
11,32,160
11,33,200
11,55,34
11,35,211
11,36,179
11,181,37
11,213,38
11,127,41
11,205,42
11,43,126
11,45,123
11,207,47
11,48,58
11,208,49
11,50,122
11,215,51
11,52,212
11,53,138
11,54,136
11,135,56
11,57,195
11,65,59
11,60,141
11,61,191
11,62,193
11,64,139
11,166,66
11,189,67
11,70,68
11,71,69
11,72,185
11,74,150
11,96,76
11,77,147
11,199,78
11,80,192
11,81,154
11,86,82
11,83,87
11,85,102
11,98,88
11,170,89
11,180,92
11,93,156
11,94,162
11,188,95
11,97,196
11,99,175
11,177,100
11,104,103
11,183,105
11,106,214
11,107,176
11,167,108
11,109,202
11,172,110
11,111,161
11,206,113
11,184,114
11,178,117
11,194,118
11,198,119
11,125,120
11,131,121
11,187,124
11,133,128
11,129,137
11,140,130
11,132,144
11,134,210
11,143,145
11,146,171
11,149,173
11,153,151
11,157,152
11,158,164
11,159,165
11,163,204
12,0,17
12,19,1
12,2,153
12,147,3
12,4,8
12,115,5
12,116,6
12,210,7
12,186,9
12,10,104
12,201,11
12,12,167
12,13,61
12,14,177
12,15,64
12,16,77
12,78,18
12,20,129
12,21,123
12,208,22
12,23,168
12,185,24
12,170,25
12,211,26
12,27,204
12,202,28
12,152,29
12,57,30
12,31,72
12,32,159
12,193,33
12,34,53
12,46,35
12,39,36
12,119,37
12,38,207
12,40,43
12,41,133
12,122,42
12,179,44
12,125,45
12,117,47
12,128,48
12,59,49
12,130,50
12,51,197
12,52,134
12,54,55
12,56,137
12,58,126
12,196,60
12,171,62
12,63,183
12,136,65
12,66,174
12,67,192
12,82,68
12,69,150
12,148,70
12,71,203
12,73,132
12,138,74
12,200,75
12,76,86
12,89,79
12,198,80
12,88,81
12,98,83
12,84,154
12,87,85
12,90,101
12,91,135
12,92,169
12,157,93
12,107,94
12,95,189
12,156,96
12,97,111
12,214,99
12,100,180
12,102,162
12,103,191
12,105,158
12,173,106
12,108,110
12,109,163
12,112,187
12,212,113
12,114,194
12,118,182
12,120,121
12,124,209
12,127,131
12,139,172
12,195,140
12,141,181
12,142,188
12,175,143
12,144,184
12,145,178
12,215,146
12,206,149
12,151,155
12,160,205
12,161,176
12,164,213
12,165,199
12,190,166
13,68,0
13,1,181
13,2,88
13,3,16
13,187,4
13,5,212
13,6,50
13,7,60
13,178,8
13,9,91
13,92,10
13,192,11
13,12,206
13,59,13
13,197,14
13,15,196
13,17,132
13,18,195
13,76,19
13,156,20
13,21,116
13,22,117
13,211,23
13,24,136
13,25,104
13,26,210
13,119,27
13,28,168
13,101,29
13,49,30
13,77,31
13,105,32
13,183,33
13,167,34
13,35,43
13,36,193
13,37,112
13,38,40
13,42,39
13,93,41
13,44,198
13,128,45
13,46,51
13,47,170
13,140,48
13,64,52
13,134,53
13,179,54
13,55,127
13,56,138
13,182,57
13,137,58
13,61,188
13,184,62
13,63,141
13,143,65
13,66,71
13,67,202
13,79,69
13,70,175
13,72,80
13,73,147
13,74,96
13,75,205
13,139,78
13,81,172
13,82,89
13,83,151
13,84,86
13,94,85
13,154,87
13,90,95
13,185,97
13,162,98
13,99,186
13,209,100
13,165,102
13,103,190
13,176,106
13,169,107
13,177,108
13,158,109
13,110,164
13,111,159
13,113,215
13,173,114
13,201,115
13,213,118
13,123,120
13,121,122
13,200,124
13,207,125
13,126,130
13,214,129
13,133,131
13,199,135
13,203,142
13,166,144
13,189,145
13,204,146
13,150,148
13,149,208
13,180,152
13,153,157
13,191,155
13,194,160
13,171,161
13,174,163
