5003,Heuristic,i03,0,100,1
Time,Value 
Final, 3219,7231

Round,H_team,A_team 
0,77,0
0,176,1
0,2,86
0,3,195
0,60,4
0,213,5
0,120,6
0,7,178
0,8,187
0,25,9
0,10,103
0,33,11
0,183,12
0,13,63
0,14,115
0,15,182
0,16,215
0,78,17
0,18,192
0,80,19
0,20,137
0,45,21
0,207,22
0,23,47
0,177,24
0,26,44
0,27,37
0,190,28
0,29,92
0,168,30
0,31,203
0,108,32
0,41,34
0,35,48
0,40,36
0,189,38
0,126,39
0,194,42
0,43,173
0,200,46
0,49,57
0,50,128
0,170,51
0,56,52
0,53,184
0,133,54
0,55,138
0,127,58
0,59,211
0,61,142
0,171,62
0,64,65
0,66,199
0,149,67
0,73,68
0,69,193
0,147,70
0,71,167
0,72,210
0,74,185
0,75,148
0,150,76
0,201,79
0,87,81
0,175,82
0,83,88
0,89,84
0,172,85
0,152,90
0,96,91
0,129,93
0,94,102
0,206,95
0,97,99
0,191,98
0,100,101
0,157,104
0,105,164
0,106,186
0,107,162
0,109,111
0,110,165
0,112,113
0,188,114
0,181,116
0,198,117
0,118,214
0,122,119
0,121,197
0,205,123
0,180,124
0,125,179
0,130,131
0,132,139
0,134,204
0,135,156
0,136,208
0,174,140
0,141,202
0,144,143
0,145,196
0,166,146
0,159,151
0,155,153
0,169,154
0,163,158
0,160,212
0,161,209
1,0,73
1,84,1
1,2,3
1,4,23
1,5,172
1,6,45
1,141,7
1,8,15
1,9,205
1,10,25
1,191,11
1,37,12
1,190,13
1,181,14
1,16,74
1,143,17
1,146,18
1,19,214
1,55,20
1,21,122
1,22,197
1,24,64
1,179,26
1,27,168
1,28,174
1,29,208
1,30,180
1,70,31
1,165,32
1,199,33
1,34,175
1,202,35
1,36,177
1,38,167
1,39,53
1,42,40
1,41,121
1,43,125
1,44,194
1,46,47
1,48,131
1,130,49
1,184,50
1,51,116
1,52,198
1,54,127
1,136,56
1,57,140
1,58,133
1,59,60
1,178,61
1,62,182
1,204,63
1,65,200
1,66,170
1,67,71
1,68,148
1,80,69
1,72,149
1,75,77
1,76,206
1,144,78
1,82,79
1,81,89
1,83,155
1,154,85
1,212,86
1,210,87
1,153,88
1,90,157
1,91,93
1,92,103
1,203,94
1,95,213
1,129,96
1,161,97
1,98,201
1,196,99
1,173,100
1,101,185
1,102,189
1,104,152
1,105,108
1,169,106
1,111,107
1,193,109
1,163,110
1,112,187
1,113,115
1,114,195
1,117,209
1,215,118
1,123,119
1,126,120
1,124,183
1,128,188
1,132,176
1,156,134
1,186,135
1,137,138
1,139,207
1,142,211
1,145,166
1,147,150
1,151,171
1,162,158
1,192,159
1,160,164
2,0,156
2,1,83
2,74,2
2,3,150
2,4,184
2,5,198
2,6,126
2,7,8
2,9,129
2,152,10
2,11,181
2,12,33
2,209,13
2,14,183
2,63,15
2,135,16
2,17,144
2,18,166
2,19,82
2,138,20
2,21,120
2,22,169
2,23,210
2,24,57
2,25,41
2,118,26
2,124,27
2,192,28
2,103,29
2,48,30
2,205,31
2,32,111
2,93,34
2,131,35
2,187,36
2,37,38
2,39,43
2,40,206
2,123,42
2,44,193
2,122,45
2,117,46
2,47,180
2,49,190
2,50,201
2,51,174
2,188,52
2,53,127
2,58,54
2,137,55
2,56,132
2,202,59
2,60,178
2,171,61
2,62,173
2,140,64
2,65,139
2,185,66
2,214,67
2,77,68
2,69,70
2,149,71
2,208,72
2,148,73
2,167,75
2,76,147
2,78,143
2,79,80
2,81,199
2,155,84
2,85,151
2,86,189
2,87,196
2,88,154
2,89,153
2,104,90
2,157,91
2,212,92
2,159,94
2,95,101
2,96,177
2,97,175
2,98,194
2,99,100
2,102,191
2,195,105
2,170,106
2,107,110
2,108,162
2,213,109
2,114,112
2,113,176
2,115,186
2,116,207
2,119,179
2,125,121
2,172,128
2,133,130
2,134,136
2,197,141
2,168,142
2,203,145
2,215,146
2,158,165
2,211,160
2,204,161
2,182,163
2,164,200
3,143,0
3,1,89
3,82,2
3,86,3
3,47,4
3,179,5
3,122,6
3,15,7
3,8,141
3,10,9
3,11,14
3,12,173
3,13,62
3,93,16
3,17,209
3,18,204
3,79,19
3,20,53
3,42,21
3,191,22
3,176,23
3,200,24
3,152,25
3,26,169
3,27,123
3,38,28
3,180,29
3,46,30
3,31,208
3,32,102
3,33,205
3,34,197
3,35,58
3,36,167
3,171,37
3,121,39
3,45,40
3,41,125
3,43,190
3,175,44
3,57,48
3,131,49
3,50,116
3,214,51
3,136,52
3,54,137
3,135,55
3,133,56
3,64,59
3,60,63
3,61,181
3,211,65
3,145,66
3,67,72
3,68,147
3,186,69
3,150,70
3,71,192
3,73,75
3,74,156
3,196,76
3,148,77
3,189,78
3,183,80
3,198,81
3,154,83
3,153,84
3,88,85
3,87,155
3,91,90
3,92,95
3,94,215
3,96,157
3,159,97
3,195,98
3,99,187
3,100,202
3,101,103
3,206,104
3,162,105
3,106,203
3,165,107
3,164,108
3,109,212
3,110,168
3,111,213
3,115,112
3,174,113
3,207,114
3,193,117
3,118,178
3,120,119
3,177,124
3,126,128
3,127,130
3,129,185
3,194,132
3,138,134
3,139,144
3,201,140
3,142,172
3,146,170
3,184,149
3,151,160
3,158,210
3,182,161
3,163,188
3,166,199
4,0,148
4,155,1
4,2,157
4,83,3
4,46,4
4,113,5
4,6,21
4,7,142
4,8,63
4,121,9
4,44,10
4,37,11
4,209,12
4,13,180
4,112,14
4,59,15
4,16,184
4,190,17
4,205,18
4,19,186
4,54,20
4,114,22
4,23,60
4,210,24
4,25,177
4,178,26
4,181,27
4,28,191
4,29,159
4,30,140
4,147,31
4,110,32
4,33,115
4,34,214
4,57,35
4,36,42
4,212,38
4,39,125
4,192,40
4,43,41
4,45,120
4,208,47
4,130,48
4,215,49
4,173,50
4,51,194
4,52,139
4,53,126
4,55,93
4,134,56
4,58,131
4,141,61
4,62,195
4,213,64
4,65,203
4,66,206
4,167,67
4,75,68
4,69,185
4,70,76
4,72,71
4,77,73
4,187,74
4,78,207
4,172,79
4,80,170
4,81,211
4,82,150
4,84,88
4,85,98
4,204,86
4,89,87
4,90,179
4,129,91
4,101,92
4,151,94
4,95,198
4,104,96
4,97,100
4,102,99
4,103,152
4,105,171
4,174,106
4,107,158
4,108,182
4,199,109
4,111,165
4,116,119
4,117,201
4,169,118
4,128,122
4,123,175
4,124,189
4,127,133
4,132,136
4,137,135
4,156,138
4,193,143
4,144,196
4,202,145
4,188,146
4,149,200
4,154,153
4,160,162
4,161,176
4,168,163
4,197,164
4,166,183
5,0,144
5,1,87
5,150,2
5,3,89
5,4,183
5,5,51
5,6,131
5,61,7
5,60,8
5,9,34
5,10,129
5,11,175
5,12,169
5,141,13
5,14,33
5,177,15
5,16,211
5,17,207
5,142,18
5,70,19
5,20,134
5,21,36
5,22,171
5,186,23
5,24,59
5,199,25
5,26,182
5,184,27
5,28,179
5,29,154
5,30,117
5,31,215
5,32,158
5,35,39
5,124,37
5,188,38
5,40,118
5,209,41
5,42,120
5,180,43
5,187,44
5,119,45
5,140,46
5,47,174
5,48,127
5,49,133
5,196,50
5,132,52
5,53,137
5,56,54
5,156,55
5,64,57
5,185,58
5,62,193
5,63,202
5,206,65
5,176,66
5,210,67
5,68,191
5,190,69
5,71,204
5,172,72
5,73,78
5,74,135
5,76,75
5,173,77
5,198,79
5,80,82
5,81,84
5,153,83
5,85,197
5,86,213
5,88,155
5,90,103
5,91,104
5,92,152
5,93,96
5,94,97
5,100,95
5,98,102
5,99,214
5,205,101
5,201,105
5,106,111
5,163,107
5,165,108
5,109,181
5,162,110
5,112,192
5,114,113
5,115,200
5,116,122
5,189,121
5,203,123
5,125,126
5,128,130
5,138,136
5,143,139
5,146,145
5,148,147
5,194,149
5,178,151
5,157,212
5,195,159
5,208,160
5,161,168
5,167,164
5,170,166
6,78,0
6,154,1
6,2,208
6,171,3
6,4,204
6,117,5
6,39,6
6,7,59
6,8,13
6,125,9
6,95,10
6,11,174
6,12,14
6,15,61
6,91,16
6,139,17
6,18,167
6,19,178
6,93,20
6,192,21
6,175,22
6,46,23
6,24,49
6,25,129
6,26,187
6,27,177
6,36,28
6,182,29
6,47,30
6,75,31
6,32,107
6,33,196
6,34,43
6,54,35
6,37,123
6,38,173
6,120,40
6,41,53
6,42,119
6,44,121
6,45,215
6,133,48
6,50,170
6,51,206
6,52,194
6,55,56
6,57,201
6,130,58
6,183,60
6,63,62
6,136,64
6,65,140
6,66,72
6,67,181
6,180,68
6,69,149
6,79,70
6,202,71
6,73,143
6,191,74
6,77,76
6,147,80
6,155,81
6,84,82
6,83,85
6,150,86
6,87,153
6,89,88
6,96,90
6,104,92
6,98,94
6,102,97
6,207,99
6,214,100
6,152,101
6,103,190
6,179,105
6,106,172
6,212,108
6,109,110
6,158,111
6,195,112
6,113,199
6,200,114
6,115,213
6,197,116
6,118,188
6,122,198
6,203,124
6,126,127
6,131,128
6,134,132
6,135,138
6,137,156
6,142,141
6,144,176
6,145,186
6,146,189
6,185,148
6,151,184
6,193,157
6,159,209
6,160,169
6,211,161
6,162,165
6,163,210
6,164,205
6,168,166
7,132,0
7,1,81
7,76,2
7,3,188
7,168,4
7,5,114
7,119,6
7,13,7
7,59,8
7,43,9
7,10,192
7,112,11
7,170,12
7,14,193
7,181,15
7,16,55
7,17,73
7,189,18
7,212,19
7,127,20
7,40,21
7,22,185
7,23,117
7,48,24
7,121,25
7,177,26
7,194,27
7,28,205
7,97,29
7,30,131
7,31,191
7,94,32
7,209,33
7,34,91
7,49,35
7,201,36
7,169,37
7,38,203
7,41,39
7,45,42
7,44,125
7,176,46
7,199,47
7,50,126
7,173,51
7,52,65
7,58,53
7,64,54
7,56,156
7,130,57
7,140,60
7,206,61
7,62,141
7,183,63
7,149,66
7,175,67
7,68,150
7,69,147
7,80,70
7,214,71
7,72,197
7,86,74
7,196,75
7,135,77
7,78,198
7,79,84
7,82,200
7,157,83
7,85,153
7,88,87
7,155,89
7,92,90
7,138,93
7,103,95
7,178,96
7,174,98
7,99,211
7,100,182
7,101,190
7,107,102
7,104,154
7,105,165
7,213,106
7,108,171
7,179,109
7,110,158
7,111,163
7,186,113
7,204,115
7,116,128
7,172,118
7,120,122
7,123,195
7,184,124
7,129,152
7,133,136
7,137,134
7,139,142
7,208,143
7,210,144
7,215,145
7,207,146
7,148,180
7,187,151
7,160,159
7,161,202
7,164,162
7,166,167
8,0,56
8,153,1
8,96,2
8,88,3
8,181,4
8,5,112
8,6,125
8,62,7
8,8,171
8,9,41
8,26,10
8,11,12
8,194,13
8,206,14
8,60,15
8,86,16
8,17,212
8,18,210
8,19,147
8,20,136
8,21,119
8,182,22
8,23,196
8,24,211
8,90,25
8,27,200
8,40,28
8,29,104
8,30,130
8,31,68
8,163,32
8,33,178
8,174,34
8,35,50
8,188,36
8,37,214
8,184,38
8,39,127
8,202,42
8,43,121
8,118,44
8,116,45
8,48,46
8,213,47
8,140,49
8,51,117
8,77,52
8,53,55
8,138,54
8,57,133
8,128,58
8,141,59
8,61,139
8,63,186
8,198,64
8,65,132
8,146,66
8,180,67
8,209,69
8,70,82
8,71,179
8,190,72
8,170,73
8,74,177
8,208,75
8,148,76
8,172,78
8,150,79
8,80,175
8,81,187
8,84,83
8,85,155
8,87,207
8,167,89
8,156,91
8,169,92
8,93,137
8,94,99
8,152,95
8,97,98
8,100,103
8,189,101
8,158,102
8,107,105
8,106,168
8,108,185
8,109,191
8,110,215
8,111,162
8,193,113
8,114,204
8,115,199
8,131,120
8,122,126
8,124,123
8,129,201
8,134,135
8,203,142
8,143,176
8,195,144
8,145,173
8,149,192
8,151,154
8,157,183
8,159,164
8,165,160
8,197,161
8,205,166
9,52,0
9,1,88
9,2,16
9,155,3
9,4,30
9,171,5
9,42,6
9,7,63
9,210,8
9,152,9
9,10,93
9,185,11
9,12,115
9,13,181
9,14,189
9,15,62
9,192,17
9,168,18
9,19,150
9,20,135
9,21,128
9,211,22
9,200,23
9,65,24
9,25,43
9,204,26
9,27,201
9,175,28
9,29,85
9,66,31
9,32,109
9,33,37
9,96,34
9,35,178
9,36,45
9,191,38
9,120,39
9,125,40
9,41,129
9,182,44
9,46,116
9,47,60
9,49,48
9,50,172
9,51,208
9,133,53
9,54,130
9,55,134
9,205,56
9,58,57
9,59,140
9,183,61
9,64,199
9,67,174
9,68,76
9,72,69
9,75,70
9,71,145
9,73,177
9,91,74
9,156,77
9,78,206
9,79,170
9,196,80
9,153,81
9,147,82
9,83,86
9,84,87
9,89,203
9,90,169
9,92,100
9,160,94
9,95,104
9,151,97
9,98,190
9,193,99
9,101,213
9,102,111
9,173,103
9,105,110
9,179,106
9,164,107
9,158,108
9,119,112
9,113,188
9,117,114
9,118,209
9,121,167
9,122,197
9,123,214
9,212,124
9,126,131
9,127,138
9,132,143
9,136,137
9,139,180
9,215,141
9,142,195
9,144,202
9,146,194
9,176,148
9,198,149
9,154,157
9,187,159
9,186,161
9,162,163
9,207,165
9,166,184
10,0,134
10,82,1
10,70,2
10,3,153
10,211,4
10,5,206
10,130,6
10,7,182
10,61,8
10,9,90
10,121,10
10,11,184
10,199,12
10,186,13
10,22,14
10,15,65
10,16,96
10,201,17
10,145,18
10,69,19
10,34,20
10,126,21
10,23,205
10,60,24
10,25,125
10,40,26
10,112,27
10,28,183
10,95,29
10,30,51
10,148,31
10,162,32
10,214,33
10,53,35
10,192,36
10,37,208
10,38,215
10,42,39
10,120,41
10,44,43
10,45,194
10,128,46
10,47,212
10,48,54
10,49,64
10,58,50
10,138,52
10,136,55
10,56,77
10,131,57
10,63,59
10,203,62
10,67,66
10,68,179
10,210,71
10,181,72
10,144,73
10,76,74
10,147,75
10,200,78
10,79,173
10,150,80
10,176,81
10,89,83
10,85,84
10,86,157
10,87,170
10,88,151
10,175,91
10,202,92
10,135,93
10,164,94
10,167,97
10,178,98
10,99,209
10,100,171
10,104,101
10,102,105
10,103,193
10,106,109
10,108,107
10,110,111
10,113,180
10,114,116
10,115,190
10,117,213
10,197,118
10,119,172
10,123,122
10,124,207
10,137,127
10,177,129
10,195,132
10,140,133
10,185,139
10,141,187
10,142,189
10,143,168
10,191,146
10,188,149
10,169,152
10,154,155
10,204,156
10,159,158
10,174,160
10,161,198
10,165,163
10,196,166
11,75,0
11,1,79
11,155,2
11,3,84
11,4,63
11,116,5
11,6,40
11,172,7
11,8,142
11,9,195
11,101,10
11,11,115
11,168,12
11,13,214
11,14,171
11,208,15
11,20,16
11,17,148
11,18,201
11,31,19
11,39,21
11,22,112
11,30,23
11,24,46
11,91,25
11,26,211
11,197,27
11,28,44
11,29,90
11,32,160
11,33,173
11,55,34
11,35,212
11,36,174
11,167,37
11,206,38
11,127,41
11,209,42
11,43,126
11,45,123
11,205,47
11,48,58
11,184,49
11,50,122
11,215,51
11,52,179
11,53,138
11,54,136
11,135,56
11,57,200
11,65,59
11,60,141
11,61,204
11,62,202
11,64,139
11,166,66
11,213,67
11,70,68
11,71,69
11,72,191
11,199,73
11,74,150
11,96,76
11,77,147
11,187,78
11,80,192
11,81,154
11,86,82
11,83,87
11,85,102
11,98,88
11,177,89
11,198,92
11,93,156
11,94,162
11,189,95
11,97,176
11,99,185
11,188,100
11,104,103
11,170,105
11,106,175
11,107,169
11,181,108
11,109,203
11,183,110
11,111,161
11,182,113
11,180,114
11,207,117
11,190,118
11,194,119
11,125,120
11,131,121
11,178,124
11,133,128
11,129,137
11,140,130
11,132,144
11,134,186
11,143,145
11,146,210
11,149,196
11,153,151
11,157,152
11,158,164
11,159,165
11,163,193
12,0,17
12,19,1
12,2,153
12,147,3
12,4,8
12,115,5
12,116,6
12,173,7
12,193,9
12,10,104
12,179,11
12,12,189
12,13,60
12,14,213
12,15,64
12,16,77
12,212,18
12,20,129
12,21,123
12,215,22
12,23,194
12,206,24
12,214,25
12,196,26
12,27,169
12,186,28
12,152,29
12,57,30
12,31,149
12,32,159
12,208,33
12,34,53
12,46,35
12,39,36
12,119,37
12,38,172
12,40,43
12,41,133
12,122,42
12,190,44
12,125,45
12,117,47
12,128,48
12,59,49
12,130,50
12,51,187
12,52,134
12,54,55
12,56,137
12,58,126
12,201,61
12,185,62
12,63,177
12,136,65
12,66,205
12,67,168
12,82,68
12,69,150
12,148,70
12,71,183
12,171,72
12,73,132
12,138,74
12,144,75
12,76,86
12,78,191
12,89,79
12,200,80
12,88,81
12,98,83
12,84,154
12,87,85
12,90,101
12,91,135
12,92,174
12,157,93
12,107,94
12,95,184
12,156,96
12,97,111
12,170,99
12,100,209
12,102,162
12,103,180
12,105,158
12,211,106
12,108,110
12,109,163
12,112,188
12,202,113
12,114,181
12,118,199
12,120,121
12,124,182
12,127,131
12,139,197
12,210,140
12,141,176
12,142,204
12,195,143
12,145,207
12,198,146
12,151,155
12,160,192
12,161,178
12,164,203
12,165,167
12,175,166
13,68,0
13,1,202
13,2,88
13,3,19
13,209,4
13,5,196
13,6,50
13,7,60
13,178,8
13,9,91
13,92,10
13,199,11
13,12,172
13,61,13
13,194,14
13,15,195
13,76,16
13,17,132
13,18,215
13,156,20
13,21,116
13,22,117
13,192,23
13,24,136
13,25,104
13,26,193
13,119,27
13,28,188
13,101,29
13,49,30
13,77,31
13,105,32
13,201,33
13,169,34
13,35,43
13,36,205
13,37,112
13,38,40
13,128,39
13,93,41
13,42,125
13,44,186
13,200,45
13,46,51
13,47,206
13,140,48
13,64,52
13,134,53
13,214,54
13,55,127
13,56,138
13,59,57
13,137,58
13,211,62
13,63,141
13,176,65
13,66,71
13,67,190
13,79,69
13,70,212
13,72,80
13,73,147
13,74,96
13,75,181
13,139,78
13,81,170
13,82,89
13,83,151
13,84,86
13,94,85
13,154,87
13,90,95
13,174,97
13,99,98
13,177,100
13,165,102
13,103,168
13,180,106
13,197,107
13,183,108
13,158,109
13,110,164
13,111,159
13,113,210
13,173,114
13,207,115
13,204,118
13,123,120
13,121,122
13,167,124
13,126,130
13,191,129
13,131,133
13,189,135
13,179,142
13,143,146
13,203,144
13,185,145
13,150,148
13,149,175
13,213,152
13,153,157
13,182,155
13,187,160
13,171,161
13,162,198
13,184,163
13,166,208
