2486,Heuristic,i04,1
Time,Value 
7230,182256
7200,182289
7170,182289
7140,182289
7110,182290
7080,182291
7050,182292
7020,182292
6990,182293
6960,182293
6930,182293
6900,182293
6870,182293
6840,182293
6810,182293
6780,182293
6750,182324
6720,182325
6690,182325
6660,182333
6630,182344
6600,182344
6570,182365
6540,182365
6510,182383
6480,182383
6450,182389
6420,182389
6390,182396
6360,182396
6330,182396
6300,182399
6270,182399
6240,182399
6210,182399
6180,182442
6150,182442
6120,182447
6090,182447
6060,182457
6030,182457
6000,182457
5970,182458
5940,182460
5910,182469
5880,182469
5850,182472
5820,182472
5790,182475
5760,182475
5730,182475
5700,182488
5670,182513
5640,182513
5610,182515
5580,182519
5550,182521
5520,182525
5490,182577
5460,182578
5430,182596
5400,182596
5370,182598
5340,182601
5310,182608
5280,182613
5250,182633
5220,182633
5190,182635
5160,182639
5130,182645
5100,182647
5070,182655
5040,182731
5010,182742
4980,182744
4950,182748
4920,182748
4890,182776
4860,182779
4830,182786
4800,182786
4770,182798
4740,182803
4710,182866
4680,182867
4650,182900
4620,182903
4590,182904
4560,182914
4530,182922
4500,182932
4470,182963
4440,182966
4410,182967
4380,182972
4350,182982
4320,182988
4290,182992
4260,182998
4230,183003
4200,183015
4170,183034
4140,183041
4110,183043
4080,183088
4050,183129
4020,183165
3990,183168
3960,183173
3930,183173
3900,183174
3870,183206
3840,183220
3810,183220
1740,185334
1710,185377
1680,185429
1650,185568
1620,185648
1590,185706
1560,185737
1530,185799
1500,185825
1470,185898
1440,185933
1410,185977
1380,186003
1350,186071
1320,186119
1290,186215
1260,186229
1230,186259
1200,186343
1170,186402
1140,186497
1110,186600
1080,186635
1050,186717
1020,186774
990,186847
960,186985
930,187128
900,187191
870,187353
360,189014
330,189164
300,189362
270,189475
240,189656
210,189821
180,189885
150,190121
120,190245
90,190405
60,190502
30,190758
0,190860
390,188884
420,188813
450,188760
480,188704
510,188642
540,188520
570,188383
600,188199
630,188021
660,187980
690,187866
720,187780
750,187733
780,187661
810,187572
840,187516
1770,185274
1800,185216
1830,185164
1860,185145
1890,185070
1920,185023
1950,184990
1980,184943
2010,184896
2040,184879
2070,184770
2100,184721
2130,184684
2160,184644
2190,184609
2220,184595
2250,184551
2280,184510
2310,184492
2340,184444
2370,184406
2400,184352
2430,184302
2460,184275
2490,184267
2520,184259
2550,184250
2580,184233
2610,184221
2640,184142
2670,184121
2700,184115
2730,184100
2760,184027
2790,184003
2820,183996
2850,183989
2880,183969
2910,183962
2940,183958
2970,183946
3000,183945
3030,183937
3060,183936
3090,183854
3120,183849
3150,183840
3180,183787
3210,183747
3240,183740
3270,183724
3300,183694
3330,183625
3360,183599
3390,183535
3420,183503
3450,183495
3480,183477
3510,183460
3540,183440
3570,183422
3600,183398
3630,183375
3660,183368
3690,183355
3720,183305
3750,183296
3780,183236
Final, 182256,7231

Round,H_team,A_team 
0,3,0
0,8,1
0,6,2
0,7,4
0,5,9
0,19,10
0,12,11
0,13,18
0,20,14
0,15,17
0,24,16
0,25,21
0,23,22
0,29,26
0,27,34
0,33,28
0,37,30
0,32,31
0,35,36
0,38,52
0,39,44
0,40,58
0,45,41
0,42,43
0,46,53
0,47,54
0,56,48
0,51,49
0,50,66
0,55,68
0,63,57
0,59,64
0,60,71
0,67,61
0,62,69
0,70,65
0,72,118
0,136,73
0,74,129
0,96,75
0,76,99
0,100,77
0,98,78
0,79,81
0,87,80
0,84,82
0,93,83
0,89,85
0,86,92
0,88,103
0,91,90
0,131,94
0,101,95
0,102,97
0,104,105
0,137,106
0,116,107
0,148,108
0,109,115
0,110,113
0,146,111
0,144,112
0,114,122
0,117,147
0,124,119
0,120,130
0,121,123
0,132,125
0,128,126
0,145,127
0,133,135
0,142,134
0,140,138
0,139,143
0,141,149
0,150,186
0,184,151
0,194,152
0,153,169
0,167,154
0,155,161
0,156,181
0,157,158
0,159,229
0,172,160
0,162,173
0,235,163
0,164,213
0,215,165
0,170,166
0,180,168
0,176,171
0,175,174
0,183,177
0,187,178
0,231,179
0,212,182
0,191,185
0,223,188
0,189,228
0,203,190
0,230,192
0,205,193
0,219,195
0,196,236
0,237,197
0,198,226
0,225,199
0,201,200
0,209,202
0,204,232
0,206,216
0,207,208
0,210,211
0,217,214
0,224,218
0,220,227
0,221,233
0,222,234
0,238,239
0,240,245
0,241,249
0,242,253
0,243,250
0,252,244
0,246,248
0,247,251
0,294,254
0,257,255
0,256,263
0,272,258
0,259,265
0,260,298
0,288,261
0,267,262
0,269,264
0,271,266
0,287,268
0,270,273
0,295,274
0,279,275
0,276,284
0,291,277
0,297,278
0,280,290
0,281,282
0,283,299
0,296,285
0,292,286
0,289,293
0,300,322
0,330,301
0,302,310
0,304,303
0,305,349
0,335,306
0,314,307
0,308,318
0,334,309
0,337,311
0,312,333
0,313,319
0,321,315
0,342,316
0,317,331
0,341,320
0,323,353
0,348,324
0,325,346
0,326,327
0,328,350
0,352,329
0,338,332
0,344,336
0,347,339
0,340,351
0,345,343
0,354,374
0,357,355
0,362,356
0,360,358
0,381,359
0,361,368
0,379,363
0,366,364
0,371,365
0,367,380
0,369,373
0,370,385
0,372,375
0,377,376
0,378,384
0,383,382
0,386,387
0,388,461
0,389,410
0,445,390
0,416,391
0,399,392
0,393,400
0,420,394
0,395,448
0,396,413
0,397,398
0,401,411
0,402,418
0,403,407
0,404,405
0,414,406
0,415,408
0,424,409
0,456,412
0,417,426
0,419,422
0,421,423
0,425,434
0,427,457
0,460,428
0,429,437
0,430,432
0,431,441
0,433,436
0,435,439
0,458,438
0,440,462
0,455,442
0,446,443
0,444,450
0,447,451
0,449,452
0,453,459
0,454,464
0,465,463
0,466,476
0,471,467
0,488,468
0,469,518
0,541,470
0,472,481
0,484,473
0,474,477
0,482,475
0,504,478
0,479,494
0,480,496
0,519,483
0,485,540
0,493,486
0,487,499
0,489,530
0,492,490
0,521,491
0,495,512
0,524,497
0,538,498
0,500,544
0,501,517
0,514,502
0,513,503
0,505,510
0,542,506
0,507,543
0,533,508
0,509,534
0,526,511
0,546,515
0,531,516
0,520,536
0,523,522
0,545,525
0,527,547
0,535,528
0,529,532
0,537,539
0,548,565
0,549,554
0,551,550
0,553,552
0,555,558
0,556,566
0,557,567
0,559,560
0,564,561
0,562,571
0,573,563
0,570,568
0,569,572
0,574,586
0,575,602
0,614,576
0,577,594
0,585,578
0,579,590
0,580,591
0,581,612
0,582,589
0,587,583
0,584,593
0,597,588
0,595,592
0,596,610
0,605,598
0,599,623
0,619,600
0,601,618
0,603,613
0,604,616
0,606,620
0,607,608
0,611,609
0,622,615
0,621,617
0,624,675
0,641,625
0,647,626
0,627,638
0,628,639
0,629,642
0,630,659
0,637,631
0,632,640
0,633,645
0,646,634
0,635,636
0,643,657
0,644,670
0,648,663
0,649,654
0,672,650
0,651,671
0,660,652
0,653,677
0,655,674
0,656,662
0,668,658
0,661,666
0,664,673
0,669,665
0,667,678
0,676,679
1,4,0
1,9,1
1,2,5
1,6,3
1,7,24
1,17,8
1,10,12
1,11,16
1,13,14
1,15,22
1,18,23
1,19,25
1,21,20
1,26,35
1,36,27
1,30,28
1,29,32
1,31,34
1,33,37
1,43,38
1,42,39
1,49,40
1,41,47
1,44,45
1,46,56
1,48,51
1,67,50
1,52,53
1,68,54
1,69,55
1,57,71
1,66,58
1,59,62
1,65,60
1,61,64
1,63,70
1,77,72
1,73,76
1,74,88
1,75,81
1,78,87
1,147,79
1,119,80
1,82,130
1,83,85
1,94,84
1,86,89
1,90,99
1,100,91
1,92,136
1,93,132
1,95,98
1,103,96
1,125,97
1,105,101
1,104,102
1,106,133
1,107,140
1,108,116
1,109,141
1,122,110
1,111,144
1,112,123
1,113,145
1,115,114
1,149,117
1,146,118
1,120,126
1,121,124
1,135,127
1,137,128
1,129,131
1,134,148
1,138,139
1,142,143
1,152,150
1,151,180
1,153,159
1,154,169
1,196,155
1,158,156
1,157,176
1,160,235
1,236,161
1,166,162
1,163,172
1,164,175
1,178,165
1,179,167
1,168,170
1,171,214
1,229,173
1,224,174
1,177,203
1,181,223
1,182,194
1,183,184
1,212,185
1,186,206
1,215,187
1,213,188
1,189,220
1,227,190
1,193,191
1,192,198
1,233,195
1,197,209
1,226,199
1,221,200
1,201,230
1,202,237
1,234,204
1,232,205
1,216,207
1,211,208
1,231,210
1,217,218
1,228,219
1,222,225
1,253,238
1,239,246
1,244,240
1,241,245
1,247,242
1,243,252
1,251,248
1,250,249
1,267,254
1,255,260
1,265,256
1,268,257
1,270,258
1,259,269
1,266,261
1,262,263
1,264,272
1,273,271
1,290,274
1,275,297
1,296,276
1,277,298
1,278,279
1,280,293
1,283,281
1,282,285
1,284,295
1,289,286
1,287,288
1,292,291
1,299,294
1,331,300
1,301,308
1,307,302
1,303,305
1,319,304
1,334,306
1,309,335
1,310,333
1,311,321
1,315,312
1,337,313
1,314,330
1,320,316
1,317,318
1,322,342
1,346,323
1,324,347
1,338,325
1,326,328
1,327,352
1,329,351
1,339,332
1,336,343
1,340,341
1,344,345
1,348,353
1,350,349
1,354,366
1,355,370
1,356,373
1,357,362
1,380,358
1,359,361
1,367,360
1,381,363
1,365,364
1,368,384
1,385,369
1,375,371
1,387,372
1,374,377
1,376,382
1,383,378
1,386,379
1,396,388
1,389,436
1,448,390
1,391,417
1,392,420
1,445,393
1,394,444
1,395,447
1,413,397
1,425,398
1,411,399
1,410,400
1,409,401
1,402,414
1,418,403
1,408,404
1,405,416
1,452,406
1,407,415
1,412,454
1,419,424
1,450,421
1,423,422
1,465,426
1,456,427
1,428,446
1,463,429
1,437,430
1,442,431
1,459,432
1,453,433
1,434,460
1,443,435
1,438,441
1,439,461
1,455,440
1,462,449
1,457,451
1,464,458
1,480,466
1,467,472
1,496,468
1,469,489
1,470,485
1,473,471
1,490,474
1,475,524
1,476,495
1,477,504
1,492,478
1,488,479
1,481,482
1,483,484
1,486,494
1,487,491
1,498,493
1,497,522
1,499,545
1,533,500
1,501,547
1,502,546
1,503,532
1,534,505
1,540,506
1,507,526
1,508,535
1,525,509
1,543,510
1,511,519
1,512,520
1,513,528
1,514,518
1,527,515
1,517,516
1,523,521
1,530,529
1,537,531
1,536,539
1,544,538
1,541,542
1,554,548
1,549,551
1,550,570
1,552,557
1,556,553
1,566,555
1,558,573
1,559,572
1,560,568
1,561,562
1,571,563
1,565,564
1,567,569
1,594,574
1,596,575
1,576,609
1,583,577
1,580,578
1,579,584
1,581,587
1,597,582
1,592,585
1,591,586
1,612,588
1,589,590
1,593,595
1,608,598
1,615,599
1,600,622
1,601,621
1,602,620
1,606,603
1,604,614
1,617,605
1,623,607
1,610,611
1,618,613
1,616,619
1,624,643
1,625,654
1,626,635
1,639,627
1,629,628
1,636,630
1,657,631
1,638,632
1,633,634
1,642,637
1,640,647
1,645,641
1,663,644
1,659,646
1,670,648
1,658,649
1,650,676
1,651,674
1,652,655
1,662,653
1,656,675
1,671,660
1,677,661
1,665,664
1,673,666
1,679,667
1,669,668
1,678,672
2,0,5
2,1,17
2,16,2
2,3,7
2,4,6
2,8,9
2,18,10
2,14,11
2,20,12
2,22,13
2,23,15
2,21,19
2,24,25
2,26,33
2,27,32
2,28,29
2,35,30
2,37,31
2,34,36
2,38,39
2,40,66
2,41,46
2,48,42
2,68,43
2,54,44
2,45,51
2,55,47
2,53,49
2,50,52
2,56,70
2,57,59
2,58,65
2,61,60
2,62,63
2,64,69
2,71,67
2,99,72
2,73,100
2,87,74
2,98,75
2,76,77
2,81,78
2,95,79
2,80,102
2,82,131
2,83,94
2,132,84
2,85,86
2,88,104
2,91,89
2,105,90
2,130,92
2,125,93
2,101,96
2,97,103
2,106,114
2,108,107
2,138,109
2,110,121
2,133,111
2,112,145
2,127,113
2,115,142
2,116,147
2,148,117
2,118,119
2,128,120
2,123,122
2,124,146
2,126,129
2,140,134
2,144,135
2,136,149
2,143,137
2,139,141
2,185,150
2,151,183
2,184,152
2,161,153
2,154,166
2,155,160
2,156,176
2,168,157
2,158,179
2,159,162
2,163,236
2,218,164
2,165,224
2,167,171
2,169,172
2,170,217
2,173,235
2,174,178
2,223,175
2,177,186
2,180,194
2,181,187
2,206,182
2,188,215
2,190,189
2,226,191
2,199,192
2,193,234
2,195,221
2,200,196
2,197,225
2,198,237
2,202,201
2,203,207
2,204,211
2,205,231
2,208,212
2,209,230
2,210,216
2,214,213
2,219,227
2,220,229
2,232,222
2,233,228
2,242,238
2,239,241
2,240,250
2,249,243
2,244,247
2,245,246
2,248,253
2,251,252
2,254,281
2,266,255
2,256,270
2,263,257
2,258,271
2,264,259
2,288,260
2,261,267
2,262,268
2,272,265
2,269,273
2,274,287
2,295,275
2,285,276
2,278,277
2,279,284
2,291,280
2,282,292
2,293,283
2,286,299
2,294,289
2,298,290
2,297,296
2,300,308
2,301,346
2,302,309
2,306,303
2,304,312
2,305,310
2,307,335
2,311,334
2,325,313
2,321,314
2,331,315
2,316,324
2,333,317
2,318,330
2,322,319
2,342,320
2,323,338
2,350,326
2,341,327
2,336,328
2,329,340
2,332,348
2,349,337
2,343,339
2,351,344
2,345,352
2,353,347
2,355,354
2,370,356
2,385,357
2,358,359
2,361,360
2,363,362
2,364,380
2,379,365
2,366,381
2,384,367
2,387,368
2,369,383
2,382,371
2,372,386
2,373,374
2,377,375
2,378,376
2,401,388
2,411,389
2,390,394
2,391,415
2,444,392
2,393,395
2,414,396
2,421,397
2,398,423
2,447,399
2,400,445
2,416,402
2,427,403
2,404,417
2,405,452
2,406,408
2,407,413
2,422,409
2,424,410
2,426,412
2,418,450
2,451,419
2,420,449
2,436,425
2,461,428
2,429,438
2,430,458
2,431,437
2,432,463
2,433,443
2,439,434
2,435,446
2,440,442
2,441,462
2,448,465
2,460,453
2,454,455
2,457,456
2,464,459
2,503,466
2,484,467
2,468,480
2,521,469
2,482,470
2,471,472
2,542,473
2,474,492
2,475,481
2,476,488
2,522,477
2,478,490
2,479,524
2,540,483
2,485,541
2,491,486
2,493,487
2,489,498
2,494,497
2,495,513
2,496,523
2,499,525
2,500,526
2,518,501
2,520,502
2,532,504
2,505,529
2,506,543
2,531,507
2,528,508
2,519,509
2,510,511
2,516,512
2,535,514
2,515,536
2,517,527
2,530,544
2,534,533
2,547,537
2,545,538
2,539,546
2,551,548
2,564,549
2,557,550
2,552,554
2,553,566
2,555,556
2,569,558
2,562,559
2,572,560
2,571,561
2,563,565
2,570,567
2,568,573
2,574,601
2,575,603
2,576,580
2,582,577
2,578,589
2,585,579
2,594,581
2,583,593
2,590,584
2,586,592
2,587,611
2,588,596
2,614,591
2,612,595
2,609,597
2,598,604
2,605,599
2,600,610
2,618,602
2,613,606
2,607,616
2,608,622
2,615,623
2,619,617
2,620,621
2,677,624
2,625,632
2,626,670
2,627,628
2,631,629
2,678,630
2,663,633
2,634,637
2,644,635
2,636,640
2,659,638
2,639,643
2,641,646
2,671,642
2,648,645
2,647,649
2,655,650
2,660,651
2,652,676
2,653,669
2,654,656
2,674,657
2,666,658
2,675,661
2,664,662
2,668,665
2,667,673
2,679,672
3,1,0
3,2,8
3,15,3
3,24,4
3,5,6
3,9,7
3,10,13
3,11,23
3,12,18
3,14,21
3,17,16
3,20,19
3,25,22
3,27,26
3,28,36
3,30,29
3,31,35
3,32,37
3,34,33
3,38,48
3,39,41
3,40,50
3,42,44
3,51,43
3,45,54
3,47,46
3,52,49
3,58,53
3,55,56
3,69,57
3,60,59
3,65,61
3,70,62
3,67,63
3,66,64
3,71,68
3,72,88
3,77,73
3,78,74
3,79,75
3,76,90
3,80,99
3,81,87
3,94,82
3,130,83
3,84,86
3,85,91
3,89,105
3,92,93
3,97,95
3,96,98
3,100,106
3,104,101
3,102,103
3,107,148
3,143,108
3,114,109
3,144,110
3,111,113
3,127,112
3,123,115
3,116,139
3,117,138
3,145,118
3,146,119
3,120,147
3,135,121
3,122,124
3,131,125
3,126,134
3,129,128
3,136,132
3,141,133
3,149,137
3,142,140
3,150,177
3,228,151
3,152,215
3,153,163
3,176,154
3,166,155
3,156,157
3,167,158
3,196,159
3,160,173
3,235,161
3,162,236
3,188,164
3,187,165
3,171,168
3,218,169
3,172,170
3,174,217
3,175,181
3,178,213
3,179,204
3,180,214
3,182,184
3,207,183
3,194,185
3,186,212
3,189,233
3,190,219
3,191,206
3,192,197
3,216,193
3,220,195
3,230,198
3,199,222
3,200,209
3,237,201
3,229,202
3,208,203
3,234,205
3,225,210
3,211,226
3,227,221
3,223,224
3,231,232
3,238,251
3,252,239
3,242,240
3,253,241
3,243,244
3,250,245
3,246,249
3,248,247
3,254,266
3,255,263
3,271,256
3,257,267
3,258,259
3,260,262
3,261,274
3,273,264
3,265,269
3,268,288
3,270,272
3,275,296
3,276,278
3,277,297
3,279,285
3,298,280
3,281,289
3,299,282
3,290,283
3,284,292
3,286,291
3,287,295
3,293,294
3,316,300
3,348,301
3,304,302
3,310,303
3,305,309
3,306,307
3,308,317
3,318,311
3,312,321
3,313,322
3,334,314
3,315,337
3,342,319
3,349,320
3,332,323
3,324,346
3,343,325
3,352,326
3,327,350
3,328,340
3,341,329
3,330,331
3,335,333
3,353,336
3,347,338
3,339,344
3,345,351
3,354,370
3,384,355
3,356,357
3,365,358
3,359,363
3,360,366
3,361,364
3,362,367
3,368,372
3,374,369
3,371,377
3,383,373
3,375,378
3,376,385
3,381,379
3,386,380
3,382,387
3,388,460
3,443,389
3,390,420
3,404,391
3,392,400
3,394,393
3,395,419
3,397,396
3,398,424
3,399,409
3,410,401
3,402,407
3,403,406
3,447,405
3,413,408
3,423,411
3,428,412
3,415,414
3,450,416
3,417,418
3,422,421
3,425,427
3,426,457
3,440,429
3,459,430
3,431,462
3,432,465
3,433,439
3,434,461
3,436,435
3,458,437
3,438,464
3,463,441
3,442,454
3,449,444
3,445,448
3,446,453
3,452,451
3,455,456
3,466,479
3,467,482
3,536,468
3,523,469
3,470,483
3,471,484
3,472,541
3,481,473
3,491,474
3,488,475
3,497,476
3,477,478
3,521,480
3,542,485
3,486,487
3,489,499
3,522,490
3,498,492
3,524,493
3,494,496
3,520,495
3,500,534
3,502,501
3,518,503
3,504,513
3,526,505
3,519,506
3,533,507
3,508,514
3,509,511
3,544,510
3,512,537
3,515,517
3,539,516
3,529,525
3,546,527
3,528,531
3,545,530
3,538,532
3,547,535
3,543,540
3,548,564
3,565,549
3,550,552
3,551,553
3,554,566
3,567,555
3,557,556
3,558,568
3,563,559
3,560,571
3,561,572
3,562,570
3,573,569
3,597,574
3,620,575
3,584,576
3,577,588
3,591,578
3,589,579
3,611,580
3,582,581
3,595,583
3,586,585
3,587,596
3,592,590
3,593,594
3,623,598
3,599,614
3,621,600
3,601,606
3,602,613
3,603,619
3,604,608
3,622,605
3,610,607
3,609,612
3,616,615
3,617,618
3,624,625
3,630,626
3,627,629
3,628,657
3,642,631
3,632,636
3,633,659
3,638,634
3,635,640
3,637,639
3,641,654
3,643,674
3,645,644
3,646,663
3,670,647
3,648,678
3,649,656
3,650,652
3,651,679
3,661,653
3,667,655
3,658,675
3,676,660
3,662,677
3,668,664
3,665,673
3,666,669
3,672,671
4,8,0
4,6,1
4,7,2
4,3,9
4,4,5
4,11,10
4,12,14
4,13,21
4,16,15
4,17,25
4,19,18
4,22,20
4,23,24
4,26,28
4,31,27
4,29,34
4,32,30
4,33,35
4,36,37
4,46,38
4,47,39
4,53,40
4,41,51
4,52,42
4,43,45
4,44,48
4,49,58
4,50,65
4,54,55
4,56,68
4,66,57
4,59,61
4,70,60
4,62,67
4,63,69
4,64,71
4,106,72
4,89,73
4,74,81
4,75,97
4,105,76
4,99,77
4,78,96
4,88,79
4,101,80
4,93,82
4,83,92
4,84,91
4,125,85
4,86,94
4,103,87
4,90,100
4,95,102
4,98,104
4,107,117
4,147,108
4,109,116
4,110,111
4,112,135
4,113,122
4,133,114
4,121,115
4,118,144
4,119,123
4,137,120
4,124,127
4,148,126
4,128,131
4,129,136
4,132,130
4,134,149
4,138,143
4,139,142
4,141,140
4,145,146
4,150,180
4,177,151
4,185,152
4,172,153
4,170,154
4,162,155
4,168,156
4,157,232
4,176,158
4,161,159
4,163,160
4,164,174
4,165,188
4,166,218
4,169,167
4,183,171
4,236,173
4,175,178
4,205,179
4,214,181
4,186,182
4,212,184
4,213,187
4,227,189
4,224,190
4,207,191
4,192,202
4,193,211
4,215,194
4,195,199
4,235,196
4,198,197
4,219,200
4,201,209
4,206,203
4,216,204
4,225,208
4,210,234
4,217,223
4,233,220
4,221,228
4,222,231
4,230,226
4,229,237
4,238,246
4,247,239
4,240,243
4,241,248
4,244,242
4,245,253
4,252,249
4,251,250
4,274,254
4,255,268
4,256,269
4,257,260
4,265,258
4,259,270
4,263,261
4,262,287
4,271,264
4,266,272
4,267,273
4,278,275
4,276,277
4,280,279
4,294,281
4,289,282
4,283,286
4,291,284
4,285,297
4,288,298
4,296,290
4,292,293
4,295,299
4,300,318
4,301,315
4,302,350
4,303,349
4,310,304
4,314,305
4,309,306
4,307,334
4,330,308
4,333,311
4,331,312
4,320,313
4,322,316
4,317,321
4,319,341
4,323,324
4,325,339
4,326,345
4,344,327
4,328,352
4,336,329
4,347,332
4,337,335
4,338,348
4,340,342
4,351,343
4,346,353
4,357,354
4,355,362
4,367,356
4,358,361
4,359,379
4,368,360
4,363,366
4,364,381
4,380,365
4,370,369
4,371,376
4,378,372
4,373,382
4,385,374
4,375,386
4,377,383
4,387,384
4,388,436
4,389,397
4,449,390
4,406,391
4,445,392
4,420,393
4,419,394
4,399,395
4,396,422
4,414,398
4,400,411
4,401,424
4,408,402
4,403,417
4,416,404
4,451,405
4,421,407
4,409,410
4,412,432
4,415,413
4,418,426
4,423,447
4,456,425
4,465,427
4,428,434
4,441,429
4,430,455
4,458,431
4,460,433
4,453,435
4,437,440
4,459,438
4,443,439
4,462,442
4,448,444
4,446,461
4,450,452
4,454,457
4,464,463
4,466,488
4,467,481
4,468,495
4,469,522
4,484,470
4,541,471
4,475,472
4,473,482
4,478,474
4,496,476
4,477,491
4,487,479
4,480,494
4,483,485
4,524,486
4,532,489
4,490,523
4,492,493
4,497,521
4,499,498
4,507,500
4,501,528
4,512,502
4,503,504
4,505,538
4,506,509
4,508,526
4,510,533
4,511,544
4,513,518
4,514,547
4,516,515
4,517,539
4,543,519
4,546,520
4,525,530
4,527,531
4,529,545
4,535,534
4,537,536
4,540,542
4,548,558
4,549,552
4,553,550
4,556,551
4,567,554
4,555,569
4,566,557
4,559,570
4,573,560
4,561,563
4,564,562
4,572,565
4,568,571
4,574,603
4,606,575
4,596,576
4,581,577
4,578,586
4,579,609
4,580,583
4,590,582
4,584,591
4,585,595
4,612,587
4,588,611
4,593,589
4,594,592
4,600,597
4,598,622
4,599,616
4,613,601
4,602,621
4,605,604
4,614,607
4,608,615
4,623,610
4,617,620
4,619,618
4,624,638
4,636,625
4,626,632
4,674,627
4,642,628
4,629,676
4,630,648
4,639,631
4,657,633
4,634,659
4,645,635
4,637,641
4,640,646
4,643,671
4,647,644
4,653,649
4,660,650
4,673,651
4,652,667
4,654,666
4,655,665
4,656,661
4,677,658
4,669,662
4,670,663
4,664,672
4,675,668
4,678,679
5,0,7
5,3,1
5,2,4
5,5,17
5,9,6
5,16,8
5,10,25
5,21,11
5,23,12
5,19,13
5,22,14
5,15,24
5,18,20
5,34,26
5,35,27
5,28,31
5,37,29
5,30,36
5,33,32
5,68,38
5,39,52
5,55,40
5,41,42
5,71,43
5,53,44
5,46,45
5,48,47
5,67,49
5,51,50
5,54,58
5,56,59
5,57,60
5,61,62
5,64,63
5,65,66
5,69,70
5,87,72
5,73,126
5,74,75
5,94,76
5,77,90
5,95,78
5,79,120
5,80,88
5,81,98
5,82,132
5,131,83
5,92,84
5,85,93
5,91,86
5,99,89
5,125,96
5,97,101
5,100,137
5,102,105
5,103,104
5,123,106
5,109,107
5,108,138
5,110,112
5,111,135
5,146,113
5,114,142
5,115,124
5,149,116
5,117,139
5,122,118
5,119,145
5,133,121
5,144,127
5,130,128
5,147,129
5,134,136
5,140,148
5,143,141
5,184,150
5,151,213
5,152,183
5,153,160
5,154,168
5,155,172
5,156,167
5,179,157
5,158,171
5,159,235
5,161,162
5,173,163
5,164,217
5,214,165
5,236,166
5,169,176
5,218,170
5,174,227
5,187,175
5,177,189
5,188,178
5,215,180
5,181,224
5,182,207
5,203,185
5,194,186
5,190,223
5,208,191
5,209,192
5,204,193
5,195,201
5,237,196
5,197,230
5,199,198
5,200,229
5,202,221
5,205,211
5,206,212
5,222,210
5,232,216
5,233,219
5,220,228
5,226,225
5,234,231
5,240,238
5,239,251
5,241,246
5,243,242
5,249,244
5,248,245
5,253,247
5,250,252
5,254,255
5,256,258
5,273,257
5,259,287
5,268,260
5,261,262
5,263,288
5,264,265
5,267,266
5,269,270
5,272,271
5,298,274
5,275,277
5,279,276
5,278,296
5,297,280
5,299,281
5,282,283
5,285,284
5,286,294
5,292,289
5,290,295
5,293,291
5,317,300
5,301,347
5,306,302
5,353,303
5,349,304
5,305,307
5,308,315
5,309,310
5,311,331
5,312,335
5,313,340
5,333,314
5,316,323
5,318,334
5,319,337
5,320,322
5,321,330
5,324,339
5,348,325
5,343,326
5,351,327
5,329,328
5,346,332
5,350,336
5,345,338
5,342,341
5,344,352
5,354,373
5,369,355
5,356,374
5,384,357
5,358,363
5,366,359
5,364,360
5,362,361
5,365,386
5,372,367
5,379,368
5,370,377
5,378,371
5,376,375
5,381,380
5,382,385
5,387,383
5,435,388
5,401,389
5,393,390
5,391,403
5,392,449
5,394,399
5,400,395
5,424,396
5,397,425
5,398,415
5,402,450
5,404,418
5,405,417
5,413,406
5,407,414
5,408,452
5,409,423
5,422,410
5,411,421
5,427,412
5,416,426
5,447,419
5,462,420
5,436,428
5,429,459
5,430,464
5,440,431
5,438,432
5,433,446
5,434,453
5,437,442
5,439,460
5,455,441
5,461,443
5,444,445
5,448,451
5,456,454
5,457,465
5,463,458
5,482,466
5,485,467
5,481,468
5,504,469
5,470,471
5,472,542
5,473,540
5,474,524
5,479,475
5,476,480
5,503,477
5,491,478
5,483,541
5,484,519
5,486,492
5,498,487
5,488,497
5,545,489
5,490,521
5,493,525
5,494,523
5,495,546
5,522,496
5,530,499
5,500,543
5,501,513
5,502,547
5,511,505
5,506,538
5,535,507
5,534,508
5,509,510
5,536,512
5,528,514
5,539,515
5,516,527
5,531,517
5,518,532
5,537,520
5,526,533
5,544,529
5,556,548
5,549,566
5,550,567
5,552,551
5,558,553
5,554,557
5,555,573
5,565,559
5,560,564
5,570,561
5,562,563
5,569,568
5,571,572
5,575,574
5,576,591
5,577,595
5,609,578
5,579,580
5,588,581
5,583,582
5,592,584
5,585,593
5,586,590
5,610,587
5,589,594
5,596,597
5,616,598
5,622,599
5,615,600
5,601,620
5,606,602
5,603,617
5,604,623
5,607,605
5,614,608
5,611,612
5,613,619
5,618,621
5,640,624
5,625,626
5,627,642
5,628,643
5,674,629
5,644,630
5,631,634
5,632,641
5,633,639
5,635,654
5,647,636
5,659,637
5,646,638
5,663,645
5,679,648
5,649,670
5,650,678
5,651,676
5,673,652
5,656,653
5,671,655
5,660,657
5,658,664
5,661,669
5,662,668
5,666,665
5,667,672
5,677,675
6,0,9
6,1,2
6,8,3
6,4,15
6,5,16
6,6,7
6,20,10
6,13,11
6,12,21
6,14,19
6,24,17
6,18,22
6,25,23
6,36,26
6,27,33
6,28,37
6,29,35
6,31,30
6,32,34
6,38,41
6,39,68
6,40,54
6,42,46
6,43,52
6,44,47
6,45,48
6,49,65
6,50,56
6,51,53
6,58,55
6,62,57
6,70,59
6,60,64
6,61,69
6,63,71
6,66,67
6,72,119
6,73,94
6,128,74
6,75,125
6,76,100
6,93,77
6,79,78
6,104,80
6,120,81
6,82,92
6,86,83
6,84,85
6,88,87
6,90,89
6,91,99
6,96,95
6,98,97
6,101,102
6,105,103
6,106,115
6,107,149
6,108,140
6,143,109
6,127,110
6,145,111
6,112,146
6,113,144
6,114,138
6,116,117
6,118,124
6,121,122
6,135,123
6,126,147
6,129,130
6,132,131
6,142,133
6,137,134
6,136,141
6,139,148
6,150,182
6,151,194
6,180,152
6,162,153
6,154,156
6,163,155
6,167,157
6,168,158
6,160,159
6,173,161
6,165,164
6,166,169
6,170,176
6,171,181
6,172,235
6,223,174
6,218,175
6,227,177
6,178,214
6,179,232
6,185,183
6,184,203
6,228,186
6,224,187
6,188,217
6,189,221
6,190,220
6,191,225
6,192,195
6,212,193
6,196,202
6,226,197
6,208,198
6,230,199
6,200,233
6,219,201
6,231,204
6,210,205
6,207,206
6,209,237
6,211,222
6,213,215
6,216,234
6,229,236
6,238,248
6,244,239
6,246,240
6,242,241
6,245,243
6,247,250
6,249,251
6,252,253
6,254,257
6,255,262
6,288,256
6,258,269
6,271,259
6,260,267
6,261,268
6,287,263
6,270,264
6,265,299
6,274,266
6,272,273
6,275,285
6,297,276
6,277,290
6,295,278
6,291,279
6,280,283
6,281,286
6,282,293
6,284,289
6,294,292
6,296,298
6,300,313
6,331,301
6,302,353
6,303,307
6,304,305
6,310,306
6,322,308
6,349,309
6,312,311
6,335,314
6,315,317
6,316,330
6,318,321
6,340,319
6,337,320
6,339,323
6,324,325
6,326,344
6,327,328
6,329,350
6,332,342
6,334,333
6,336,351
6,338,346
6,341,345
6,352,343
6,347,348
6,356,354
6,373,355
6,357,369
6,366,358
6,360,359
6,361,367
6,362,364
6,363,365
6,368,381
6,374,370
6,371,387
6,372,384
6,382,375
6,383,376
6,385,377
6,386,378
6,380,379
6,388,443
6,389,398
6,390,392
6,413,391
6,419,393
6,395,394
6,396,401
6,397,415
6,399,400
6,403,402
6,426,404
6,405,450
6,406,407
6,414,408
6,421,409
6,410,411
6,412,439
6,418,416
6,417,427
6,420,448
6,451,422
6,424,423
6,425,457
6,428,435
6,431,429
6,454,430
6,432,456
6,461,433
6,434,436
6,438,437
6,441,440
6,442,464
6,444,462
6,449,445
6,446,460
6,452,447
6,458,453
6,465,455
6,459,463
6,475,466
6,467,470
6,468,476
6,469,503
6,471,485
6,472,473
6,474,493
6,477,486
6,478,518
6,479,482
6,480,495
6,481,488
6,542,483
6,541,484
6,487,524
6,489,504
6,491,490
6,499,492
6,494,522
6,521,496
6,523,497
6,532,498
6,508,500
6,520,501
6,502,517
6,525,505
6,510,506
6,507,528
6,533,509
6,534,511
6,546,512
6,513,514
6,515,537
6,547,516
6,519,540
6,543,526
6,527,539
6,529,535
6,538,530
6,536,531
6,544,545
6,553,548
6,557,549
6,550,556
6,551,554
6,566,552
6,561,555
6,565,558
6,564,559
6,560,562
6,563,570
6,568,567
6,571,569
6,572,573
6,595,574
6,621,575
6,578,576
6,587,577
6,591,579
6,580,609
6,581,596
6,582,592
6,583,588
6,584,585
6,586,589
6,590,594
6,593,612
6,597,611
6,598,614
6,599,608
6,618,600
6,603,601
6,617,602
6,607,604
6,605,615
6,619,606
6,610,622
6,620,613
6,623,616
6,649,624
6,635,625
6,654,626
6,643,627
6,631,628
6,657,629
6,630,647
6,637,632
6,638,633
6,634,663
6,636,646
6,642,639
6,641,640
6,648,644
6,659,645
6,650,673
6,652,651
6,668,653
6,672,655
6,669,656
6,665,658
6,678,660
6,662,661
6,675,664
6,666,677
6,676,667
6,670,679
6,671,674
7,2,0
7,1,4
7,3,5
7,24,6
7,7,8
7,15,9
7,10,14
7,11,18
7,19,12
7,25,13
7,23,16
7,17,20
7,21,22
7,26,32
7,27,28
7,29,33
7,34,30
7,36,31
7,35,37
7,38,42
7,43,39
7,56,40
7,68,41
7,46,44
7,47,45
7,48,54
7,49,55
7,50,53
7,52,51
7,57,61
7,67,58
7,59,63
7,69,60
7,62,66
7,64,70
7,65,71
7,80,72
7,137,73
7,74,120
7,78,75
7,76,91
7,105,77
7,96,79
7,97,81
7,83,82
7,89,84
7,85,92
7,90,86
7,87,102
7,99,88
7,94,93
7,95,104
7,125,98
7,100,136
7,101,103
7,119,106
7,134,107
7,117,108
7,148,109
7,146,110
7,111,122
7,113,112
7,123,114
7,115,143
7,138,116
7,121,118
7,124,135
7,126,149
7,133,127
7,147,128
7,132,129
7,130,131
7,140,139
7,141,142
7,145,144
7,228,150
7,152,151
7,155,153
7,157,154
7,156,171
7,181,158
7,159,173
7,236,160
7,161,172
7,235,162
7,163,166
7,164,189
7,174,165
7,176,167
7,168,179
7,169,170
7,175,188
7,177,233
7,215,178
7,213,180
7,185,182
7,183,194
7,186,184
7,187,214
7,221,190
7,203,191
7,201,192
7,193,208
7,195,227
7,196,229
7,197,199
7,198,209
7,237,200
7,202,230
7,205,204
7,225,206
7,207,212
7,210,232
7,234,211
7,231,216
7,217,224
7,223,218
7,219,220
7,222,226
7,245,238
7,239,242
7,247,240
7,241,243
7,251,244
7,246,252
7,248,250
7,253,249
7,262,254
7,255,267
7,256,259
7,257,261
7,264,258
7,260,274
7,268,263
7,294,265
7,266,273
7,269,272
7,270,271
7,276,275
7,277,280
7,278,285
7,279,297
7,281,291
7,286,282
7,283,292
7,284,296
7,290,287
7,288,295
7,289,299
7,298,293
7,330,300
7,321,301
7,303,302
7,309,304
7,305,306
7,307,310
7,308,331
7,320,311
7,317,312
7,313,342
7,314,315
7,319,316
7,322,318
7,323,348
7,332,324
7,325,347
7,338,326
7,327,329
7,328,351
7,333,337
7,335,334
7,345,336
7,346,339
7,343,340
7,352,341
7,344,350
7,353,349
7,354,362
7,355,385
7,369,356
7,367,357
7,358,364
7,359,365
7,363,360
7,361,381
7,379,366
7,380,368
7,370,373
7,371,386
7,376,372
7,374,384
7,375,383
7,377,382
7,387,378
7,409,388
7,460,389
7,462,390
7,391,408
7,392,395
7,393,444
7,400,394
7,415,396
7,414,397
7,398,413
7,399,410
7,422,401
7,402,405
7,403,404
7,406,418
7,407,447
7,411,424
7,425,412
7,417,416
7,423,419
7,445,420
7,421,452
7,427,426
7,457,428
7,429,458
7,463,430
7,431,438
7,432,455
7,433,435
7,443,434
7,436,461
7,437,459
7,439,446
7,464,440
7,441,442
7,449,448
7,450,451
7,453,456
7,454,465
7,466,468
7,483,467
7,469,513
7,470,473
7,540,471
7,482,472
7,521,474
7,487,475
7,476,481
7,493,477
7,478,523
7,497,479
7,480,522
7,484,542
7,485,519
7,498,486
7,496,488
7,529,489
7,490,503
7,504,491
7,492,530
7,524,494
7,495,537
7,532,499
7,500,510
7,501,546
7,518,502
7,505,544
7,541,506
7,514,507
7,531,508
7,509,543
7,533,511
7,512,539
7,515,547
7,520,516
7,517,528
7,538,525
7,526,534
7,527,536
7,535,545
7,548,552
7,549,553
7,555,550
7,567,551
7,554,556
7,557,570
7,558,564
7,559,571
7,569,560
7,561,565
7,562,568
7,572,563
7,573,566
7,574,577
7,575,601
7,576,585
7,578,584
7,579,586
7,580,590
7,581,597
7,612,582
7,594,583
7,588,587
7,595,589
7,591,609
7,592,593
7,596,611
7,598,607
7,604,599
7,600,617
7,602,603
7,608,605
7,606,621
7,614,610
7,613,616
7,615,619
7,620,618
7,623,622
7,624,641
7,625,647
7,626,636
7,627,631
7,663,628
7,629,643
7,645,630
7,639,632
7,646,633
7,657,634
7,648,635
7,638,637
7,640,649
7,674,642
7,644,659
7,667,650
7,672,651
7,652,671
7,653,658
7,654,670
7,655,673
7,677,656
7,679,660
7,664,661
7,665,662
7,668,666
7,675,669
7,676,678
8,0,24
8,5,1
8,9,2
8,4,3
8,6,8
8,7,15
8,10,17
8,20,11
8,12,13
8,14,23
8,16,25
8,18,21
8,22,19
8,37,26
8,30,27
8,34,28
8,31,29
8,32,35
8,33,36
8,71,38
8,53,39
8,40,46
8,41,52
8,51,42
8,47,43
8,44,56
8,55,45
8,68,48
8,66,49
8,58,50
8,54,59
8,70,57
8,60,62
8,63,61
8,64,65
8,69,67
8,72,100
8,73,99
8,147,74
8,75,95
8,92,76
8,77,89
8,78,125
8,98,79
8,103,80
8,81,88
8,86,82
8,84,83
8,85,90
8,87,101
8,91,105
8,131,93
8,94,130
8,102,96
8,97,104
8,124,106
8,107,126
8,108,139
8,109,142
8,110,145
8,127,111
8,112,121
8,135,113
8,114,143
8,115,133
8,116,140
8,117,134
8,118,123
8,122,119
8,120,129
8,128,132
8,136,137
8,138,141
8,144,146
8,149,148
8,194,150
8,151,212
8,152,167
8,153,170
8,158,154
8,155,159
8,179,156
8,157,231
8,160,162
8,161,163
8,187,164
8,165,218
8,172,166
8,176,168
8,169,223
8,171,213
8,173,196
8,174,189
8,175,217
8,190,177
8,178,180
8,181,215
8,182,183
8,184,207
8,186,185
8,214,188
8,191,205
8,237,192
8,206,193
8,195,230
8,197,222
8,225,198
8,199,209
8,200,202
8,229,201
8,203,228
8,204,210
8,226,208
8,211,216
8,224,219
8,220,221
8,233,227
8,232,234
8,236,235
8,250,238
8,243,239
8,240,241
8,242,246
8,244,245
8,249,247
8,248,252
8,253,251
8,286,254
8,261,255
8,287,256
8,274,257
8,258,262
8,259,272
8,263,260
8,299,264
8,271,265
8,266,269
8,267,270
8,268,295
8,273,288
8,275,284
8,276,298
8,285,277
8,291,278
8,296,279
8,292,280
8,293,281
8,282,294
8,289,283
8,297,290
8,342,300
8,301,322
8,302,305
8,309,303
8,304,337
8,306,314
8,333,307
8,308,316
8,310,349
8,311,335
8,334,312
8,313,344
8,315,318
8,330,317
8,319,320
8,331,321
8,347,323
8,353,324
8,325,332
8,336,326
8,340,327
8,341,328
8,329,345
8,339,338
8,350,343
8,348,346
8,351,352
8,369,354
8,355,374
8,384,356
8,357,370
8,381,358
8,359,380
8,360,362
8,366,361
8,364,363
8,365,375
8,379,367
8,368,386
8,372,371
8,373,377
8,376,387
8,378,382
8,385,383
8,388,398
8,435,389
8,390,444
8,391,414
8,394,392
8,393,399
8,395,411
8,396,425
8,401,397
8,409,400
8,404,402
8,416,403
8,418,405
8,415,406
8,408,407
8,410,423
8,412,457
8,426,413
8,452,417
8,419,421
8,420,431
8,422,424
8,448,427
8,428,433
8,442,429
8,430,438
8,464,432
8,446,434
8,443,436
8,437,441
8,453,439
8,440,454
8,462,445
8,447,450
8,451,449
8,455,463
8,456,465
8,458,459
8,461,460
8,466,481
8,479,467
8,468,482
8,476,469
8,542,470
8,483,471
8,472,540
8,473,485
8,474,487
8,475,494
8,477,492
8,493,478
8,488,480
8,506,484
8,486,499
8,503,489
8,524,490
8,491,523
8,539,495
8,497,496
8,498,529
8,514,500
8,512,501
8,528,502
8,518,504
8,530,505
8,534,507
8,508,544
8,509,538
8,510,526
8,511,543
8,513,520
8,531,515
8,516,535
8,547,517
8,519,541
8,522,521
8,525,533
8,537,527
8,545,532
8,536,546
8,548,549
8,550,554
8,566,551
8,552,558
8,553,557
8,564,555
8,556,567
8,559,561
8,563,560
8,565,562
8,568,572
8,570,569
8,573,571
8,584,574
8,577,575
8,576,579
8,590,578
8,585,580
8,583,581
8,582,588
8,593,586
8,597,587
8,589,592
8,611,591
8,594,595
8,612,596
8,599,598
8,601,600
8,619,602
8,603,620
8,615,604
8,605,614
8,617,606
8,622,607
8,608,623
8,609,610
8,621,613
8,616,618
8,636,624
8,640,625
8,626,648
8,671,627
8,628,676
8,639,629
8,635,630
8,631,638
8,632,643
8,633,637
8,634,645
8,647,641
8,642,657
8,646,644
8,649,677
8,679,650
8,651,655
8,674,652
8,653,654
8,656,668
8,658,669
8,663,659
8,660,667
8,661,665
8,662,675
8,664,666
8,678,670
8,673,672
9,0,6
9,1,7
9,2,3
9,16,4
9,8,5
9,9,24
9,21,10
9,11,19
9,22,12
9,13,20
9,14,18
9,25,15
9,17,23
9,26,31
9,37,27
9,28,32
9,36,29
9,30,33
9,35,34
9,45,38
9,39,51
9,52,40
9,43,41
9,42,68
9,44,55
9,48,46
9,53,47
9,49,50
9,54,56
9,57,64
9,58,62
9,59,69
9,60,63
9,61,70
9,65,67
9,71,66
9,72,73
9,79,74
9,75,120
9,89,76
9,77,91
9,88,78
9,80,105
9,81,147
9,82,85
9,83,132
9,90,84
9,93,86
9,104,87
9,92,94
9,103,95
9,96,97
9,102,98
9,99,100
9,131,101
9,106,136
9,139,107
9,134,108
9,140,109
9,135,110
9,111,112
9,113,121
9,141,114
9,118,115
9,148,116
9,126,117
9,119,144
9,122,145
9,123,124
9,130,125
9,127,146
9,149,128
9,129,137
9,143,133
9,142,138
9,150,151
9,182,152
9,166,153
9,154,172
9,173,155
9,232,156
9,171,157
9,158,231
9,159,236
9,160,161
9,162,163
9,178,164
9,165,175
9,167,168
9,217,169
9,170,223
9,218,174
9,180,176
9,194,177
9,234,179
9,213,181
9,183,186
9,185,184
9,188,187
9,189,224
9,228,190
9,191,210
9,192,200
9,193,207
9,209,195
9,201,196
9,227,197
9,198,222
9,199,237
9,202,233
9,212,203
9,204,226
9,216,205
9,208,206
9,211,225
9,214,215
9,221,219
9,230,220
9,235,229
9,238,241
9,239,240
9,245,242
9,251,243
9,250,244
9,246,253
9,252,247
9,249,248
9,254,282
9,273,255
9,264,256
9,257,266
9,258,287
9,263,259
9,260,261
9,262,288
9,265,270
9,272,267
9,274,268
9,269,271
9,299,275
9,290,276
9,277,296
9,284,278
9,295,279
9,280,289
9,281,292
9,283,294
9,285,291
9,293,286
9,298,297
9,300,301
9,349,302
9,303,342
9,320,304
9,335,305
9,306,333
9,307,309
9,321,308
9,314,310
9,311,317
9,312,319
9,316,313
9,315,330
9,318,331
9,332,322
9,323,325
9,324,338
9,326,329
9,327,336
9,328,345
9,337,334
9,339,348
9,352,340
9,351,341
9,343,344
9,346,347
9,350,353
9,384,354
9,356,355
9,374,357
9,358,379
9,364,359
9,360,381
9,363,361
9,362,366
9,365,378
9,367,368
9,377,369
9,382,370
9,383,371
9,380,372
9,373,385
9,375,387
9,386,376
9,389,388
9,390,399
9,407,391
9,392,393
9,394,445
9,410,395
9,398,396
9,397,422
9,400,419
9,423,401
9,417,402
9,405,403
9,451,404
9,406,447
9,408,416
9,411,409
9,412,415
9,413,414
9,427,418
9,444,420
9,424,421
9,435,425
9,426,456
9,439,428
9,429,462
9,442,430
9,459,431
9,432,458
9,434,433
9,436,446
9,463,437
9,438,440
9,441,454
9,460,443
9,452,448
9,450,449
9,461,453
9,457,455
9,465,464
9,467,466
9,468,497
9,532,469
9,470,472
9,471,542
9,473,475
9,486,474
9,482,476
9,490,477
9,478,503
9,481,479
9,523,480
9,506,483
9,485,484
9,492,487
9,504,488
9,489,518
9,522,491
9,499,493
9,494,521
9,495,536
9,496,524
9,530,498
9,511,500
9,516,501
9,502,513
9,505,545
9,507,508
9,526,509
9,510,534
9,515,512
9,517,514
9,525,519
9,539,520
9,528,527
9,538,529
9,547,531
9,544,533
9,543,535
9,546,537
9,540,541
9,569,548
9,558,549
9,566,550
9,551,557
9,552,556
9,554,553
9,570,555
9,568,559
9,560,561
9,572,562
9,563,564
9,571,565
9,567,573
9,574,585
9,575,597
9,611,576
9,577,596
9,578,579
9,589,580
9,595,581
9,587,582
9,592,583
9,586,584
9,588,594
9,590,593
9,591,612
9,598,615
9,607,599
9,600,623
9,602,601
9,621,603
9,622,604
9,616,605
9,618,606
9,610,608
9,609,614
9,613,617
9,620,619
9,632,624
9,625,649
9,644,626
9,657,627
9,628,674
9,629,660
9,630,663
9,631,633
9,634,635
9,641,636
9,637,646
9,638,639
9,645,640
9,643,642
9,654,647
9,676,648
9,650,651
9,672,652
9,675,653
9,655,678
9,658,656
9,659,679
9,661,668
9,666,662
9,669,664
9,665,677
9,670,667
9,673,671
