5003,Heuristic,i04,1
Time,Value 
7230,182419
7200,182419
7170,182422
7140,182422
7110,182429
7080,182429
7050,182432
7020,182439
6990,182439
6960,182445
6930,182450
6900,182458
6870,182458
6840,182490
6810,182495
6780,182495
6750,182501
6720,182515
6690,182515
6660,182530
6630,182530
6600,182533
6570,182537
6540,182537
6510,182538
6480,182539
6450,182540
6420,182542
6390,182544
6360,182544
6330,182572
6300,182579
6270,182587
6240,182587
6210,182594
6180,182594
6150,182596
6120,182605
6090,182606
6060,182609
6030,182611
6000,182612
5970,182613
5940,182613
5910,182633
5880,182633
5850,182634
5820,182641
5790,182647
5760,182654
5730,182657
5700,182657
5670,182665
5640,182665
5610,182667
5580,182667
5550,182671
5520,182677
5490,182714
5460,182714
5430,182714
5400,182717
5370,182717
5340,182723
5310,182723
5280,182743
5250,182743
5220,182844
5190,182846
5160,182849
5130,182852
5100,182859
5070,182859
5040,182870
5010,182871
4980,182874
4950,182874
4920,182875
4890,182897
4860,182900
4830,182918
4800,182918
4770,182926
4740,182927
4710,182927
4680,182943
4650,182950
4620,182974
4590,182974
4560,182981
4530,182989
4500,182998
4470,183008
4440,183009
4410,183014
4380,183015
4350,183017
4320,183018
4290,183020
4260,183020
4230,183029
4200,183034
4170,183115
4140,183119
4110,183120
4080,183140
4050,183141
4020,183143
3990,183143
3960,183156
3930,183161
3900,183165
3870,183168
3840,183177
3810,183197
1740,184835
1710,184850
1680,184873
1650,184929
1620,185015
1590,185113
1560,185176
1530,185229
1500,185258
1470,185297
1440,185303
1410,185440
1380,185474
1350,185498
1320,185517
1290,185595
1260,185711
1230,185763
1200,185809
1170,185821
1140,185875
1110,185932
1080,186058
1050,186119
1020,186305
990,186431
960,186478
930,186527
900,186595
870,186638
360,188909
330,188998
300,189180
270,189528
240,189742
210,189838
180,190017
150,190215
120,190346
90,190548
60,190700
30,190730
0,190792
390,188721
420,188574
450,188478
480,188135
510,187980
540,187784
570,187732
600,187684
630,187529
660,187327
690,187194
720,187085
750,186930
780,186880
810,186799
840,186684
1770,184809
1800,184789
1830,184756
1860,184667
1890,184625
1920,184621
1950,184523
1980,184499
2010,184483
2040,184463
2070,184329
2100,184292
2130,184282
2160,184261
2190,184247
2220,184232
2250,184230
2280,184209
2310,184154
2340,184104
2370,184071
2400,184062
2430,184051
2460,184048
2490,183985
2520,183931
2550,183873
2580,183851
2610,183850
2640,183843
2670,183825
2700,183780
2730,183716
2760,183663
2790,183641
2820,183630
2850,183617
2880,183584
2910,183558
2940,183553
2970,183547
3000,183545
3030,183520
3060,183513
3090,183486
3120,183413
3150,183406
3180,183404
3210,183393
3240,183387
3270,183384
3300,183380
3330,183370
3360,183362
3390,183336
3420,183335
3450,183326
3480,183319
3510,183316
3540,183316
3570,183291
3600,183267
3630,183262
3660,183227
3690,183225
3720,183220
3750,183209
3780,183202
Final, 182419,7231

Round,H_team,A_team 
0,0,9
0,15,1
0,3,2
0,4,5
0,17,6
0,7,8
0,10,20
0,12,11
0,21,13
0,19,14
0,16,24
0,25,18
0,22,23
0,36,26
0,28,27
0,29,31
0,34,30
0,32,33
0,37,35
0,38,46
0,39,56
0,49,40
0,43,41
0,42,68
0,44,54
0,48,45
0,47,51
0,50,67
0,52,53
0,65,55
0,57,62
0,66,58
0,61,59
0,69,60
0,71,63
0,64,70
0,72,106
0,114,73
0,74,129
0,75,79
0,77,76
0,125,78
0,80,88
0,95,81
0,86,82
0,83,131
0,93,84
0,94,85
0,99,87
0,91,89
0,90,100
0,92,132
0,96,98
0,97,103
0,105,101
0,104,102
0,134,107
0,108,148
0,109,138
0,110,145
0,122,111
0,112,146
0,113,133
0,142,115
0,140,116
0,117,139
0,144,118
0,121,119
0,120,147
0,123,127
0,135,124
0,137,126
0,128,130
0,149,136
0,143,141
0,182,150
0,151,180
0,152,183
0,153,172
0,154,167
0,173,155
0,168,156
0,176,157
0,171,158
0,196,159
0,160,161
0,235,162
0,163,236
0,217,164
0,214,165
0,169,166
0,218,170
0,224,174
0,175,188
0,220,177
0,178,213
0,179,231
0,181,215
0,212,184
0,207,185
0,186,203
0,187,194
0,189,233
0,190,223
0,191,225
0,199,192
0,193,206
0,195,230
0,197,198
0,202,200
0,229,201
0,204,205
0,208,211
0,237,209
0,210,232
0,234,216
0,221,219
0,226,222
0,227,228
0,238,240
0,247,239
0,241,243
0,253,242
0,244,250
0,245,246
0,252,248
0,249,251
0,267,254
0,260,255
0,256,271
0,257,273
0,258,263
0,265,259
0,274,261
0,288,262
0,270,264
0,266,268
0,272,269
0,275,276
0,279,277
0,278,284
0,280,297
0,289,281
0,294,282
0,298,283
0,285,296
0,286,291
0,299,287
0,290,295
0,293,292
0,316,300
0,301,308
0,309,302
0,303,349
0,305,304
0,310,306
0,307,335
0,321,311
0,333,312
0,313,322
0,315,314
0,317,331
0,318,330
0,319,320
0,323,325
0,347,324
0,326,339
0,352,327
0,350,328
0,341,329
0,346,332
0,337,334
0,345,336
0,338,344
0,351,340
0,343,342
0,353,348
0,354,370
0,355,356
0,357,369
0,360,358
0,359,381
0,361,367
0,362,368
0,363,366
0,364,379
0,380,365
0,371,372
0,373,382
0,374,384
0,375,383
0,376,386
0,385,377
0,387,378
0,411,388
0,410,389
0,449,390
0,391,415
0,392,399
0,393,444
0,420,394
0,452,395
0,396,409
0,397,425
0,398,401
0,400,419
0,426,402
0,407,403
0,404,408
0,450,405
0,413,406
0,456,412
0,424,414
0,418,416
0,417,427
0,421,423
0,422,447
0,428,446
0,437,429
0,430,454
0,442,431
0,458,432
0,443,433
0,461,434
0,436,435
0,464,438
0,460,439
0,463,440
0,455,441
0,462,445
0,448,451
0,453,459
0,465,457
0,468,466
0,467,484
0,478,469
0,470,541
0,471,472
0,473,475
0,474,487
0,476,488
0,499,477
0,479,494
0,522,480
0,482,481
0,485,483
0,486,493
0,489,525
0,521,490
0,492,491
0,515,495
0,524,496
0,523,497
0,498,545
0,505,500
0,501,502
0,503,532
0,504,518
0,542,506
0,507,533
0,527,508
0,509,526
0,534,510
0,511,543
0,512,546
0,514,513
0,516,547
0,528,517
0,540,519
0,520,536
0,538,529
0,544,530
0,531,535
0,537,539
0,548,573
0,567,549
0,550,556
0,551,554
0,558,552
0,553,566
0,561,555
0,570,557
0,572,559
0,560,571
0,562,565
0,564,563
0,568,569
0,595,574
0,596,575
0,614,576
0,588,577
0,609,578
0,591,579
0,586,580
0,581,583
0,594,582
0,589,584
0,585,590
0,612,587
0,592,593
0,597,611
0,598,604
0,599,623
0,600,617
0,613,601
0,602,605
0,606,603
0,607,616
0,608,610
0,615,622
0,618,620
0,619,621
0,624,675
0,625,649
0,626,648
0,627,631
0,639,628
0,643,629
0,645,630
0,637,632
0,633,646
0,663,634
0,635,640
0,647,636
0,641,638
0,657,642
0,644,659
0,650,678
0,674,651
0,673,652
0,653,669
0,670,654
0,655,665
0,658,656
0,660,667
0,661,668
0,677,662
0,666,664
0,672,671
0,676,679
1,0,5
1,2,1
1,3,16
1,17,4
1,6,7
1,9,8
1,13,10
1,11,19
1,21,12
1,14,22
1,15,25
1,18,20
1,24,23
1,26,34
1,27,31
1,33,28
1,35,29
1,30,32
1,36,37
1,38,43
1,41,39
1,40,67
1,52,42
1,45,44
1,46,47
1,56,48
1,51,49
1,53,50
1,70,54
1,55,58
1,59,57
1,60,65
1,69,61
1,62,66
1,63,64
1,68,71
1,72,99
1,73,137
1,87,74
1,97,75
1,89,76
1,80,77
1,81,78
1,79,147
1,85,82
1,83,86
1,84,92
1,88,103
1,90,105
1,100,91
1,131,93
1,136,94
1,98,95
1,96,125
1,104,101
1,132,102
1,106,113
1,116,107
1,108,140
1,143,109
1,111,110
1,127,112
1,115,114
1,138,117
1,118,124
1,145,119
1,120,149
1,121,123
1,122,135
1,126,128
1,130,129
1,133,142
1,148,134
1,141,139
1,146,144
1,150,188
1,194,151
1,182,152
1,153,163
1,154,176
1,161,155
1,180,156
1,157,171
1,158,168
1,159,162
1,160,173
1,164,223
1,165,174
1,166,217
1,167,179
1,169,172
1,181,170
1,175,178
1,177,227
1,185,183
1,184,207
1,206,186
1,187,215
1,189,221
1,228,190
1,193,191
1,192,198
1,201,195
1,236,196
1,199,197
1,220,200
1,237,202
1,203,212
1,204,208
1,225,205
1,230,209
1,216,210
1,222,211
1,213,214
1,218,224
1,233,219
1,231,226
1,229,235
1,232,234
1,242,238
1,240,239
1,248,241
1,244,243
1,250,245
1,246,253
1,251,247
1,249,252
1,298,254
1,255,274
1,256,270
1,261,257
1,269,258
1,259,288
1,268,260
1,267,262
1,263,287
1,264,272
1,271,265
1,273,266
1,285,275
1,277,276
1,297,278
1,296,279
1,280,289
1,281,294
1,282,293
1,283,286
1,291,284
1,292,290
1,295,299
1,300,301
1,310,302
1,304,303
1,305,307
1,306,333
1,322,308
1,334,309
1,311,318
1,312,321
1,340,313
1,330,314
1,315,337
1,332,316
1,335,317
1,342,319
1,320,331
1,323,339
1,348,324
1,325,346
1,350,326
1,327,351
1,328,329
1,336,344
1,338,347
1,341,352
1,343,345
1,349,353
1,374,354
1,377,355
1,356,370
1,368,357
1,358,364
1,379,359
1,360,367
1,381,361
1,366,362
1,380,363
1,365,371
1,369,373
1,372,384
1,375,376
1,378,383
1,382,385
1,386,387
1,388,435
1,389,436
1,390,444
1,403,391
1,392,420
1,399,393
1,394,411
1,395,400
1,396,425
1,414,397
1,415,398
1,409,401
1,408,402
1,418,404
1,405,452
1,447,406
1,413,407
1,423,410
1,412,428
1,416,417
1,451,419
1,421,424
1,422,450
1,426,448
1,427,456
1,429,462
1,430,458
1,432,431
1,433,446
1,443,434
1,438,437
1,439,453
1,440,442
1,441,465
1,445,449
1,457,454
1,455,463
1,459,464
1,460,461
1,482,466
1,472,467
1,481,468
1,518,469
1,540,470
1,484,471
1,473,485
1,477,474
1,479,475
1,495,476
1,490,478
1,480,494
1,483,541
1,487,486
1,488,496
1,545,489
1,523,491
1,492,498
1,493,499
1,497,524
1,500,544
1,516,501
1,502,528
1,503,504
1,538,505
1,506,509
1,507,526
1,508,514
1,510,543
1,534,511
1,512,537
1,513,520
1,515,536
1,547,517
1,519,542
1,521,522
1,529,525
1,527,531
1,532,530
1,533,535
1,539,546
1,558,548
1,549,554
1,550,553
1,566,551
1,556,552
1,555,568
1,557,567
1,559,561
1,560,573
1,562,570
1,569,563
1,571,564
1,565,572
1,574,584
1,575,597
1,576,578
1,583,577
1,589,579
1,580,609
1,587,581
1,582,596
1,585,594
1,590,586
1,611,588
1,599,591
1,595,592
1,612,593
1,616,598
1,615,600
1,603,601
1,620,602
1,623,604
1,605,607
1,606,619
1,622,608
1,610,614
1,621,613
1,618,617
1,637,624
1,640,625
1,647,626
1,627,674
1,628,657
1,629,631
1,630,663
1,632,638
1,634,633
1,648,635
1,636,641
1,642,639
1,671,643
1,644,645
1,646,659
1,654,649
1,660,650
1,651,678
1,652,676
1,653,661
1,655,673
1,668,656
1,664,658
1,675,662
1,665,669
1,666,677
1,667,672
1,679,670
2,1,0
2,7,2
2,5,3
2,4,9
2,6,15
2,8,24
2,19,10
2,16,11
2,12,22
2,23,13
2,18,14
2,25,17
2,20,21
2,26,30
2,34,27
2,37,28
2,29,33
2,31,35
2,32,36
2,42,38
2,43,39
2,58,40
2,51,41
2,48,44
2,45,46
2,55,47
2,49,52
2,66,50
2,53,56
2,54,68
2,57,70
2,59,62
2,63,60
2,61,65
2,71,64
2,67,69
2,76,72
2,99,73
2,128,74
2,75,120
2,77,90
2,78,88
2,79,97
2,102,80
2,98,81
2,82,83
2,94,84
2,85,93
2,86,92
2,101,87
2,100,89
2,105,91
2,95,104
2,103,96
2,136,106
2,107,148
2,139,108
2,109,141
2,110,121
2,127,111
2,112,144
2,113,135
2,114,122
2,133,115
2,134,116
2,147,117
2,145,118
2,119,146
2,124,123
2,130,125
2,149,126
2,129,137
2,132,131
2,138,143
2,142,140
2,150,184
2,151,182
2,215,152
2,161,153
2,156,154
2,155,160
2,157,169
2,176,158
2,159,235
2,162,166
2,172,163
2,174,164
2,165,187
2,167,171
2,179,168
2,170,217
2,173,236
2,224,175
2,177,228
2,178,180
2,214,181
2,183,207
2,212,185
2,194,186
2,188,213
2,219,189
2,233,190
2,191,208
2,202,192
2,210,193
2,195,227
2,196,229
2,226,197
2,198,237
2,209,199
2,200,230
2,225,201
2,206,203
2,232,204
2,205,231
2,211,216
2,223,218
2,221,220
2,222,234
2,238,253
2,239,252
2,240,241
2,242,244
2,243,245
2,251,246
2,247,248
2,250,249
2,254,274
2,255,257
2,258,256
2,272,259
2,260,273
2,261,288
2,262,268
2,263,271
2,264,265
2,266,267
2,270,269
2,299,275
2,276,280
2,277,296
2,278,279
2,293,281
2,292,282
2,283,294
2,284,297
2,291,285
2,289,286
2,287,295
2,290,298
2,308,300
2,324,301
2,302,353
2,319,303
2,304,337
2,314,305
2,306,335
2,307,309
2,349,310
2,311,312
2,313,316
2,321,315
2,330,317
2,331,318
2,320,322
2,346,323
2,347,325
2,326,343
2,344,327
2,328,345
2,329,350
2,348,332
2,334,333
2,352,336
2,339,338
2,340,342
2,351,341
2,354,372
2,370,355
2,356,366
2,357,374
2,358,359
2,381,360
2,361,364
2,367,362
2,363,365
2,368,380
2,385,369
2,384,371
2,383,373
2,387,375
2,378,376
2,382,377
2,386,379
2,461,388
2,401,389
2,390,445
2,406,391
2,444,392
2,449,393
2,395,394
2,398,396
2,397,415
2,419,399
2,420,400
2,402,404
2,403,418
2,416,405
2,407,408
2,410,409
2,411,421
2,427,412
2,424,413
2,414,422
2,417,450
2,447,423
2,425,457
2,456,426
2,428,433
2,440,429
2,438,430
2,431,441
2,432,465
2,434,460
2,435,453
2,446,436
2,437,459
2,439,443
2,454,442
2,462,448
2,452,451
2,464,455
2,458,463
2,466,481
2,470,467
2,520,468
2,469,521
2,471,483
2,472,482
2,541,473
2,474,490
2,475,488
2,476,479
2,477,522
2,504,478
2,480,495
2,485,484
2,498,486
2,487,493
2,489,518
2,491,503
2,524,492
2,494,497
2,496,523
2,530,499
2,500,508
2,546,501
2,502,512
2,533,505
2,526,506
2,543,507
2,509,511
2,510,519
2,513,528
2,514,547
2,517,515
2,531,516
2,525,532
2,537,527
2,529,545
2,535,534
2,536,539
2,544,538
2,542,540
2,548,549
2,570,550
2,552,551
2,557,553
2,554,566
2,573,555
2,567,556
2,565,558
2,559,571
2,564,560
2,561,562
2,563,568
2,572,569
2,586,574
2,603,575
2,591,576
2,577,581
2,578,590
2,579,583
2,584,580
2,582,612
2,592,585
2,587,588
2,593,589
2,594,595
2,597,596
2,598,614
2,608,599
2,600,622
2,601,620
2,602,615
2,604,605
2,613,606
2,610,607
2,609,611
2,623,616
2,617,619
2,621,618
2,624,641
2,625,636
2,654,626
2,657,627
2,643,628
2,629,639
2,659,630
2,631,642
2,640,632
2,633,637
2,645,634
2,635,644
2,638,646
2,678,647
2,648,663
2,649,653
2,673,650
2,676,651
2,652,671
2,679,655
2,656,675
2,669,658
2,674,660
2,661,677
2,662,665
2,668,664
2,672,666
2,670,667
3,0,8
3,4,1
3,2,6
3,9,3
3,5,7
3,10,21
3,11,18
3,12,19
3,14,13
3,15,24
3,25,16
3,17,23
3,22,20
3,27,26
3,28,36
3,37,29
3,30,31
3,35,32
3,34,33
3,68,38
3,39,53
3,40,45
3,48,41
3,47,42
3,43,51
3,44,56
3,46,55
3,49,54
3,50,52
3,57,69
3,58,67
3,64,59
3,61,60
3,62,63
3,65,70
3,71,66
3,72,118
3,73,106
3,74,75
3,91,76
3,99,77
3,96,78
3,120,79
3,80,101
3,147,81
3,92,82
3,83,130
3,84,85
3,86,94
3,103,87
3,88,104
3,89,90
3,93,132
3,97,95
3,125,98
3,137,100
3,105,102
3,108,107
3,140,109
3,113,110
3,111,112
3,143,114
3,115,121
3,139,116
3,117,149
3,123,119
3,124,122
3,126,129
3,144,127
3,131,128
3,135,133
3,134,136
3,148,138
3,141,142
3,146,145
3,151,150
3,152,184
3,155,153
3,170,154
3,156,179
3,168,157
3,158,167
3,236,159
3,172,160
3,235,161
3,162,173
3,163,166
3,164,175
3,213,165
3,218,169
3,171,176
3,190,174
3,191,177
3,178,214
3,180,215
3,181,188
3,182,183
3,185,194
3,186,212
3,217,187
3,189,220
3,209,192
3,193,226
3,221,195
3,196,200
3,197,230
3,227,198
3,199,222
3,201,202
3,203,228
3,216,204
3,205,211
3,207,206
3,208,225
3,234,210
3,219,224
3,223,233
3,237,229
3,231,232
3,239,238
3,245,240
3,241,244
3,246,242
3,252,243
3,249,247
3,248,250
3,253,251
3,282,254
3,267,255
3,256,287
3,257,266
3,265,258
3,259,269
3,288,260
3,268,261
3,262,270
3,274,263
3,273,264
3,271,272
3,275,296
3,276,291
3,285,277
3,295,278
3,279,284
3,298,280
3,281,292
3,293,283
3,286,299
3,294,289
3,297,290
3,318,300
3,301,346
3,302,304
3,303,305
3,314,306
3,333,307
3,308,330
3,309,349
3,310,334
3,317,311
3,315,312
3,313,320
3,316,323
3,319,341
3,321,331
3,322,342
3,339,324
3,332,325
3,326,328
3,336,327
3,329,340
3,337,335
3,343,338
3,344,351
3,345,352
3,347,348
3,353,350
3,369,354
3,355,374
3,362,356
3,357,367
3,380,358
3,359,360
3,363,361
3,364,365
3,366,381
3,379,368
3,373,370
3,371,386
3,372,378
3,375,382
3,376,385
3,383,377
3,387,384
3,388,397
3,460,389
3,462,390
3,391,407
3,392,395
3,393,445
3,394,444
3,396,415
3,409,398
3,399,411
3,400,410
3,401,421
3,405,402
3,404,403
3,408,406
3,412,425
3,413,414
3,451,416
3,418,417
3,423,419
3,420,449
3,422,424
3,426,452
3,465,427
3,436,428
3,429,438
3,430,464
3,431,437
3,456,432
3,453,433
3,434,446
3,435,439
3,458,440
3,463,441
3,442,459
3,461,443
3,450,447
3,448,457
3,455,454
3,503,466
3,467,485
3,468,480
3,469,476
3,473,470
3,540,471
3,483,472
3,498,474
3,475,481
3,491,477
3,478,492
3,479,487
3,488,482
3,484,542
3,486,494
3,499,489
3,523,490
3,518,493
3,495,539
3,496,497
3,511,500
3,501,513
3,517,502
3,522,504
3,505,530
3,538,506
3,507,535
3,534,508
3,509,533
3,544,510
3,512,536
3,528,514
3,515,547
3,527,516
3,519,541
3,520,546
3,521,524
3,545,525
3,543,526
3,532,529
3,531,537
3,552,548
3,549,566
3,555,550
3,551,557
3,553,554
3,556,570
3,568,558
3,564,559
3,562,560
3,572,561
3,563,565
3,567,573
3,569,571
3,574,603
3,575,600
3,576,611
3,577,594
3,578,589
3,579,609
3,580,591
3,581,612
3,588,582
3,593,583
3,584,585
3,595,586
3,596,587
3,590,592
3,597,610
3,615,598
3,614,599
3,602,601
3,607,604
3,608,605
3,606,617
3,619,613
3,618,616
3,620,621
3,622,623
3,639,624
3,632,625
3,626,636
3,627,643
3,628,629
3,630,648
3,633,631
3,646,634
3,641,635
3,638,637
3,659,640
3,642,674
3,647,644
3,663,645
3,664,649
3,650,672
3,651,652
3,653,656
3,677,654
3,671,655
3,657,660
3,658,668
3,661,675
3,662,669
3,665,666
3,667,679
3,670,673
3,678,676
4,6,0
4,1,9
4,8,2
4,3,7
4,24,4
4,16,5
4,10,11
4,20,12
4,13,18
4,21,14
4,23,15
4,22,17
4,19,25
4,32,26
4,27,37
4,28,35
4,36,29
4,33,30
4,31,34
4,38,47
4,52,39
4,50,40
4,41,42
4,45,43
4,51,44
4,46,48
4,53,49
4,54,58
4,55,59
4,56,68
4,60,57
4,64,61
4,69,62
4,70,63
4,65,71
4,67,66
4,87,72
4,73,77
4,74,120
4,75,96
4,76,105
4,78,97
4,81,79
4,104,80
4,82,93
4,83,84
4,85,130
4,125,86
4,102,88
4,89,99
4,90,91
4,94,92
4,95,103
4,98,101
4,100,136
4,106,114
4,107,126
4,108,138
4,109,148
4,110,146
4,111,135
4,121,112
4,127,113
4,141,115
4,116,147
4,117,134
4,118,133
4,119,124
4,122,123
4,132,128
4,129,149
4,137,131
4,142,139
4,140,143
4,145,144
4,150,194
4,185,151
4,186,152
4,153,235
4,154,155
4,176,156
4,158,157
4,160,159
4,173,161
4,163,162
4,164,218
4,165,190
4,166,172
4,167,180
4,168,181
4,169,170
4,213,171
4,174,177
4,175,217
4,188,178
4,179,205
4,184,182
4,203,183
4,187,223
4,228,189
4,226,191
4,192,197
4,211,193
4,195,219
4,201,196
4,198,209
4,230,199
4,229,200
4,202,221
4,204,234
4,208,206
4,212,207
4,231,210
4,215,214
4,232,216
4,220,227
4,225,222
4,224,233
4,236,237
4,245,238
4,243,239
4,242,240
4,253,241
4,244,252
4,246,249
4,247,250
4,251,248
4,254,281
4,255,262
4,263,256
4,257,260
4,287,258
4,259,271
4,261,266
4,264,299
4,269,265
4,273,267
4,268,288
4,272,270
4,290,274
4,275,279
4,296,276
4,277,297
4,280,278
4,286,282
4,292,283
4,284,285
4,289,293
4,291,294
4,295,298
4,300,330
4,322,301
4,342,302
4,303,353
4,304,319
4,305,306
4,307,310
4,331,308
4,309,314
4,334,311
4,312,317
4,341,313
4,315,318
4,325,316
4,320,349
4,337,321
4,323,347
4,324,332
4,345,326
4,327,329
4,328,340
4,335,333
4,350,336
4,338,346
4,348,339
4,343,344
4,351,352
4,354,373
4,355,357
4,374,356
4,358,379
4,359,380
4,360,368
4,362,361
4,381,363
4,366,364
4,365,378
4,384,367
4,369,383
4,385,370
4,371,387
4,372,386
4,377,375
4,382,376
4,388,410
4,389,411
4,392,390
4,391,408
4,394,393
4,419,395
4,396,401
4,423,397
4,398,422
4,399,400
4,402,418
4,406,403
4,452,404
4,417,405
4,407,414
4,421,409
4,412,432
4,415,413
4,416,427
4,445,420
4,447,424
4,425,456
4,457,426
4,428,461
4,464,429
4,463,430
4,459,431
4,433,436
4,439,434
4,446,435
4,437,453
4,438,458
4,441,440
4,442,455
4,443,460
4,444,462
4,450,448
4,449,451
4,454,465
4,466,475
4,467,471
4,482,468
4,477,469
4,470,484
4,485,472
4,481,473
4,492,474
4,522,476
4,478,487
4,488,479
4,480,523
4,540,483
4,486,491
4,489,503
4,490,504
4,493,524
4,494,496
4,536,495
4,497,521
4,529,498
4,499,532
4,533,500
4,501,512
4,514,502
4,545,505
4,506,511
4,507,528
4,508,531
4,510,509
4,513,518
4,546,515
4,516,517
4,519,543
4,537,520
4,525,544
4,526,534
4,539,527
4,530,538
4,547,535
4,542,541
4,551,548
4,553,549
4,550,552
4,554,556
4,555,567
4,566,557
4,558,564
4,565,559
4,560,572
4,561,563
4,571,562
4,573,568
4,570,569
4,601,574
4,575,577
4,609,576
4,580,578
4,585,579
4,596,581
4,582,590
4,583,595
4,594,584
4,586,593
4,587,597
4,612,588
4,589,592
4,611,591
4,598,607
4,599,615
4,616,600
4,621,602
4,603,620
4,604,622
4,605,619
4,618,606
4,614,608
4,623,610
4,617,613
4,624,629
4,625,677
4,640,626
4,639,627
4,628,642
4,635,630
4,631,638
4,636,632
4,645,633
4,634,657
4,637,659
4,646,641
4,643,674
4,644,663
4,654,647
4,648,670
4,649,665
4,667,650
4,666,651
4,652,672
4,668,653
4,655,678
4,656,662
4,675,658
4,660,679
4,669,661
4,664,673
4,676,671
5,2,0
5,5,1
5,6,3
5,7,4
5,8,17
5,9,24
5,14,10
5,23,11
5,18,12
5,13,22
5,15,16
5,20,19
5,21,25
5,26,37
5,36,27
5,30,28
5,29,34
5,31,32
5,35,33
5,45,38
5,39,46
5,44,40
5,41,52
5,42,51
5,43,47
5,54,48
5,49,50
5,58,53
5,68,55
5,59,56
5,63,57
5,60,64
5,62,61
5,66,65
5,67,71
5,70,69
5,77,72
5,136,73
5,79,74
5,75,95
5,76,92
5,87,78
5,119,80
5,81,88
5,82,131
5,93,83
5,84,89
5,90,85
5,91,86
5,130,94
5,96,104
5,101,97
5,102,98
5,99,100
5,103,105
5,106,137
5,107,140
5,149,108
5,109,139
5,127,110
5,123,111
5,112,135
5,113,144
5,114,142
5,143,115
5,138,116
5,148,117
5,118,122
5,129,120
5,146,121
5,124,145
5,132,125
5,126,147
5,128,134
5,133,141
5,152,150
5,228,151
5,153,160
5,157,154
5,155,163
5,171,156
5,234,158
5,159,172
5,161,196
5,162,236
5,189,164
5,165,175
5,166,170
5,169,167
5,176,168
5,235,173
5,174,218
5,177,203
5,190,178
5,179,193
5,214,180
5,181,224
5,194,182
5,183,186
5,184,185
5,188,187
5,191,207
5,192,201
5,195,220
5,197,208
5,198,199
5,200,237
5,209,202
5,211,204
5,210,205
5,206,212
5,215,213
5,216,231
5,223,217
5,219,230
5,227,221
5,222,232
5,226,225
5,233,229
5,238,251
5,239,245
5,240,247
5,241,246
5,243,242
5,249,244
5,248,253
5,250,252
5,254,265
5,266,255
5,256,269
5,267,257
5,258,272
5,287,259
5,260,263
5,262,261
5,271,264
5,274,268
5,270,273
5,297,275
5,276,298
5,290,277
5,278,291
5,279,285
5,283,280
5,282,281
5,284,296
5,293,286
5,288,295
5,289,292
5,299,294
5,300,320
5,301,348
5,302,303
5,349,304
5,310,305
5,306,309
5,334,307
5,308,321
5,311,315
5,312,335
5,313,337
5,333,314
5,316,342
5,317,318
5,340,319
5,325,322
5,324,323
5,352,326
5,341,327
5,328,351
5,329,336
5,330,331
5,332,338
5,346,339
5,350,343
5,344,345
5,347,353
5,384,354
5,373,355
5,356,357
5,365,358
5,361,359
5,363,360
5,364,362
5,379,366
5,367,372
5,368,381
5,377,369
5,370,374
5,375,371
5,387,376
5,378,382
5,386,380
5,383,385
5,389,388
5,390,420
5,414,391
5,419,392
5,395,393
5,400,394
5,424,396
5,397,413
5,425,398
5,409,399
5,411,401
5,406,402
5,403,417
5,416,404
5,405,408
5,407,447
5,410,421
5,457,412
5,427,415
5,426,418
5,422,423
5,434,428
5,429,442
5,459,430
5,431,463
5,432,437
5,461,433
5,435,443
5,436,439
5,453,438
5,440,455
5,454,441
5,444,445
5,460,446
5,452,448
5,462,449
5,451,450
5,465,456
5,458,464
5,466,497
5,483,467
5,468,488
5,532,469
5,471,470
5,472,540
5,473,542
5,474,499
5,475,494
5,476,482
5,477,478
5,481,479
5,496,480
5,484,519
5,541,485
5,524,486
5,487,492
5,504,489
5,490,498
5,491,522
5,493,525
5,546,495
5,500,507
5,515,501
5,502,513
5,518,503
5,505,534
5,506,543
5,535,508
5,538,509
5,526,510
5,533,511
5,512,516
5,514,517
5,539,520
5,521,523
5,528,527
5,544,529
5,530,545
5,547,531
5,536,537
5,548,553
5,549,558
5,557,550
5,556,551
5,554,552
5,566,555
5,559,568
5,561,560
5,562,564
5,563,570
5,573,565
5,567,569
5,572,571
5,574,575
5,576,580
5,582,577
5,581,578
5,579,590
5,594,583
5,586,584
5,593,585
5,587,609
5,588,597
5,589,595
5,591,614
5,592,612
5,600,596
5,605,598
5,616,599
5,601,606
5,613,602
5,603,618
5,604,615
5,622,607
5,608,623
5,610,611
5,617,621
5,620,619
5,638,624
5,641,625
5,626,644
5,629,627
5,648,628
5,636,630
5,631,639
5,632,635
5,633,663
5,659,634
5,637,646
5,640,647
5,642,643
5,657,645
5,649,656
5,650,670
5,672,651
5,655,652
5,654,653
5,658,662
5,660,676
5,661,664
5,668,665
5,669,666
5,673,667
5,674,671
5,677,675
5,679,678
6,0,3
6,1,8
6,2,5
6,4,15
6,9,6
6,24,7
6,25,10
6,11,20
6,12,13
6,14,23
6,17,16
6,19,18
6,22,21
6,35,26
6,27,32
6,34,28
6,29,30
6,37,31
6,33,36
6,38,41
6,42,39
6,40,54
6,71,43
6,55,44
6,56,45
6,46,53
6,47,52
6,48,68
6,58,49
6,51,50
6,57,66
6,59,60
6,61,63
6,62,70
6,64,69
6,65,67
6,72,119
6,115,73
6,74,81
6,78,75
6,100,76
6,105,77
6,95,79
6,80,103
6,89,82
6,94,83
6,84,90
6,86,85
6,88,87
6,91,99
6,92,93
6,97,96
6,98,104
6,101,102
6,142,106
6,117,107
6,147,108
6,134,109
6,110,112
6,144,111
6,145,113
6,114,133
6,116,143
6,146,118
6,120,136
6,121,124
6,122,127
6,135,123
6,131,125
6,148,126
6,128,129
6,130,132
6,137,149
6,139,138
6,140,141
6,150,185
6,151,215
6,180,152
6,159,153
6,154,166
6,172,155
6,156,158
6,167,157
6,160,162
6,236,161
6,163,173
6,178,164
6,218,165
6,168,171
6,217,169
6,170,176
6,223,174
6,175,181
6,177,189
6,234,179
6,182,212
6,183,194
6,186,184
6,187,213
6,214,188
6,190,224
6,206,191
6,227,192
6,193,232
6,200,195
6,196,235
6,209,197
6,230,198
6,199,225
6,237,201
6,202,229
6,203,208
6,204,226
6,205,216
6,207,228
6,210,211
6,219,220
6,221,233
6,222,231
6,238,241
6,239,244
6,240,249
6,250,242
6,251,243
6,245,248
6,252,246
6,253,247
6,294,254
6,268,255
6,265,256
6,257,262
6,264,258
6,259,270
6,260,267
6,261,263
6,272,266
6,269,273
6,288,271
6,274,287
6,275,284
6,276,290
6,298,277
6,285,278
6,295,279
6,280,293
6,281,299
6,291,282
6,283,289
6,286,292
6,296,297
6,331,300
6,301,332
6,307,302
6,303,306
6,309,304
6,305,349
6,318,308
6,333,310
6,335,311
6,319,312
6,345,313
6,314,334
6,317,315
6,322,316
6,320,337
6,321,330
6,348,323
6,353,324
6,338,325
6,326,351
6,327,350
6,336,328
6,329,343
6,339,344
6,352,340
6,342,341
6,346,347
6,354,356
6,355,362
6,357,384
6,358,366
6,359,363
6,360,364
6,361,368
6,376,365
6,367,379
6,374,369
6,370,377
6,371,378
6,372,387
6,373,385
6,386,375
6,380,381
6,382,383
6,401,388
6,443,389
6,393,390
6,391,416
6,394,392
6,399,395
6,397,396
6,413,398
6,411,400
6,402,403
6,404,417
6,451,405
6,421,406
6,418,407
6,408,414
6,423,409
6,424,410
6,412,465
6,415,422
6,447,419
6,420,462
6,434,425
6,427,426
6,428,435
6,441,429
6,430,437
6,440,431
6,463,432
6,433,460
6,436,461
6,438,459
6,446,439
6,464,442
6,448,444
6,445,452
6,449,450
6,453,458
6,456,454
6,455,457
6,479,466
6,467,481
6,468,496
6,469,513
6,483,470
6,541,471
6,542,472
6,482,473
6,486,474
6,487,475
6,480,476
6,503,477
6,523,478
6,484,540
6,485,519
6,497,488
6,498,489
6,522,490
6,491,521
6,492,493
6,494,524
6,495,512
6,545,499
6,543,500
6,501,528
6,520,502
6,532,504
6,529,505
6,510,506
6,534,507
6,508,533
6,509,544
6,511,526
6,518,514
6,531,515
6,516,539
6,517,536
6,525,538
6,527,546
6,535,530
6,537,547
6,548,565
6,549,551
6,550,554
6,552,557
6,558,553
6,555,570
6,556,566
6,560,559
6,571,561
6,563,562
6,564,572
6,568,567
6,569,573
6,585,574
6,575,601
6,576,579
6,577,596
6,578,586
6,580,589
6,581,588
6,597,582
6,583,592
6,584,593
6,611,587
6,590,594
6,609,591
6,595,612
6,598,617
6,599,605
6,600,618
6,602,603
6,614,604
6,606,621
6,607,623
6,615,608
6,622,610
6,620,613
6,619,616
6,624,632
6,625,626
6,627,638
6,628,674
6,629,657
6,630,637
6,634,631
6,644,633
6,647,635
6,670,636
6,639,643
6,646,640
6,645,641
6,671,642
6,678,648
6,658,649
6,651,650
6,652,660
6,653,677
6,656,654
6,664,655
6,663,659
6,662,661
6,665,673
6,666,668
6,676,667
6,675,669
6,672,679
7,7,0
7,3,1
7,4,2
7,5,9
7,6,8
7,10,15
7,11,13
7,12,14
7,16,23
7,17,24
7,18,21
7,19,22
7,20,25
7,26,33
7,27,35
7,28,31
7,32,29
7,30,37
7,36,34
7,52,38
7,68,39
7,40,55
7,45,41
7,43,42
7,46,44
7,47,48
7,49,65
7,50,58
7,53,51
7,54,56
7,57,61
7,70,59
7,60,71
7,67,62
7,69,63
7,66,64
7,72,100
7,73,76
7,88,74
7,75,98
7,77,89
7,78,120
7,79,96
7,118,80
7,87,81
7,82,132
7,83,92
7,125,84
7,85,91
7,86,105
7,90,99
7,93,130
7,137,94
7,95,102
7,104,97
7,103,101
7,106,143
7,139,107
7,108,116
7,109,136
7,135,110
7,111,146
7,112,113
7,141,114
7,124,115
7,126,117
7,119,144
7,122,121
7,123,145
7,133,127
7,147,128
7,131,129
7,149,134
7,138,142
7,140,148
7,186,150
7,151,183
7,152,228
7,153,166
7,154,168
7,155,162
7,156,170
7,172,157
7,158,179
7,161,159
7,160,163
7,164,165
7,176,167
7,181,169
7,171,214
7,173,196
7,175,174
7,184,177
7,178,187
7,213,180
7,185,182
7,188,215
7,189,190
7,191,203
7,192,237
7,193,207
7,212,194
7,195,209
7,225,197
7,198,222
7,199,226
7,201,200
7,220,202
7,204,210
7,232,205
7,216,206
7,208,234
7,231,211
7,217,218
7,229,219
7,221,230
7,224,223
7,233,227
7,235,236
7,248,238
7,241,239
7,246,240
7,242,245
7,243,250
7,244,251
7,247,252
7,249,253
7,254,266
7,255,261
7,256,259
7,257,274
7,258,271
7,262,260
7,263,288
7,269,264
7,270,265
7,267,268
7,273,272
7,277,275
7,279,276
7,296,278
7,292,280
7,281,283
7,299,282
7,284,295
7,285,286
7,287,290
7,289,291
7,293,294
7,298,297
7,342,300
7,347,301
7,302,349
7,307,303
7,304,320
7,335,305
7,334,306
7,315,308
7,309,310
7,311,330
7,316,312
7,319,313
7,331,314
7,322,317
7,321,318
7,323,338
7,324,346
7,325,348
7,327,326
7,341,328
7,351,329
7,332,339
7,337,333
7,353,336
7,343,340
7,344,352
7,350,345
7,355,354
7,356,373
7,385,357
7,363,358
7,359,364
7,362,360
7,366,361
7,365,386
7,368,367
7,369,370
7,371,382
7,376,372
7,374,377
7,378,375
7,381,379
7,380,384
7,383,387
7,388,443
7,396,389
7,390,395
7,391,413
7,392,445
7,393,400
7,399,394
7,398,397
7,410,401
7,416,402
7,403,408
7,404,405
7,406,407
7,409,411
7,433,412
7,415,414
7,417,451
7,456,418
7,419,424
7,448,420
7,422,421
7,450,423
7,425,436
7,465,426
7,457,427
7,439,428
7,429,458
7,455,430
7,431,438
7,459,432
7,435,434
7,437,463
7,454,440
7,441,464
7,442,462
7,444,449
7,461,446
7,452,447
7,460,453
7,488,466
7,475,467
7,546,468
7,504,469
7,470,485
7,471,481
7,472,484
7,540,473
7,474,491
7,476,496
7,490,477
7,478,503
7,482,479
7,480,521
7,542,483
7,492,486
7,524,487
7,489,532
7,529,493
7,523,494
7,495,520
7,497,522
7,499,498
7,526,500
7,517,501
7,502,518
7,505,544
7,506,541
7,507,514
7,528,508
7,509,534
7,510,533
7,519,511
7,539,512
7,513,516
7,515,537
7,530,525
7,547,527
7,536,531
7,543,535
7,538,545
7,554,548
7,565,549
7,551,550
7,553,552
7,558,555
7,557,556
7,570,559
7,560,568
7,561,564
7,562,569
7,571,563
7,566,567
7,573,572
7,621,574
7,575,620
7,597,576
7,595,577
7,591,578
7,579,586
7,580,590
7,582,581
7,583,587
7,592,584
7,589,585
7,596,588
7,593,594
7,608,598
7,604,599
7,619,600
7,618,601
7,606,602
7,603,613
7,605,622
7,607,614
7,610,609
7,612,611
7,623,615
7,616,617
7,625,624
7,635,626
7,628,627
7,642,629
7,630,644
7,657,631
7,632,647
7,633,639
7,637,634
7,636,654
7,638,659
7,641,640
7,643,652
7,646,645
7,648,679
7,677,649
7,650,655
7,673,651
7,653,675
7,669,656
7,665,658
7,671,660
7,666,661
7,668,662
7,667,663
7,664,672
7,670,678
7,674,676
8,0,4
8,1,6
8,2,16
8,8,3
8,24,5
8,7,9
8,10,12
8,14,11
8,13,20
8,15,17
8,22,18
8,21,19
8,23,25
8,31,26
8,33,27
8,28,29
8,30,36
8,37,32
8,34,35
8,39,38
8,56,40
8,41,46
8,42,45
8,68,43
8,44,47
8,53,48
8,66,49
8,50,65
8,51,52
8,55,54
8,71,57
8,58,61
8,59,69
8,70,60
8,62,64
8,63,67
8,80,72
8,100,73
8,74,78
8,81,75
8,76,90
8,91,77
8,79,98
8,82,84
8,132,83
8,92,85
8,89,86
8,104,87
8,101,88
8,93,94
8,96,95
8,97,125
8,99,105
8,102,103
8,106,133
8,107,149
8,141,108
8,115,109
8,144,110
8,145,111
8,124,112
8,113,146
8,121,114
8,116,117
8,123,118
8,119,122
8,120,128
8,126,134
8,127,135
8,129,147
8,130,131
8,136,137
8,138,140
8,148,139
8,143,142
8,180,150
8,152,151
8,162,153
8,158,154
8,166,155
8,157,156
8,159,173
8,235,160
8,161,163
8,164,188
8,165,178
8,167,168
8,169,176
8,170,172
8,215,171
8,174,217
8,218,175
8,194,177
8,179,204
8,213,181
8,203,182
8,183,184
8,185,186
8,214,187
8,224,189
8,190,221
8,212,191
8,200,192
8,205,193
8,233,195
8,202,196
8,197,222
8,226,198
8,237,199
8,209,201
8,225,206
8,207,216
8,210,208
8,211,232
8,219,223
8,228,220
8,230,227
8,229,236
8,234,231
8,238,246
8,242,239
8,240,243
8,245,241
8,247,244
8,248,249
8,251,250
8,252,253
8,254,257
8,273,255
8,288,256
8,270,258
8,259,264
8,266,260
8,261,267
8,262,263
8,265,272
8,268,287
8,271,269
8,274,298
8,278,275
8,297,276
8,277,280
8,279,291
8,286,281
8,282,289
8,283,299
8,284,293
8,295,285
8,290,296
8,294,292
8,300,322
8,301,331
8,306,302
8,310,303
8,311,304
8,305,309
8,337,307
8,308,316
8,312,334
8,313,342
8,314,335
8,330,315
8,317,321
8,318,333
8,349,319
8,320,341
8,323,332
8,325,324
8,336,326
8,340,327
8,328,352
8,329,345
8,338,348
8,339,347
8,351,343
8,344,350
8,346,353
8,354,362
8,369,355
8,384,356
8,387,357
8,381,358
8,366,359
8,361,360
8,364,363
8,379,365
8,367,380
8,368,372
8,370,382
8,377,371
8,373,374
8,375,385
8,383,376
8,378,386
8,388,460
8,389,435
8,394,390
8,397,391
8,400,392
8,420,393
8,395,444
8,413,396
8,414,398
8,410,399
8,401,424
8,402,417
8,405,403
8,407,404
8,406,416
8,408,415
8,409,422
8,423,411
8,426,412
8,418,450
8,421,419
8,425,428
8,454,427
8,429,431
8,432,430
8,434,433
8,443,436
8,442,437
8,438,441
8,439,461
8,462,440
8,445,448
8,446,453
8,447,451
8,449,452
8,465,455
8,457,456
8,458,459
8,464,463
8,466,476
8,467,482
8,468,495
8,469,503
8,494,470
8,473,471
8,481,472
8,474,478
8,524,475
8,477,523
8,486,479
8,488,480
8,483,519
8,541,484
8,485,542
8,487,497
8,489,538
8,491,490
8,521,492
8,493,498
8,496,522
8,525,499
8,500,509
8,501,518
8,502,547
8,513,504
8,505,507
8,506,540
8,508,526
8,511,510
8,512,520
8,514,516
8,539,515
8,531,517
8,536,527
8,535,528
8,530,529
8,532,545
8,533,534
8,537,546
8,544,543
8,548,564
8,552,549
8,566,550
8,551,553
8,557,554
8,556,555
8,573,558
8,559,563
8,569,560
8,565,561
8,572,562
8,567,570
8,568,571
8,574,606
8,602,575
8,576,610
8,577,597
8,578,585
8,579,580
8,611,581
8,587,582
8,588,583
8,584,595
8,586,592
8,594,589
8,590,593
8,591,612
8,596,609
8,598,622
8,599,607
8,600,623
8,601,619
8,621,603
8,604,608
8,614,605
8,613,618
8,615,616
8,617,620
8,640,624
8,654,625
8,626,630
8,627,642
8,660,628
8,629,676
8,631,637
8,632,641
8,638,633
8,634,639
8,635,636
8,643,657
8,644,648
8,659,645
8,663,646
8,647,670
8,649,669
8,679,650
8,651,671
8,652,674
8,658,653
8,655,672
8,656,677
8,661,665
8,662,664
8,673,666
8,678,667
8,675,668
9,24,0
9,1,7
9,9,2
9,3,4
9,5,17
9,16,6
9,8,15
9,18,10
9,11,21
9,23,12
9,13,19
9,20,14
9,25,22
9,26,28
9,29,27
9,35,30
9,31,36
9,32,34
9,33,37
9,38,71
9,39,51
9,40,53
9,41,68
9,48,42
9,52,43
9,44,50
9,47,45
9,54,46
9,67,49
9,56,55
9,64,57
9,65,58
9,63,59
9,60,62
9,61,70
9,69,66
9,88,72
9,73,90
9,147,74
9,128,75
9,76,99
9,77,100
9,78,79
9,87,80
9,81,120
9,94,82
9,85,83
9,84,86
9,105,89
9,131,91
9,92,130
9,129,93
9,125,95
9,102,96
9,98,97
9,101,132
9,103,104
9,115,106
9,107,138
9,117,108
9,142,109
9,110,122
9,111,113
9,112,145
9,114,124
9,116,141
9,118,119
9,135,121
9,144,123
9,136,126
9,146,127
9,133,143
9,134,137
9,139,140
9,149,148
9,150,214
9,184,151
9,194,152
9,173,153
9,172,154
9,155,159
9,156,167
9,157,179
9,232,158
9,236,160
9,162,161
9,163,235
9,187,164
9,188,165
9,166,218
9,168,169
9,170,175
9,171,181
9,174,189
9,180,176
9,177,190
9,215,178
9,182,186
9,183,212
9,206,185
9,211,191
9,192,229
9,216,193
9,197,195
9,196,237
9,198,225
9,201,199
9,200,209
9,230,202
9,207,203
9,231,204
9,205,234
9,208,226
9,222,210
9,223,213
9,217,224
9,227,219
9,220,233
9,228,221
9,250,238
9,239,249
9,244,240
9,241,242
9,243,247
9,253,245
9,246,248
9,252,251
9,255,254
9,264,256
9,281,257
9,258,259
9,260,261
9,269,262
9,263,268
9,265,273
9,266,274
9,272,267
9,271,270
9,275,295
9,276,285
9,278,277
9,297,279
9,280,290
9,282,283
9,292,284
9,294,286
9,287,288
9,299,289
9,291,293
9,296,298
9,300,313
9,330,301
9,302,305
9,303,309
9,304,310
9,306,307
9,308,317
9,333,311
9,312,337
9,314,321
9,331,315
9,316,319
9,318,322
9,342,320
9,353,323
9,324,338
9,339,325
9,326,344
9,327,328
9,352,329
9,332,347
9,335,334
9,336,343
9,340,341
9,345,351
9,348,346
9,349,350
9,357,354
9,384,355
9,356,369
9,358,361
9,365,359
9,360,366
9,362,363
9,364,381
9,367,378
9,386,368
9,370,383
9,376,371
9,372,375
9,377,373
9,385,374
9,379,380
9,382,387
9,436,388
9,389,461
9,390,399
9,404,391
9,393,392
9,445,394
9,395,447
9,414,396
9,401,397
9,398,421
9,400,409
9,402,407
9,403,416
9,405,418
9,415,406
9,408,413
9,411,410
9,412,454
9,417,426
9,419,422
9,444,420
9,424,423
9,435,425
9,427,455
9,428,460
9,459,429
9,430,465
9,431,462
9,432,457
9,433,439
9,453,434
9,437,458
9,463,438
9,440,464
9,441,442
9,446,443
9,448,449
9,450,452
9,451,456
9,466,467
9,476,468
9,469,489
9,470,542
9,471,485
9,472,473
9,493,474
9,475,482
9,504,477
9,478,491
9,479,524
9,497,480
9,481,488
9,484,483
9,490,486
9,494,487
9,499,492
9,495,537
9,496,521
9,498,530
9,500,510
9,520,501
9,516,502
9,503,513
9,525,505
9,519,506
9,508,507
9,543,509
9,511,538
9,517,512
9,535,514
9,527,515
9,518,532
9,522,523
9,526,533
9,528,531
9,534,529
9,546,536
9,547,539
9,541,540
9,545,544
9,569,548
9,549,557
9,550,567
9,555,551
9,552,566
9,553,556
9,554,558
9,559,562
9,563,560
9,570,561
9,564,565
9,568,572
9,571,573
9,574,602
9,588,575
9,584,576
9,577,587
9,578,579
9,611,580
9,581,597
9,583,582
9,585,586
9,590,589
9,610,591
9,592,594
9,593,595
9,612,596
9,623,598
9,622,599
9,613,600
9,601,621
9,617,603
9,616,604
9,605,615
9,620,606
9,607,608
9,609,614
9,619,618
9,624,646
9,675,625
9,626,670
9,671,627
9,676,628
9,674,629
9,630,647
9,631,643
9,642,632
9,659,633
9,634,638
9,645,635
9,636,640
9,639,637
9,641,654
9,679,644
9,667,648
9,649,666
9,650,652
9,651,655
9,662,653
9,656,661
9,663,657
9,677,658
9,678,660
9,665,664
9,669,668
9,672,673
