396,Heuristic,i05,1
Time,Value 
7230,223055
7200,223055
7170,223058
7140,223069
7110,223075
7080,223075
7050,223075
7020,223087
6990,223089
6960,223089
6930,223092
6900,223092
6870,223093
6840,223112
6810,223118
6780,223124
6750,223133
6720,223133
6690,223165
6660,223181
6630,223182
6600,223189
6570,223189
6540,223192
6510,223192
6480,223208
6450,223217
6420,223224
6390,223225
6360,223254
6330,223255
6300,223263
6270,223266
6240,223283
6210,223283
6180,223288
6150,223293
6120,223307
6090,223308
6060,223330
6030,223331
6000,223332
5970,223333
5940,223334
5910,223346
5880,223375
5850,223380
5820,223386
5790,223398
5760,223408
5730,223411
5700,223420
5670,223423
5640,223429
5610,223434
5580,223435
5550,223443
5520,223443
5490,223451
5460,223459
5430,223459
5400,223463
5370,223487
5340,223490
5310,223515
5280,223525
5250,223526
5220,223549
5190,223555
5160,223592
5130,223606
5100,223613
5070,223613
5040,223616
5010,223620
4980,223620
4950,223625
4920,223637
4890,223659
4860,223665
4830,223685
4800,223685
4770,223689
4740,223693
4710,223758
4680,223772
4650,223773
4620,223774
4590,223784
4560,223800
4530,223806
4500,223816
4470,223871
4440,223887
4410,223890
4380,223890
4350,223900
4320,223912
4290,223917
4260,223949
4230,223955
4200,223962
4170,223971
4140,224008
4110,224013
4080,224047
4050,224055
4020,224060
3990,224062
3960,224184
3930,224190
3900,224213
3870,224229
3840,224291
3810,224297
1740,226032
1710,226056
1680,226097
1650,226118
1620,226179
1590,226261
1560,226344
1530,226459
1500,226545
1470,226589
1440,226614
1410,226683
1380,226698
1350,226734
1320,226782
1290,226807
1260,227024
1230,227092
1200,227155
1170,227276
1140,227291
1110,227335
1080,227515
1050,227540
1020,227634
990,227722
960,227833
930,227915
900,228027
870,228152
360,229815
330,229920
300,230021
270,230194
240,230366
210,230729
180,230809
150,230894
120,231157
90,231266
60,231413
30,231478
0,231552
390,229710
420,229630
450,229363
480,229265
510,229188
540,229123
570,229007
600,228928
630,228877
660,228778
690,228733
720,228709
750,228547
780,228431
810,228316
840,228193
1770,226010
1800,225998
1830,225973
1860,225878
1890,225859
1920,225845
1950,225831
1980,225807
2010,225795
2040,225767
2070,225738
2100,225707
2130,225692
2160,225650
2190,225621
2220,225531
2250,225439
2280,225421
2310,225409
2340,225392
2370,225370
2400,225335
2430,225302
2460,225277
2490,225234
2520,225224
2550,225223
2580,225170
2610,225154
2640,225132
2670,225055
2700,225049
2730,224994
2760,224991
2790,224947
2820,224916
2850,224909
2880,224869
2910,224864
2940,224855
2970,224849
3000,224790
3030,224724
3060,224719
3090,224689
3120,224666
3150,224653
3180,224643
3210,224625
3240,224597
3270,224538
3300,224536
3330,224523
3360,224479
3390,224475
3420,224452
3450,224448
3480,224445
3510,224437
3540,224429
3570,224411
3600,224393
3630,224383
3660,224329
3690,224327
3720,224321
3750,224309
3780,224306
Final, 223055,7231

Round,H_team,A_team 
0,18,0
0,13,1
0,2,10
0,3,12
0,7,4
0,5,6
0,20,8
0,9,11
0,14,22
0,15,23
0,17,16
0,21,19
0,58,24
0,31,25
0,88,26
0,41,27
0,86,28
0,29,80
0,51,30
0,33,32
0,34,39
0,40,35
0,87,36
0,37,45
0,38,42
0,43,52
0,44,59
0,46,47
0,55,48
0,56,49
0,85,50
0,53,57
0,60,54
0,61,62
0,63,66
0,95,64
0,65,75
0,69,67
0,74,68
0,70,89
0,71,77
0,78,72
0,84,73
0,76,81
0,93,79
0,83,82
0,90,91
0,94,92
0,96,105
0,97,103
0,98,99
0,106,100
0,101,177
0,107,102
0,104,120
0,108,115
0,109,153
0,110,111
0,113,112
0,114,124
0,116,122
0,164,117
0,118,134
0,152,119
0,121,181
0,123,150
0,125,126
0,127,151
0,128,129
0,143,130
0,131,142
0,132,139
0,133,146
0,171,135
0,136,168
0,137,148
0,138,155
0,140,165
0,162,141
0,145,144
0,147,170
0,154,149
0,156,163
0,161,157
0,159,158
0,178,160
0,175,166
0,169,167
0,172,180
0,176,173
0,179,174
0,186,182
0,183,193
0,184,188
0,190,185
0,189,187
0,192,191
0,194,202
0,208,195
0,196,206
0,198,197
0,203,199
0,205,200
0,230,201
0,204,210
0,207,213
0,209,214
0,212,211
0,232,215
0,216,231
0,217,218
0,219,233
0,220,236
0,222,221
0,224,223
0,225,235
0,226,228
0,227,239
0,234,229
0,238,237
0,271,240
0,250,241
0,242,249
0,243,293
0,244,254
0,245,255
0,246,252
0,261,247
0,257,248
0,276,251
0,273,253
0,256,283
0,258,260
0,272,259
0,267,262
0,263,275
0,264,266
0,265,285
0,294,268
0,295,269
0,282,270
0,292,274
0,277,281
0,287,278
0,279,280
0,286,284
0,289,288
0,290,291
0,312,296
0,327,297
0,304,298
0,299,322
0,323,300
0,301,309
0,302,307
0,303,308
0,321,305
0,306,324
0,318,310
0,317,311
0,314,313
0,316,315
0,319,325
0,326,320
0,344,328
0,368,329
0,330,413
0,336,331
0,332,421
0,333,378
0,334,379
0,335,406
0,337,362
0,338,358
0,402,339
0,340,348
0,341,369
0,342,343
0,357,345
0,346,347
0,370,349
0,356,350
0,351,354
0,352,355
0,407,353
0,373,359
0,360,361
0,363,364
0,371,365
0,366,367
0,377,372
0,412,374
0,376,375
0,395,380
0,384,381
0,382,393
0,385,383
0,387,386
0,416,388
0,389,396
0,415,390
0,391,404
0,403,392
0,394,399
0,397,398
0,420,400
0,401,417
0,405,408
0,410,409
0,411,414
0,418,419
0,433,422
0,423,453
0,432,424
0,425,426
0,497,427
0,441,428
0,482,429
0,455,430
0,474,431
0,434,498
0,462,435
0,436,481
0,448,437
0,447,438
0,439,476
0,443,440
0,442,449
0,460,444
0,445,469
0,477,446
0,450,473
0,475,451
0,452,454
0,456,486
0,499,457
0,458,494
0,468,459
0,495,461
0,479,463
0,464,470
0,489,465
0,466,500
0,471,467
0,493,472
0,501,478
0,492,480
0,488,483
0,484,496
0,487,485
0,491,490
0,502,515
0,503,504
0,505,514
0,522,506
0,521,507
0,508,524
0,509,525
0,510,513
0,511,520
0,519,512
0,516,523
0,527,517
0,526,518
0,575,528
0,529,554
0,538,530
0,531,536
0,532,539
0,569,533
0,549,534
0,570,535
0,537,551
0,540,571
0,541,546
0,542,543
0,553,544
0,550,545
0,552,547
0,555,548
0,583,556
0,557,579
0,558,582
0,568,559
0,560,581
0,574,561
0,562,567
0,577,563
0,572,564
0,565,566
0,573,580
0,576,578
0,623,584
0,607,585
0,586,598
0,587,594
0,600,588
0,589,597
0,622,590
0,591,603
0,612,592
0,593,609
0,601,595
0,596,602
0,608,599
0,614,604
0,617,605
0,624,606
0,610,621
0,613,611
0,615,616
0,620,618
0,619,626
0,627,625
0,628,633
0,629,644
0,630,637
0,632,631
0,634,643
0,640,635
0,636,642
0,639,638
0,641,648
0,645,649
0,646,647
0,650,681
0,651,673
0,666,652
0,668,653
0,654,657
0,655,672
0,656,669
0,658,682
0,659,661
0,663,660
0,662,686
0,665,664
0,675,667
0,676,670
0,671,674
0,677,687
0,678,688
0,690,679
0,680,689
0,683,684
0,685,693
0,694,691
0,695,692
0,696,701
0,697,707
0,698,725
0,709,699
0,737,700
0,702,726
0,703,708
0,710,704
0,705,717
0,706,735
0,722,711
0,728,712
0,714,713
0,715,731
0,718,716
0,719,723
0,732,720
0,721,733
0,724,738
0,727,739
0,729,730
0,734,736
0,745,740
0,742,741
0,743,746
0,755,744
0,747,751
0,748,753
0,750,749
0,754,752
0,758,756
0,770,757
0,759,779
0,763,760
0,766,761
0,762,765
0,781,764
0,768,767
0,769,786
0,780,771
0,772,777
0,773,778
0,774,787
0,775,783
0,782,776
0,785,784
0,805,788
0,800,789
0,790,817
0,791,795
0,792,811
0,793,797
0,794,796
0,798,810
0,803,799
0,814,801
0,802,804
0,816,806
0,808,807
0,813,809
0,812,815
1,8,0
1,1,6
1,9,2
1,11,3
1,12,4
1,7,5
1,10,13
1,14,18
1,15,20
1,16,22
1,17,19
1,23,21
1,54,24
1,25,88
1,26,29
1,27,53
1,58,28
1,30,79
1,80,31
1,51,32
1,49,33
1,61,34
1,35,38
1,36,39
1,37,40
1,41,43
1,42,85
1,52,44
1,45,46
1,62,47
1,48,56
1,50,86
1,57,55
1,59,60
1,68,63
1,64,74
1,67,65
1,94,66
1,90,69
1,83,70
1,72,71
1,77,73
1,75,95
1,76,84
1,82,78
1,91,81
1,93,87
1,92,89
1,133,96
1,117,97
1,181,98
1,99,121
1,100,154
1,157,101
1,102,109
1,134,103
1,119,104
1,105,108
1,107,106
1,160,110
1,111,113
1,120,112
1,115,114
1,116,123
1,128,118
1,122,125
1,152,124
1,153,126
1,127,158
1,129,130
1,144,131
1,167,132
1,163,135
1,170,136
1,155,137
1,138,148
1,139,147
1,146,140
1,141,175
1,142,176
1,162,143
1,145,180
1,149,171
1,150,151
1,173,156
1,159,161
1,164,179
1,174,165
1,166,172
1,168,169
1,177,178
1,182,190
1,192,183
1,187,184
1,185,189
1,191,186
1,193,188
1,194,212
1,198,195
1,196,208
1,209,197
1,214,199
1,200,203
1,215,201
1,232,202
1,204,216
1,233,205
1,206,211
1,230,207
1,213,210
1,217,237
1,218,220
1,223,219
1,221,225
1,229,222
1,224,238
1,235,226
1,231,227
1,236,228
1,239,234
1,240,272
1,241,244
1,293,242
1,277,243
1,245,250
1,246,273
1,253,247
1,255,248
1,292,249
1,251,252
1,260,254
1,256,261
1,258,257
1,271,259
1,285,262
1,263,268
1,288,264
1,282,265
1,266,290
1,269,267
1,270,291
1,274,279
1,275,294
1,280,276
1,278,289
1,281,286
1,283,295
1,284,287
1,305,296
1,297,304
1,323,298
1,312,299
1,300,302
1,303,301
1,306,327
1,307,322
1,309,308
1,310,319
1,326,311
1,320,313
1,315,314
1,321,316
1,317,318
1,324,325
1,328,330
1,329,366
1,331,417
1,416,332
1,368,333
1,334,411
1,369,335
1,421,336
1,356,337
1,367,338
1,339,348
1,342,340
1,341,401
1,343,405
1,349,344
1,345,373
1,346,359
1,347,357
1,355,350
1,376,351
1,353,352
1,354,408
1,358,374
1,375,360
1,362,361
1,365,363
1,370,364
1,371,407
1,372,413
1,377,392
1,378,393
1,379,391
1,419,380
1,381,395
1,382,418
1,409,383
1,399,384
1,420,385
1,386,398
1,404,387
1,388,389
1,390,410
1,400,394
1,396,415
1,397,403
1,402,406
1,414,412
1,422,440
1,469,423
1,424,498
1,427,425
1,426,470
1,428,432
1,429,477
1,446,430
1,431,460
1,435,433
1,497,434
1,436,455
1,437,481
1,438,456
1,454,439
1,441,450
1,475,442
1,449,443
1,444,445
1,482,447
1,476,448
1,451,452
1,459,453
1,500,457
1,496,458
1,461,466
1,462,464
1,499,463
1,479,465
1,494,467
1,472,468
1,480,471
1,474,473
1,478,485
1,483,493
1,484,488
1,486,495
1,487,492
1,490,489
1,491,501
1,523,502
1,507,503
1,527,504
1,510,505
1,518,506
1,520,508
1,511,509
1,513,512
1,515,514
1,516,519
1,517,526
1,521,522
1,524,525
1,528,538
1,529,530
1,531,569
1,532,536
1,533,535
1,546,534
1,545,537
1,539,550
1,540,549
1,541,547
1,544,542
1,548,543
1,551,552
1,554,553
1,573,555
1,556,560
1,557,580
1,566,558
1,559,572
1,561,579
1,563,562
1,564,583
1,576,565
1,567,575
1,581,568
1,571,570
1,582,574
1,578,577
1,584,624
1,612,585
1,588,586
1,595,587
1,594,589
1,625,590
1,609,591
1,592,593
1,626,596
1,602,597
1,598,600
1,601,599
1,603,607
1,604,608
1,605,620
1,623,606
1,622,610
1,611,614
1,613,615
1,616,627
1,618,617
1,621,619
1,638,628
1,649,629
1,630,636
1,631,647
1,648,632
1,633,639
1,645,634
1,644,635
1,637,646
1,642,640
1,643,641
1,651,650
1,652,654
1,653,669
1,663,655
1,676,656
1,657,665
1,658,695
1,662,659
1,660,664
1,661,667
1,673,666
1,668,675
1,670,677
1,686,671
1,672,674
1,681,678
1,679,687
1,692,680
1,694,682
1,693,683
1,689,684
1,688,685
1,691,690
1,708,696
1,699,697
1,698,736
1,733,700
1,702,701
1,703,735
1,704,705
1,725,706
1,707,713
1,709,723
1,710,715
1,711,718
1,712,729
1,716,714
1,717,730
1,739,719
1,720,722
1,731,721
1,724,727
1,726,728
1,734,732
1,738,737
1,740,753
1,741,748
1,742,745
1,754,743
1,744,747
1,749,746
1,755,750
1,751,752
1,761,756
1,775,757
1,767,758
1,759,768
1,760,766
1,762,770
1,765,763
1,779,764
1,783,769
1,784,771
1,778,772
1,777,773
1,774,782
1,776,780
1,787,781
1,786,785
1,795,788
1,789,801
1,790,807
1,792,791
1,800,793
1,810,794
1,796,817
1,797,816
1,798,812
1,799,802
1,803,809
1,804,813
1,814,805
1,815,806
1,811,808
2,0,17
2,10,1
2,4,2
2,13,3
2,5,9
2,6,8
2,19,7
2,12,11
2,20,14
2,22,15
2,16,21
2,18,23
2,24,78
2,25,30
2,26,93
2,44,27
2,28,61
2,79,29
2,31,88
2,32,49
2,33,50
2,45,34
2,47,35
2,36,41
2,38,37
2,39,42
2,85,40
2,43,59
2,46,62
2,86,48
2,55,51
2,52,60
2,53,90
2,54,58
2,57,56
2,63,95
2,66,64
2,69,65
2,68,67
2,70,72
2,71,83
2,73,76
2,74,94
2,92,75
2,77,82
2,80,87
2,81,84
2,89,91
2,96,128
2,134,97
2,98,116
2,102,99
2,100,159
2,101,181
2,103,152
2,110,104
2,105,133
2,106,177
2,115,107
2,108,127
2,178,109
2,111,160
2,112,118
2,113,153
2,114,125
2,117,163
2,150,119
2,151,120
2,121,176
2,124,122
2,126,123
2,129,140
2,130,146
2,131,141
2,155,132
2,135,170
2,166,136
2,137,167
2,171,138
2,169,139
2,142,144
2,143,145
2,168,147
2,148,149
2,179,154
2,156,172
2,165,157
2,158,161
2,180,162
2,174,164
2,175,173
2,182,192
2,183,187
2,184,185
2,186,193
2,188,191
2,190,189
2,216,194
2,195,209
2,201,196
2,197,207
2,208,198
2,199,200
2,202,230
2,212,203
2,211,204
2,205,215
2,206,213
2,210,214
2,220,217
2,218,238
2,227,219
2,228,221
2,235,222
2,237,223
2,231,224
2,225,239
2,234,226
2,236,229
2,233,232
2,290,240
2,293,241
2,242,245
2,243,279
2,289,244
2,250,246
2,247,271
2,248,258
2,249,273
2,253,251
2,252,257
2,254,255
2,281,256
2,259,277
2,261,260
2,262,292
2,294,263
2,264,282
2,291,265
2,266,278
2,295,267
2,268,274
2,284,269
2,288,270
2,276,272
2,275,287
2,283,280
2,286,285
2,296,327
2,301,297
2,298,306
2,309,299
2,300,324
2,302,323
2,307,303
2,322,304
2,308,305
2,325,310
2,311,321
2,316,312
2,313,318
2,314,317
2,320,315
2,319,326
2,328,372
2,329,334
2,414,330
2,369,331
2,332,349
2,367,333
2,421,335
2,339,336
2,337,338
2,343,340
2,348,341
2,406,342
2,344,346
2,359,345
2,373,347
2,350,352
2,351,362
2,353,355
2,407,354
2,360,356
2,357,358
2,361,375
2,363,371
2,364,365
2,366,368
2,408,370
2,374,376
2,412,377
2,391,378
2,410,379
2,380,382
2,381,400
2,383,394
2,419,384
2,392,385
2,386,390
2,387,388
2,389,415
2,393,409
2,399,395
2,398,396
2,404,397
2,405,401
2,417,402
2,403,416
2,413,411
2,418,420
2,427,422
2,423,442
2,424,426
2,425,462
2,428,443
2,432,429
2,430,460
2,453,431
2,498,433
2,470,434
2,435,497
2,456,436
2,437,476
2,439,438
2,440,449
2,451,441
2,459,444
2,468,445
2,473,446
2,447,448
2,452,450
2,454,475
2,455,487
2,457,479
2,469,458
2,500,461
2,463,478
2,464,499
2,465,491
2,466,490
2,467,480
2,471,472
2,477,474
2,481,482
2,489,483
2,492,484
2,485,495
2,501,486
2,488,496
2,493,494
2,514,502
2,526,503
2,504,508
2,524,505
2,506,507
2,509,517
2,518,510
2,513,511
2,512,516
2,515,521
2,519,523
2,522,520
2,525,527
2,528,551
2,538,529
2,530,567
2,535,531
2,569,532
2,536,533
2,534,545
2,547,537
2,539,570
2,543,540
2,571,541
2,542,548
2,554,544
2,552,546
2,555,549
2,550,553
2,566,556
2,560,557
2,558,561
2,559,576
2,562,575
2,583,563
2,564,577
2,580,565
2,568,582
2,572,578
2,574,573
2,579,581
2,585,584
2,599,586
2,587,592
2,588,601
2,600,589
2,590,607
2,591,596
2,593,598
2,595,594
2,597,609
2,602,612
2,626,603
2,611,604
2,625,605
2,606,616
2,615,608
2,610,617
2,624,613
2,614,620
2,619,618
2,621,622
2,627,623
2,628,648
2,636,629
2,639,630
2,631,649
2,646,632
2,635,633
2,634,638
2,647,637
2,640,641
2,643,642
2,644,645
2,690,650
2,666,651
2,652,658
2,667,653
2,654,686
2,657,655
2,674,656
2,659,670
2,660,661
2,671,662
2,665,663
2,664,668
2,669,677
2,675,672
2,685,673
2,679,676
2,678,691
2,683,680
2,684,681
2,682,688
2,687,694
2,692,689
2,693,695
2,696,709
2,697,706
2,722,698
2,700,699
2,701,728
2,729,702
2,736,703
2,716,704
2,705,710
2,735,707
2,713,708
2,715,711
2,730,712
2,714,726
2,732,717
2,725,718
2,719,721
2,720,731
2,723,739
2,737,724
2,727,738
2,733,734
2,740,747
2,745,741
2,743,742
2,746,744
2,748,755
2,752,749
2,751,750
2,753,754
2,756,786
2,757,769
2,758,778
2,770,759
2,761,760
2,779,762
2,768,763
2,764,765
2,766,767
2,771,783
2,772,784
2,773,787
2,781,774
2,782,775
2,777,776
2,780,785
2,788,789
2,795,790
2,806,791
2,796,792
2,801,793
2,808,794
2,811,797
2,816,798
2,813,799
2,807,800
2,802,803
2,804,815
2,809,805
2,812,810
2,817,814
3,0,7
3,11,1
3,2,6
3,3,22
3,8,4
3,5,12
3,9,10
3,15,13
3,21,14
3,23,16
3,17,20
3,19,18
3,60,24
3,29,25
3,30,26
3,27,42
3,28,53
3,33,31
3,32,86
3,34,47
3,35,41
3,38,36
3,46,37
3,40,39
3,43,44
3,62,45
3,48,49
3,50,55
3,85,51
3,59,52
3,56,54
3,58,57
3,90,61
3,91,63
3,69,64
3,65,66
3,67,92
3,94,68
3,73,70
3,78,71
3,72,82
3,75,74
3,89,76
3,81,77
3,87,79
3,88,80
3,84,83
3,95,93
3,96,129
3,97,128
3,121,98
3,99,115
3,178,100
3,101,102
3,104,103
3,152,105
3,116,106
3,109,107
3,125,108
3,164,110
3,161,111
3,112,159
3,158,113
3,122,114
3,118,117
3,120,119
3,123,151
3,124,157
3,126,150
3,153,127
3,130,141
3,145,131
3,132,171
3,133,179
3,146,134
3,135,162
3,136,163
3,149,137
3,167,138
3,139,148
3,140,144
3,143,142
3,147,174
3,154,165
3,169,155
3,181,156
3,177,160
3,176,166
3,170,168
3,172,173
3,180,175
3,193,182
3,183,184
3,185,192
3,189,186
3,188,187
3,191,190
3,199,194
3,195,233
3,196,198
3,197,232
3,215,200
3,201,202
3,203,205
3,212,204
3,207,206
3,211,208
3,230,209
3,226,210
3,214,213
3,237,216
3,238,217
3,219,218
3,223,220
3,234,221
3,222,236
3,224,227
3,228,225
3,229,235
3,239,231
3,270,240
3,292,241
3,242,246
3,274,243
3,244,271
3,273,245
3,272,247
3,248,261
3,249,293
3,250,254
3,251,256
3,258,252
3,257,253
3,255,259
3,260,281
3,262,269
3,263,284
3,278,264
3,265,290
3,289,266
3,267,294
3,268,275
3,276,277
3,279,283
3,280,295
3,285,282
3,287,286
3,291,288
3,306,296
3,298,297
3,299,302
3,322,300
3,323,301
3,304,303
3,305,316
3,324,307
3,312,308
3,326,309
3,310,313
3,311,314
3,321,315
3,319,317
3,318,325
3,327,320
3,349,328
3,330,329
3,331,341
3,332,348
3,333,334
3,335,417
3,336,369
3,337,376
3,338,357
3,340,339
3,342,365
3,408,343
3,344,366
3,347,345
3,368,346
3,350,361
3,355,351
3,352,356
3,354,353
3,358,373
3,371,359
3,360,362
3,370,363
3,364,421
3,372,367
3,374,413
3,375,406
3,378,377
3,409,379
3,380,418
3,420,381
3,395,382
3,384,383
3,385,414
3,389,386
3,387,391
3,415,388
3,390,397
3,392,410
3,393,398
3,394,419
3,396,403
3,400,399
3,401,402
3,416,404
3,405,407
3,411,412
3,422,441
3,423,459
3,470,424
3,434,425
3,426,435
3,498,427
3,472,428
3,429,437
3,453,430
3,446,431
3,433,432
3,438,436
3,447,439
3,450,440
3,442,469
3,443,451
3,455,444
3,445,485
3,448,456
3,449,452
3,473,454
3,457,491
3,458,471
3,460,468
3,461,501
3,462,497
3,463,465
3,478,464
3,489,466
3,467,488
3,474,475
3,482,476
3,481,477
3,479,499
3,496,480
3,494,483
3,493,484
3,486,500
3,495,487
3,490,492
3,502,522
3,503,523
3,504,506
3,505,527
3,507,524
3,508,511
3,526,509
3,516,510
3,512,518
3,517,513
3,521,514
3,520,515
3,525,519
3,530,528
3,553,529
3,531,539
3,535,532
3,533,571
3,551,534
3,550,536
3,537,546
3,538,554
3,540,555
3,543,541
3,575,542
3,544,547
3,545,552
3,549,548
3,556,580
3,582,557
3,558,574
3,581,559
3,560,579
3,561,566
3,562,564
3,563,576
3,565,568
3,567,578
3,583,569
3,570,573
3,577,572
3,594,584
3,586,585
3,612,587
3,596,588
3,589,598
3,603,590
3,593,591
3,592,600
3,597,595
3,599,626
3,601,609
3,610,602
3,618,604
3,605,615
3,608,606
3,607,622
3,627,611
3,613,619
3,624,614
3,616,623
3,617,625
3,620,621
3,632,628
3,629,631
3,630,640
3,633,637
3,634,647
3,642,635
3,648,636
3,638,646
3,639,645
3,641,644
3,649,643
3,650,691
3,651,657
3,694,652
3,670,653
3,655,654
3,656,675
3,658,687
3,677,659
3,665,660
3,661,664
3,662,672
3,686,663
3,666,674
3,667,671
3,668,669
3,695,673
3,682,676
3,683,678
3,689,679
3,680,693
3,681,690
3,688,684
3,685,692
3,699,696
3,698,697
3,700,724
3,713,701
3,702,737
3,703,707
3,704,715
3,705,716
3,706,714
3,708,726
3,709,733
3,710,729
3,711,720
3,712,717
3,718,722
3,738,719
3,721,735
3,723,727
3,736,725
3,728,730
3,731,734
3,739,732
3,742,740
3,744,741
3,749,743
3,747,745
3,746,754
3,750,748
3,755,751
3,753,752
3,757,756
3,760,758
3,764,759
3,767,761
3,762,768
3,763,779
3,769,765
3,770,766
3,771,782
3,772,781
3,784,773
3,774,777
3,785,775
3,787,776
3,783,778
3,786,780
3,800,788
3,789,814
3,790,803
3,791,808
3,810,792
3,793,807
3,794,795
3,812,796
3,797,798
3,799,816
3,805,801
3,813,802
3,809,804
3,806,811
3,815,817
4,6,0
4,1,8
4,11,2
4,3,9
4,4,5
4,7,10
4,13,12
4,14,19
4,16,15
4,23,17
4,18,20
4,22,21
4,24,59
4,25,26
4,27,43
4,42,28
4,30,29
4,79,31
4,80,32
4,51,33
4,35,34
4,36,45
4,37,47
4,40,38
4,39,86
4,41,85
4,44,58
4,61,46
4,50,48
4,49,54
4,57,52
4,53,60
4,55,56
4,62,90
4,74,63
4,64,94
4,68,65
4,66,67
4,92,69
4,76,70
4,71,73
4,72,84
4,93,75
4,83,77
4,78,81
4,82,89
4,87,88
4,95,91
4,119,96
4,104,97
4,98,115
4,173,99
4,107,100
4,109,101
4,102,116
4,103,105
4,159,106
4,114,108
4,110,112
4,111,158
4,120,113
4,117,140
4,165,118
4,156,121
4,122,150
4,123,125
4,127,124
4,157,126
4,128,133
4,129,146
4,131,130
4,132,136
4,134,142
4,144,135
4,137,170
4,138,149
4,174,139
4,141,180
4,163,143
4,176,145
4,148,147
4,151,152
4,164,153
4,154,178
4,155,181
4,160,161
4,162,166
4,167,177
4,168,179
4,171,169
4,172,175
4,182,191
4,189,183
4,184,190
4,185,188
4,192,186
4,187,193
4,194,214
4,232,195
4,209,196
4,206,197
4,198,230
4,205,199
4,200,212
4,213,201
4,202,211
4,204,203
4,208,207
4,210,222
4,215,219
4,216,233
4,217,224
4,223,218
4,220,234
4,221,239
4,225,229
4,226,236
4,227,237
4,235,228
4,238,231
4,240,255
4,241,243
4,283,242
4,244,250
4,245,253
4,246,249
4,247,260
4,271,248
4,277,251
4,252,273
4,254,270
4,256,295
4,261,257
4,272,258
4,259,276
4,275,262
4,267,263
4,264,290
4,265,289
4,286,266
4,292,268
4,269,294
4,293,274
4,278,288
4,281,279
4,287,280
4,282,291
4,284,285
4,296,300
4,297,306
4,325,298
4,303,299
4,304,301
4,302,309
4,307,305
4,308,322
4,317,310
4,315,311
4,327,312
4,313,326
4,314,319
4,316,318
4,320,321
4,324,323
4,329,328
4,366,330
4,335,331
4,365,332
4,391,333
4,334,372
4,341,336
4,348,337
4,355,338
4,339,342
4,340,401
4,343,363
4,368,344
4,345,367
4,346,373
4,359,347
4,349,364
4,412,350
4,353,351
4,352,360
4,361,354
4,356,358
4,357,371
4,362,375
4,421,369
4,407,370
4,414,374
4,376,411
4,377,410
4,404,378
4,379,392
4,399,380
4,381,394
4,382,400
4,383,393
4,384,417
4,385,413
4,386,396
4,397,387
4,388,390
4,409,389
4,418,395
4,398,403
4,402,405
4,406,408
4,415,416
4,419,420
4,443,422
4,430,423
4,434,424
4,425,435
4,426,478
4,432,427
4,428,442
4,429,433
4,431,447
4,436,446
4,439,437
4,448,438
4,440,452
4,441,449
4,444,453
4,445,459
4,475,450
4,451,473
4,454,474
4,456,455
4,461,457
4,484,458
4,469,460
4,465,462
4,495,463
4,464,479
4,485,466
4,472,467
4,468,471
4,497,470
4,476,481
4,477,482
4,480,494
4,483,490
4,487,486
4,488,492
4,491,489
4,496,493
4,499,498
4,501,500
4,503,502
4,514,504
4,506,505
4,520,507
4,508,521
4,509,518
4,510,525
4,511,512
4,513,515
4,517,516
4,519,526
4,527,522
4,523,524
4,528,563
4,529,537
4,564,530
4,570,531
4,532,571
4,548,533
4,552,534
4,536,535
4,546,538
4,539,569
4,540,544
4,541,555
4,542,550
4,553,543
4,554,545
4,547,551
4,582,549
4,556,558
4,557,581
4,566,559
4,580,560
4,573,561
4,572,562
4,565,577
4,576,567
4,568,579
4,574,575
4,578,583
4,584,595
4,585,590
4,589,586
4,609,587
4,588,591
4,601,592
4,600,593
4,594,597
4,607,596
4,598,612
4,603,599
4,602,618
4,604,616
4,605,610
4,606,613
4,608,614
4,623,611
4,615,624
4,617,627
4,625,619
4,622,620
4,621,626
4,628,631
4,629,648
4,646,630
4,632,638
4,647,633
4,637,634
4,641,635
4,636,640
4,649,639
4,642,644
4,645,643
4,676,650
4,693,651
4,652,657
4,653,659
4,664,654
4,655,666
4,656,668
4,658,679
4,660,677
4,661,662
4,663,694
4,669,665
4,672,667
4,687,670
4,671,675
4,673,683
4,674,686
4,690,678
4,680,681
4,691,682
4,684,685
4,688,692
4,689,695
4,696,702
4,697,725
4,735,698
4,699,701
4,727,700
4,714,703
4,704,728
4,729,705
4,716,706
4,707,736
4,708,709
4,712,710
4,730,711
4,726,713
4,715,718
4,717,731
4,720,719
4,739,721
4,722,732
4,724,723
4,737,733
4,734,738
4,741,740
4,754,742
4,744,743
4,745,746
4,749,747
4,751,748
4,750,753
4,752,755
4,756,762
4,767,757
4,758,764
4,759,763
4,779,760
4,769,761
4,765,770
4,766,768
4,785,771
4,776,772
4,773,780
4,778,774
4,775,786
4,777,781
4,784,782
4,783,787
4,788,799
4,789,793
4,792,790
4,791,796
4,794,806
4,807,795
4,810,797
4,798,813
4,808,800
4,801,804
4,802,815
4,803,805
4,814,809
4,816,811
4,817,812
5,20,0
5,1,5
5,12,2
5,10,3
5,13,4
5,6,9
5,8,7
5,21,11
5,15,14
5,16,19
5,17,18
5,22,23
5,24,53
5,25,33
5,26,79
5,57,27
5,28,41
5,29,48
5,80,30
5,31,32
5,34,36
5,45,35
5,42,37
5,39,38
5,47,40
5,60,43
5,54,44
5,46,87
5,85,49
5,56,50
5,86,51
5,52,58
5,55,59
5,64,61
5,88,62
5,63,93
5,65,94
5,75,66
5,67,90
5,68,92
5,91,69
5,70,81
5,82,71
5,76,72
5,73,83
5,74,95
5,77,84
5,89,78
5,96,134
5,97,118
5,108,98
5,99,107
5,100,177
5,101,167
5,102,114
5,103,117
5,113,104
5,105,119
5,106,109
5,159,110
5,111,120
5,158,112
5,115,116
5,141,121
5,151,122
5,124,123
5,125,157
5,126,127
5,130,128
5,133,129
5,140,131
5,138,132
5,135,169
5,136,162
5,147,137
5,149,139
5,142,146
5,144,143
5,163,145
5,179,148
5,150,152
5,161,153
5,160,154
5,168,155
5,166,156
5,165,164
5,170,171
5,181,172
5,180,173
5,174,178
5,175,176
5,188,182
5,183,185
5,193,184
5,186,187
5,191,189
5,190,192
5,194,205
5,195,230
5,233,196
5,197,208
5,198,206
5,201,199
5,200,204
5,202,212
5,214,203
5,207,209
5,229,210
5,211,213
5,231,215
5,216,232
5,239,217
5,218,227
5,219,224
5,237,220
5,236,221
5,222,234
5,228,223
5,225,226
5,235,238
5,248,240
5,241,277
5,243,242
5,255,244
5,245,246
5,257,247
5,249,250
5,251,258
5,253,252
5,254,272
5,256,260
5,273,259
5,271,261
5,262,263
5,264,291
5,266,265
5,275,267
5,268,284
5,274,269
5,270,278
5,283,276
5,285,279
5,280,281
5,288,282
5,294,286
5,295,287
5,290,289
5,293,292
5,296,297
5,298,324
5,305,299
5,300,304
5,301,302
5,309,303
5,325,306
5,308,307
5,310,327
5,311,318
5,321,312
5,313,316
5,320,314
5,315,319
5,317,326
5,322,323
5,328,366
5,372,329
5,330,334
5,331,348
5,332,371
5,333,349
5,336,335
5,358,337
5,376,338
5,406,339
5,363,340
5,402,341
5,364,342
5,365,343
5,367,344
5,345,346
5,347,368
5,350,360
5,351,361
5,354,352
5,362,353
5,356,355
5,359,357
5,369,401
5,373,370
5,374,405
5,411,375
5,377,391
5,379,378
5,380,381
5,382,409
5,410,383
5,400,384
5,418,385
5,416,386
5,387,415
5,388,398
5,403,389
5,390,404
5,392,393
5,395,394
5,396,397
5,399,419
5,408,407
5,412,420
5,413,414
5,417,421
5,423,422
5,424,425
5,497,426
5,427,429
5,471,428
5,430,476
5,459,431
5,435,432
5,433,434
5,437,436
5,438,477
5,439,448
5,442,440
5,441,443
5,444,456
5,455,445
5,446,454
5,447,481
5,449,474
5,451,450
5,452,482
5,460,453
5,457,489
5,458,483
5,490,461
5,462,499
5,463,491
5,465,464
5,466,501
5,467,496
5,469,468
5,470,498
5,480,472
5,473,475
5,478,487
5,492,479
5,494,484
5,485,486
5,493,488
5,500,495
5,502,521
5,525,503
5,507,504
5,523,505
5,524,506
5,514,508
5,516,509
5,519,510
5,522,511
5,515,512
5,526,513
5,518,517
5,527,520
5,537,528
5,552,529
5,530,578
5,533,531
5,550,532
5,534,544
5,535,542
5,536,539
5,551,538
5,541,540
5,543,549
5,547,545
5,546,554
5,548,574
5,571,553
5,555,575
5,579,556
5,573,557
5,581,558
5,559,565
5,560,566
5,561,582
5,583,562
5,563,572
5,567,564
5,580,568
5,569,570
5,576,577
5,584,598
5,585,594
5,586,627
5,587,607
5,593,588
5,595,589
5,590,612
5,591,610
5,626,592
5,596,603
5,597,601
5,599,602
5,609,600
5,604,615
5,622,605
5,611,606
5,624,608
5,616,613
5,614,623
5,621,617
5,618,625
5,619,620
5,647,628
5,640,629
5,643,630
5,631,646
5,633,632
5,634,639
5,635,636
5,637,638
5,645,641
5,648,642
5,644,649
5,650,666
5,675,651
5,672,652
5,653,660
5,654,671
5,686,655
5,667,656
5,657,658
5,659,663
5,668,661
5,664,662
5,674,665
5,676,669
5,670,694
5,673,681
5,679,677
5,678,684
5,695,680
5,682,689
5,685,683
5,687,690
5,691,688
5,692,693
5,713,696
5,697,702
5,698,704
5,733,699
5,700,708
5,701,703
5,718,705
5,706,707
5,709,737
5,717,710
5,711,712
5,714,729
5,715,720
5,728,716
5,719,734
5,721,724
5,736,722
5,738,723
5,725,735
5,730,726
5,732,727
5,731,739
5,740,744
5,741,755
5,746,742
5,743,750
5,745,752
5,748,747
5,753,749
5,754,751
5,766,756
5,761,757
5,758,762
5,765,759
5,760,767
5,763,783
5,764,769
5,768,770
5,775,771
5,774,772
5,776,773
5,786,777
5,781,778
5,787,779
5,780,784
5,782,785
5,807,788
5,805,789
5,790,791
5,792,806
5,793,813
5,797,794
5,795,814
5,796,810
5,798,808
5,801,799
5,811,800
5,816,802
5,817,803
5,804,812
5,809,815
6,0,13
6,12,1
6,2,22
6,4,3
6,5,10
6,11,6
6,7,20
6,9,8
6,14,17
6,21,15
6,18,16
6,19,23
6,43,24
6,93,25
6,33,26
6,59,27
6,28,46
6,32,29
6,30,88
6,50,31
6,37,34
6,35,36
6,38,85
6,47,39
6,40,42
6,41,86
6,44,57
6,61,45
6,48,54
6,49,55
6,51,56
6,52,53
6,58,60
6,62,67
6,94,63
6,65,64
6,66,95
6,69,68
6,77,70
6,71,76
6,72,83
6,81,73
6,89,74
6,75,91
6,78,92
6,79,80
6,84,82
6,90,87
6,118,96
6,97,133
6,114,98
6,109,99
6,167,100
6,178,101
6,121,102
6,110,103
6,105,104
6,153,106
6,177,107
6,116,108
6,112,111
6,113,124
6,126,115
6,146,117
6,119,151
6,120,150
6,123,122
6,125,127
6,131,128
6,129,142
6,130,144
6,148,132
6,140,134
6,135,168
6,137,136
6,139,138
6,145,141
6,143,164
6,154,147
6,149,174
6,152,161
6,171,155
6,156,175
6,157,159
6,158,160
6,162,163
6,169,165
6,166,180
6,179,170
6,176,172
6,173,181
6,187,182
6,188,183
6,184,191
6,193,185
6,190,186
6,189,192
6,210,194
6,196,195
6,230,197
6,207,198
6,199,216
6,201,200
6,203,202
6,213,204
6,205,232
6,206,208
6,211,209
6,212,214
6,215,233
6,217,223
6,224,218
6,220,219
6,221,226
6,222,228
6,236,225
6,238,227
6,229,239
6,231,237
6,234,235
6,240,254
6,246,241
6,242,244
6,249,243
6,252,245
6,247,251
6,248,272
6,250,255
6,259,253
6,280,256
6,257,271
6,258,261
6,260,283
6,262,294
6,263,292
6,270,264
6,265,288
6,291,266
6,267,284
6,269,268
6,276,273
6,281,274
6,286,275
6,277,293
6,290,278
6,279,295
6,289,282
6,287,285
6,298,296
6,297,300
6,299,321
6,324,301
6,302,308
6,322,303
6,304,307
6,305,315
6,306,317
6,323,309
6,326,310
6,316,311
6,312,320
6,319,313
6,318,314
6,327,325
6,334,328
6,329,411
6,372,330
6,342,331
6,344,332
6,333,377
6,335,341
6,348,336
6,337,373
6,338,359
6,339,343
6,340,402
6,366,345
6,358,346
6,370,347
6,349,365
6,350,353
6,351,356
6,361,352
6,371,354
6,357,355
6,360,376
6,374,362
6,375,363
6,407,364
6,367,368
6,405,369
6,378,410
6,393,379
6,384,380
6,381,399
6,394,382
6,383,395
6,419,385
6,386,415
6,398,387
6,397,388
6,389,416
6,391,390
6,409,392
6,421,396
6,400,418
6,401,406
6,404,403
6,417,408
6,413,412
6,420,414
6,422,432
6,460,423
6,427,424
6,425,470
6,426,433
6,459,428
6,443,429
6,431,430
6,434,435
6,436,439
6,437,447
6,482,438
6,440,441
6,450,442
6,501,444
6,445,456
6,475,446
6,448,455
6,449,473
6,454,451
6,474,452
6,453,469
6,457,463
6,458,468
6,461,465
6,498,462
6,489,464
6,487,466
6,467,493
6,471,488
6,494,472
6,476,477
6,486,478
6,479,490
6,484,480
6,481,495
6,483,496
6,492,485
6,491,500
6,499,497
6,502,508
6,503,524
6,504,525
6,505,507
6,506,523
6,510,509
6,511,526
6,512,517
6,513,519
6,522,514
6,515,527
6,518,516
6,521,520
6,528,552
6,562,529
6,551,530
6,531,583
6,570,532
6,539,533
6,534,537
6,554,535
6,553,536
6,538,547
6,542,540
6,549,541
6,543,550
6,544,548
6,545,546
6,555,582
6,581,556
6,557,574
6,558,580
6,559,561
6,565,560
6,578,563
6,575,564
6,566,568
6,577,567
6,571,569
6,572,576
6,579,573
6,586,584
6,587,585
6,588,603
6,589,601
6,590,617
6,592,591
6,596,593
6,594,599
6,598,595
6,600,597
6,607,602
6,620,604
6,605,621
6,606,614
6,613,608
6,612,609
6,610,625
6,616,611
6,623,615
6,626,618
6,619,622
6,627,624
6,628,649
6,629,645
6,630,634
6,631,637
6,636,632
6,638,633
6,635,646
6,639,647
6,643,640
6,641,642
6,644,648
6,656,650
6,651,674
6,652,655
6,686,653
6,654,672
6,671,657
6,694,658
6,659,664
6,662,660
6,661,670
6,663,687
6,665,668
6,666,675
6,669,667
6,684,673
6,681,676
6,677,691
6,693,678
6,679,695
6,680,685
6,690,682
6,683,692
6,689,688
6,696,697
6,703,698
6,699,737
6,701,700
6,702,708
6,704,722
6,705,715
6,706,713
6,707,714
6,738,709
6,710,730
6,711,719
6,726,712
6,729,716
6,739,717
6,718,720
6,723,721
6,724,733
6,734,725
6,727,728
6,732,731
6,735,736
6,740,754
6,752,741
6,742,753
6,747,743
6,744,748
6,755,745
6,750,746
6,749,751
6,756,775
6,757,766
6,779,758
6,762,759
6,760,765
6,770,761
6,767,763
6,768,764
6,771,769
6,772,787
6,773,774
6,785,776
6,778,777
6,780,782
6,783,781
6,786,784
6,788,801
6,789,795
6,794,790
6,791,817
6,808,792
6,793,798
6,806,796
6,813,797
6,799,814
6,800,810
6,809,802
6,803,804
6,805,807
6,812,811
6,815,816
7,0,11
7,9,1
7,2,13
7,3,5
7,4,22
7,6,7
7,10,8
7,16,12
7,23,14
7,17,15
7,18,21
7,19,20
7,24,52
7,87,25
7,80,26
7,27,28
7,31,29
7,30,33
7,32,48
7,34,40
7,46,35
7,36,37
7,45,38
7,39,41
7,49,42
7,53,43
7,60,44
7,61,47
7,50,51
7,85,54
7,55,58
7,86,56
7,59,57
7,62,65
7,63,75
7,64,67
7,66,69
7,91,68
7,84,70
7,71,89
7,81,72
7,73,82
7,74,93
7,76,77
7,83,78
7,79,88
7,92,90
7,95,94
7,96,97
7,98,109
7,99,116
7,101,100
7,108,102
7,103,120
7,104,150
7,151,105
7,114,106
7,107,178
7,161,110
7,111,159
7,117,112
7,119,113
7,115,123
7,118,140
7,172,121
7,122,126
7,124,125
7,127,152
7,128,146
7,134,129
7,163,130
7,131,162
7,132,149
7,133,142
7,155,135
7,136,169
7,138,137
7,139,167
7,141,173
7,175,143
7,180,144
7,145,166
7,147,179
7,174,148
7,153,160
7,164,154
7,176,156
7,157,158
7,165,170
7,168,171
7,181,177
7,182,184
7,186,183
7,185,191
7,187,190
7,189,188
7,192,193
7,204,194
7,195,197
7,196,207
7,232,198
7,199,215
7,200,216
7,203,201
7,202,205
7,209,206
7,208,230
7,210,221
7,214,211
7,212,213
7,217,236
7,218,237
7,219,238
7,227,220
7,239,222
7,223,235
7,225,224
7,226,229
7,228,234
7,233,231
7,240,291
7,241,242
7,276,243
7,244,270
7,245,249
7,253,246
7,247,273
7,260,248
7,293,250
7,251,257
7,252,277
7,254,259
7,272,255
7,279,256
7,271,258
7,261,283
7,284,262
7,285,263
7,289,264
7,278,265
7,266,288
7,274,267
7,268,287
7,275,269
7,286,280
7,295,281
7,282,290
7,292,294
7,308,296
7,325,297
7,319,298
7,299,320
7,307,300
7,301,322
7,304,302
7,303,305
7,306,323
7,309,324
7,314,310
7,311,313
7,312,315
7,317,316
7,326,318
7,327,321
7,414,328
7,329,333
7,330,367
7,331,340
7,368,332
7,412,334
7,335,402
7,336,401
7,337,357
7,338,373
7,341,339
7,342,405
7,343,364
7,347,344
7,345,358
7,346,366
7,348,363
7,371,349
7,362,350
7,352,351
7,353,356
7,360,354
7,355,359
7,361,376
7,365,370
7,369,417
7,379,372
7,408,374
7,375,413
7,409,377
7,392,378
7,380,400
7,418,381
7,385,382
7,383,399
7,394,384
7,386,397
7,387,416
7,388,396
7,390,389
7,403,391
7,393,410
7,419,395
7,398,404
7,406,407
7,411,420
7,415,421
7,422,442
7,468,423
7,424,433
7,432,425
7,426,427
7,428,440
7,429,481
7,430,454
7,431,448
7,462,434
7,435,470
7,482,436
7,477,437
7,438,476
7,446,439
7,452,441
7,443,450
7,444,466
7,486,445
7,447,455
7,475,449
7,451,474
7,456,453
7,465,457
7,472,458
7,469,459
7,473,460
7,461,487
7,463,490
7,464,491
7,484,467
7,496,471
7,495,478
7,489,479
7,480,493
7,483,492
7,501,485
7,488,494
7,497,498
7,499,500
7,520,502
7,506,503
7,504,505
7,523,507
7,508,522
7,509,512
7,510,526
7,511,515
7,516,513
7,514,527
7,517,519
7,525,518
7,524,521
7,529,528
7,530,563
7,531,559
7,532,533
7,540,534
7,535,539
7,536,570
7,552,537
7,545,538
7,548,541
7,542,571
7,544,543
7,546,551
7,547,553
7,575,549
7,554,550
7,569,555
7,556,565
7,568,557
7,558,573
7,561,560
7,576,562
7,564,578
7,566,572
7,567,583
7,574,577
7,580,579
7,582,581
7,584,588
7,585,609
7,595,586
7,597,587
7,592,589
7,627,590
7,602,591
7,603,593
7,594,598
7,621,596
7,599,620
7,601,600
7,606,604
7,618,605
7,612,607
7,608,616
7,610,626
7,615,611
7,613,614
7,617,619
7,625,622
7,624,623
7,646,628
7,642,629
7,630,645
7,633,631
7,632,635
7,634,636
7,637,639
7,647,638
7,640,644
7,649,641
7,648,643
7,650,668
7,692,651
7,695,652
7,664,653
7,658,654
7,655,671
7,656,666
7,657,672
7,665,659
7,660,669
7,663,661
7,670,662
7,674,667
7,673,693
7,675,686
7,676,690
7,677,694
7,678,685
7,682,679
7,684,680
7,688,681
7,683,689
7,687,691
7,724,696
7,714,697
7,707,698
7,708,699
7,700,709
7,737,701
7,713,702
7,703,725
7,712,704
7,705,706
7,710,728
7,717,711
7,722,715
7,716,730
7,736,718
7,719,732
7,720,739
7,721,738
7,733,723
7,729,726
7,727,731
7,735,734
7,743,740
7,746,741
7,742,750
7,745,744
7,755,747
7,752,748
7,754,749
7,751,753
7,756,785
7,771,757
7,783,758
7,759,760
7,761,768
7,766,762
7,764,763
7,767,765
7,769,770
7,772,773
7,776,774
7,784,775
7,777,780
7,787,778
7,781,779
7,782,786
7,788,803
7,802,789
7,796,790
7,791,794
7,792,793
7,795,800
7,797,815
7,811,798
7,799,805
7,801,807
7,814,804
7,806,812
7,810,808
7,817,809
7,813,816
8,1,0
8,5,2
8,3,6
8,10,4
8,7,9
8,8,19
8,13,11
8,12,21
8,14,16
8,15,18
8,22,17
8,20,23
8,24,55
8,25,80
8,26,32
8,27,62
8,28,52
8,29,86
8,31,30
8,33,79
8,38,34
8,39,35
8,42,36
8,41,37
8,40,46
8,58,43
8,53,44
8,47,45
8,48,85
8,51,49
8,54,50
8,56,59
8,57,60
8,87,61
8,63,65
8,75,64
8,68,66
8,67,91
8,95,69
8,70,71
8,72,77
8,89,73
8,92,74
8,83,76
8,78,84
8,82,81
8,88,93
8,90,94
8,146,96
8,130,97
8,102,98
8,99,114
8,100,181
8,107,101
8,103,119
8,112,104
8,105,120
8,106,115
8,126,108
8,109,116
8,110,113
8,117,111
8,129,118
8,121,175
8,127,122
8,152,123
8,151,124
8,150,125
8,142,128
8,143,131
8,137,132
8,134,133
8,166,135
8,136,171
8,177,138
8,155,139
8,161,140
8,172,141
8,144,163
8,173,145
8,149,147
8,148,168
8,159,153
8,154,174
8,162,156
8,160,157
8,158,164
8,179,165
8,178,167
8,170,169
8,180,176
8,183,182
8,184,189
8,185,186
8,192,187
8,190,188
8,191,193
8,194,203
8,195,207
8,232,196
8,197,233
8,198,209
8,202,199
8,213,200
8,201,205
8,204,214
8,230,206
8,208,212
8,211,210
8,216,215
8,219,217
8,218,231
8,220,238
8,221,229
8,226,222
8,223,227
8,237,224
8,234,225
8,228,239
8,235,236
8,288,240
8,241,245
8,242,292
8,243,250
8,244,249
8,246,276
8,248,247
8,251,279
8,259,252
8,258,253
8,261,254
8,255,271
8,256,265
8,257,272
8,264,260
8,262,287
8,263,293
8,266,280
8,267,268
8,269,286
8,290,270
8,273,277
8,274,295
8,284,275
8,278,282
8,283,281
8,294,285
8,291,289
8,296,307
8,297,324
8,298,327
8,301,299
8,300,306
8,322,302
8,303,312
8,308,304
8,320,305
8,318,309
8,310,316
8,311,319
8,313,317
8,321,314
8,315,326
8,323,325
8,328,412
8,378,329
8,330,368
8,339,331
8,332,415
8,366,333
8,334,414
8,401,335
8,417,336
8,355,337
8,352,338
8,340,341
8,363,342
8,343,348
8,344,345
8,367,346
8,349,347
8,350,351
8,353,360
8,354,362
8,356,361
8,373,357
8,359,358
8,364,408
8,365,407
8,402,369
8,370,371
8,372,411
8,374,375
8,376,420
8,377,393
8,413,379
8,380,394
8,385,381
8,382,383
8,395,384
8,403,386
8,396,387
8,421,388
8,404,389
8,416,390
8,391,392
8,397,409
8,410,398
8,399,418
8,400,419
8,406,405
8,428,422
8,423,444
8,435,424
8,425,497
8,498,426
8,433,427
8,476,429
8,459,430
8,454,431
8,432,434
8,436,447
8,438,437
8,439,477
8,440,482
8,441,473
8,442,443
8,445,460
8,446,456
8,481,448
8,449,451
8,450,474
8,452,475
8,453,468
8,455,495
8,490,457
8,467,458
8,478,461
8,470,462
8,464,463
8,465,499
8,466,486
8,485,469
8,493,471
8,472,488
8,500,479
8,480,483
8,491,484
8,487,501
8,492,489
8,494,496
8,502,506
8,505,503
8,523,504
8,507,522
8,515,508
8,519,509
8,512,510
8,514,511
8,513,518
8,526,516
8,525,517
8,524,520
8,527,521
8,562,528
8,578,529
8,530,552
8,550,531
8,583,532
8,533,570
8,534,554
8,569,535
8,571,536
8,537,538
8,553,539
8,548,540
8,541,542
8,555,543
8,549,544
8,551,545
8,547,546
8,556,559
8,565,557
8,579,558
8,560,568
8,561,576
8,563,564
8,577,566
8,567,572
8,573,575
8,574,581
8,580,582
8,589,584
8,597,585
8,586,594
8,590,587
8,588,599
8,591,607
8,609,592
8,593,612
8,595,600
8,596,618
8,598,601
8,626,602
8,603,610
8,604,613
8,619,605
8,615,606
8,608,623
8,611,624
8,614,616
8,620,617
8,625,621
8,622,627
8,628,629
8,638,630
8,631,648
8,632,637
8,633,634
8,635,647
8,641,636
8,639,646
8,645,640
8,649,642
8,644,643
8,667,650
8,652,651
8,653,662
8,666,654
8,655,658
8,690,656
8,686,657
8,659,660
8,661,677
8,670,663
8,669,664
8,675,665
8,668,674
8,672,671
8,692,673
8,678,676
8,691,679
8,680,688
8,681,683
8,682,687
8,693,684
8,685,689
8,694,695
8,696,700
8,697,703
8,698,706
8,702,699
8,701,708
8,704,718
8,712,705
8,725,707
8,709,724
8,713,710
8,732,711
8,730,714
8,715,736
8,726,716
8,720,717
8,731,719
8,734,721
8,722,735
8,723,737
8,733,727
8,728,729
8,739,738
8,746,740
8,741,751
8,744,742
8,743,745
8,747,752
8,748,749
8,750,754
8,753,755
8,769,756
8,757,785
8,758,766
8,761,759
8,760,762
8,763,787
8,778,764
8,765,768
8,770,767
8,786,771
8,782,772
8,781,773
8,774,780
8,775,776
8,777,784
8,779,783
8,793,788
8,789,799
8,790,814
8,812,791
8,794,792
8,795,796
8,808,797
8,798,800
8,803,801
8,802,805
8,804,817
8,810,806
8,807,811
8,816,809
8,815,813
9,0,12
9,1,7
9,2,3
9,4,9
9,8,5
9,6,10
9,11,14
9,23,13
9,19,15
9,20,16
9,21,17
9,22,18
9,56,24
9,79,25
9,26,31
9,60,27
9,44,28
9,29,33
9,32,30
9,34,46
9,35,62
9,36,40
9,37,39
9,47,38
9,42,41
9,43,57
9,45,87
9,48,51
9,49,50
9,52,90
9,69,53
9,54,55
9,59,58
9,88,61
9,67,63
9,64,68
9,65,95
9,66,74
9,70,78
9,84,71
9,73,72
9,94,75
9,82,76
9,77,89
9,93,80
9,81,83
9,86,85
9,91,92
9,104,96
9,97,129
9,98,172
9,108,99
9,100,109
9,106,101
9,115,102
9,113,103
9,150,105
9,181,107
9,120,110
9,119,111
9,112,161
9,116,114
9,165,117
9,118,133
9,173,121
9,122,152
9,123,127
9,124,126
9,125,151
9,128,134
9,142,130
9,146,131
9,132,168
9,135,136
9,139,137
9,147,138
9,140,143
9,141,176
9,144,162
9,175,145
9,148,154
9,169,149
9,153,158
9,167,155
9,156,180
9,157,178
9,160,159
9,163,166
9,170,164
9,171,179
9,177,174
9,182,189
9,191,183
9,186,184
9,187,185
9,188,192
9,193,190
9,213,194
9,206,195
9,197,196
9,233,198
9,199,204
9,200,202
9,214,201
9,203,230
9,205,216
9,207,211
9,209,208
9,210,212
9,215,218
9,227,217
9,237,219
9,224,220
9,221,235
9,222,225
9,238,223
9,239,226
9,229,228
9,231,232
9,236,234
9,240,244
9,249,241
9,250,242
9,243,292
9,254,245
9,255,246
9,247,258
9,259,248
9,273,251
9,252,276
9,253,256
9,260,257
9,281,261
9,268,262
9,269,263
9,265,264
9,282,266
9,287,267
9,270,289
9,272,271
9,280,274
9,285,275
9,277,283
9,291,278
9,279,286
9,295,284
9,288,290
9,294,293
9,296,304
9,297,323
9,300,298
9,299,308
9,307,301
9,302,303
9,305,312
9,309,306
9,310,311
9,313,321
9,314,326
9,315,327
9,316,320
9,325,317
9,318,319
9,324,322
9,328,367
9,414,329
9,411,330
9,331,421
9,333,332
9,413,334
9,405,335
9,336,402
9,359,337
9,338,356
9,401,339
9,364,340
9,341,343
9,348,342
9,357,344
9,345,368
9,346,370
9,347,366
9,363,349
9,354,350
9,351,360
9,362,352
9,361,353
9,358,355
9,373,365
9,369,406
9,408,371
9,378,372
9,407,374
9,375,412
9,417,376
9,379,377
9,383,380
9,381,419
9,410,382
9,384,418
9,394,385
9,388,386
9,389,387
9,390,403
9,393,391
9,392,397
9,395,400
9,396,416
9,398,409
9,420,399
9,415,404
9,422,435
9,431,423
9,424,497
9,498,425
9,434,426
9,427,443
9,433,428
9,429,439
9,430,475
9,440,432
9,448,436
9,437,482
9,481,438
9,442,441
9,444,469
9,453,445
9,474,446
9,456,447
9,450,449
9,477,451
9,473,452
9,476,454
9,486,455
9,457,464
9,458,493
9,460,459
9,485,461
9,478,462
9,463,489
9,490,465
9,466,492
9,468,467
9,470,499
9,471,494
9,496,472
9,479,491
9,488,480
9,483,484
9,500,487
9,495,501
9,507,502
9,503,527
9,504,524
9,505,525
9,506,516
9,508,523
9,509,513
9,517,510
9,521,511
9,512,526
9,520,514
9,522,515
9,518,519
9,528,574
9,529,551
9,575,530
9,532,531
9,533,583
9,534,547
9,535,550
9,536,569
9,537,555
9,538,552
9,539,554
9,546,540
9,544,541
9,549,542
9,543,571
9,545,553
9,570,548
9,568,556
9,557,558
9,559,560
9,577,561
9,578,562
9,563,567
9,564,576
9,572,565
9,579,566
9,582,573
9,581,580
9,584,601
9,585,595
9,590,586
9,587,593
9,592,588
9,609,589
9,591,612
9,600,594
9,599,596
9,598,597
9,602,603
9,604,619
9,605,626
9,606,627
9,607,610
9,611,608
9,623,613
9,614,615
9,616,624
9,617,622
9,618,621
9,620,625
9,637,628
9,629,641
9,635,630
9,638,631
9,647,632
9,646,633
9,640,634
9,636,644
9,643,639
9,642,645
9,648,649
9,650,678
9,651,658
9,687,652
9,653,661
9,654,665
9,664,655
9,671,656
9,657,666
9,669,659
9,660,670
9,662,663
9,667,668
9,672,686
9,673,680
9,674,675
9,691,676
9,677,690
9,679,694
9,681,685
9,695,682
9,688,683
9,684,692
9,689,693
9,737,696
9,708,697
9,718,698
9,699,724
9,700,702
9,701,709
9,706,703
9,730,704
9,707,705
9,726,710
9,711,739
9,731,712
9,716,713
9,728,714
9,735,715
9,717,729
9,719,727
9,736,720
9,721,732
9,725,722
9,723,734
9,738,733
9,740,750
9,741,743
9,747,742
9,752,744
9,751,745
9,753,746
9,748,754
9,749,755
9,756,770
9,757,786
9,763,758
9,759,769
9,768,760
9,771,761
9,762,767
9,764,783
9,765,766
9,785,772
9,773,782
9,784,774
9,780,775
9,776,781
9,787,777
9,778,779
9,788,790
9,807,789
9,815,791
9,797,792
9,799,793
9,800,794
9,817,795
9,796,808
9,806,798
9,801,802
9,814,803
9,804,816
9,805,813
9,809,812
9,811,810
