1217,Heuristic,i05,1
Time,Value 
7230,223112
7200,223149
7170,223149
7140,223150
7110,223154
7080,223164
7050,223168
7020,223176
6990,223176
6960,223178
6930,223184
6900,223194
6870,223195
6840,223195
6810,223218
6780,223225
6750,223245
6720,223249
6690,223258
6660,223261
6630,223262
6600,223268
6570,223268
6540,223271
6510,223279
6480,223279
6450,223283
6420,223288
6390,223288
6360,223291
6330,223297
6300,223299
6270,223299
6240,223303
6210,223306
6180,223306
6150,223309
6120,223348
6090,223354
6060,223354
6030,223375
6000,223378
5970,223378
5940,223379
5910,223420
5880,223431
5850,223440
5820,223448
5790,223449
5760,223465
5730,223470
5700,223471
5670,223480
5640,223486
5610,223486
5580,223491
5550,223494
5520,223508
5490,223512
5460,223512
5430,223519
5400,223519
5370,223532
5340,223532
5310,223550
5280,223563
5250,223566
5220,223612
5190,223617
5160,223648
5130,223648
5100,223680
5070,223699
5040,223701
5010,223750
4980,223765
4950,223773
4920,223787
4890,223818
4860,223832
4830,223839
4800,223866
4770,223870
4740,223892
4710,223897
4680,223905
4650,223951
4620,223952
4590,223954
4560,223960
4530,223978
4500,223984
4470,223987
4440,223997
4410,224001
4380,224013
4350,224078
4320,224084
4290,224087
4260,224110
4230,224113
4200,224149
4170,224160
4140,224163
4110,224177
4080,224204
4050,224211
4020,224220
3990,224282
3960,224300
3930,224300
3900,224307
3870,224322
3840,224323
3810,224339
1740,226322
1710,226360
1680,226403
1650,226442
1620,226455
1590,226552
1560,226643
1530,226698
1500,226725
1470,226852
1440,226982
1410,227037
1380,227141
1350,227180
1320,227257
1290,227267
1260,227317
1230,227363
1200,227381
1170,227391
1140,227516
1110,227533
1080,227564
1050,227652
1020,227704
990,227781
960,227897
930,227917
900,227974
870,228163
360,230191
330,230367
300,230476
270,230541
240,230657
210,230768
180,230887
150,230937
120,231023
90,231129
60,231219
30,231412
0,231537
390,230021
420,229969
450,229911
480,229712
510,229597
540,229574
570,229219
600,229133
630,228910
660,228859
690,228569
720,228502
750,228453
780,228388
810,228342
840,228245
1770,226183
1800,226177
1830,226151
1860,226121
1890,226050
1920,226034
1950,225987
1980,225964
2010,225913
2040,225892
2070,225854
2100,225841
2130,225823
2160,225812
2190,225786
2220,225760
2250,225724
2280,225705
2310,225678
2340,225651
2370,225575
2400,225552
2430,225533
2460,225500
2490,225482
2520,225398
2550,225378
2580,225368
2610,225360
2640,225319
2670,225318
2700,225263
2730,225238
2760,225217
2790,225214
2820,225172
2850,225167
2880,225092
2910,225072
2940,225045
2970,225028
3000,225022
3030,225009
3060,224979
3090,224911
3120,224907
3150,224893
3180,224879
3210,224838
3240,224829
3270,224828
3300,224821
3330,224764
3360,224743
3390,224729
3420,224718
3450,224708
3480,224694
3510,224647
3540,224645
3570,224608
3600,224603
3630,224552
3660,224475
3690,224469
3720,224457
3750,224440
3780,224353
Final, 223112,7231

Round,H_team,A_team 
0,18,0
0,7,1
0,2,13
0,3,10
0,4,6
0,9,5
0,8,12
0,15,11
0,14,20
0,22,16
0,21,17
0,19,23
0,55,24
0,33,25
0,26,93
0,27,28
0,29,79
0,30,31
0,32,41
0,40,34
0,35,61
0,42,36
0,37,45
0,38,39
0,43,54
0,52,44
0,47,46
0,85,48
0,51,49
0,86,50
0,53,57
0,56,60
0,58,59
0,88,62
0,63,65
0,64,67
0,66,94
0,68,69
0,78,70
0,71,82
0,77,72
0,73,76
0,95,74
0,75,91
0,87,80
0,84,81
0,89,83
0,92,90
0,129,96
0,118,97
0,114,98
0,109,99
0,100,178
0,101,106
0,108,102
0,103,112
0,104,113
0,105,152
0,107,177
0,110,153
0,111,160
0,123,115
0,116,127
0,140,117
0,120,119
0,175,121
0,150,122
0,124,125
0,126,151
0,128,134
0,143,130
0,131,133
0,132,147
0,135,170
0,169,136
0,138,137
0,139,168
0,173,141
0,146,142
0,145,144
0,148,171
0,149,179
0,165,154
0,155,167
0,181,156
0,157,158
0,159,161
0,163,162
0,174,164
0,176,166
0,172,180
0,182,184
0,191,183
0,188,185
0,187,186
0,189,192
0,190,193
0,203,194
0,233,195
0,232,196
0,197,207
0,206,198
0,199,214
0,205,200
0,204,201
0,202,230
0,212,208
0,209,211
0,210,213
0,215,231
0,220,216
0,217,238
0,237,218
0,219,224
0,239,221
0,235,222
0,223,227
0,225,234
0,226,236
0,228,229
0,255,240
0,241,246
0,242,292
0,293,243
0,272,244
0,252,245
0,251,247
0,259,248
0,250,249
0,253,257
0,260,254
0,256,273
0,271,258
0,261,283
0,284,262
0,294,263
0,290,264
0,265,266
0,267,275
0,268,269
0,270,288
0,274,281
0,276,277
0,282,278
0,279,285
0,280,295
0,286,287
0,289,291
0,296,308
0,297,327
0,298,309
0,299,323
0,300,324
0,301,307
0,302,303
0,304,322
0,312,305
0,325,306
0,313,310
0,311,314
0,315,318
0,317,316
0,326,319
0,321,320
0,349,328
0,333,329
0,330,367
0,331,339
0,371,332
0,414,334
0,335,417
0,401,336
0,352,337
0,358,338
0,340,342
0,343,341
0,344,366
0,368,345
0,347,346
0,364,348
0,354,350
0,351,376
0,361,353
0,355,357
0,356,407
0,374,359
0,362,360
0,363,370
0,373,365
0,369,402
0,372,412
0,375,406
0,377,404
0,393,378
0,379,409
0,380,394
0,384,381
0,382,395
0,383,410
0,385,413
0,386,390
0,387,396
0,388,397
0,389,416
0,392,391
0,403,398
0,400,399
0,408,405
0,411,420
0,421,415
0,419,418
0,422,443
0,459,423
0,470,424
0,425,498
0,434,426
0,476,427
0,433,428
0,477,429
0,454,430
0,431,439
0,435,432
0,436,438
0,448,437
0,440,473
0,441,449
0,450,442
0,445,444
0,446,475
0,455,447
0,451,452
0,460,453
0,456,495
0,457,465
0,467,458
0,461,486
0,497,462
0,463,499
0,492,464
0,491,466
0,468,469
0,471,493
0,496,472
0,474,481
0,482,478
0,490,479
0,488,480
0,483,489
0,494,484
0,485,487
0,501,500
0,515,502
0,522,503
0,505,504
0,506,524
0,527,507
0,508,514
0,517,509
0,510,526
0,512,511
0,513,516
0,523,518
0,525,519
0,520,521
0,528,552
0,529,551
0,575,530
0,535,531
0,539,532
0,536,533
0,549,534
0,547,537
0,545,538
0,540,542
0,555,541
0,543,571
0,544,548
0,554,546
0,550,553
0,580,556
0,574,557
0,579,558
0,559,561
0,581,560
0,576,562
0,563,564
0,568,565
0,566,577
0,583,567
0,569,570
0,572,578
0,582,573
0,584,623
0,585,595
0,586,600
0,587,592
0,588,593
0,597,589
0,607,590
0,612,591
0,594,598
0,602,596
0,603,599
0,609,601
0,620,604
0,626,605
0,606,624
0,608,613
0,618,610
0,611,615
0,616,614
0,617,621
0,619,622
0,625,627
0,633,628
0,649,629
0,639,630
0,646,631
0,632,636
0,634,647
0,635,640
0,638,637
0,642,641
0,648,643
0,644,645
0,650,690
0,651,652
0,653,661
0,654,666
0,655,658
0,668,656
0,657,672
0,677,659
0,663,660
0,686,662
0,664,667
0,669,665
0,670,674
0,675,671
0,673,684
0,676,678
0,694,679
0,692,680
0,691,681
0,687,682
0,688,683
0,685,689
0,693,695
0,696,700
0,703,697
0,698,706
0,699,708
0,702,701
0,704,712
0,705,717
0,714,707
0,733,709
0,730,710
0,711,731
0,726,713
0,735,715
0,716,729
0,722,718
0,719,732
0,728,720
0,721,736
0,723,738
0,737,724
0,734,725
0,727,739
0,743,740
0,741,742
0,744,749
0,752,745
0,746,755
0,753,747
0,754,748
0,750,751
0,785,756
0,770,757
0,767,758
0,759,762
0,763,760
0,761,766
0,768,764
0,779,765
0,769,771
0,772,787
0,778,773
0,774,782
0,775,786
0,777,776
0,780,784
0,783,781
0,788,800
0,789,807
0,790,793
0,791,808
0,806,792
0,794,795
0,812,796
0,810,797
0,798,811
0,802,799
0,816,801
0,803,814
0,804,815
0,813,805
0,809,817
1,0,7
1,1,8
1,6,2
1,9,3
1,10,4
1,13,5
1,11,12
1,22,14
1,20,15
1,16,17
1,19,18
1,23,21
1,53,24
1,25,93
1,31,26
1,27,60
1,28,85
1,29,33
1,32,30
1,34,35
1,36,39
1,37,46
1,40,38
1,41,42
1,43,52
1,44,57
1,45,88
1,61,47
1,51,48
1,49,86
1,50,56
1,54,58
1,59,55
1,62,87
1,66,63
1,69,64
1,67,65
1,94,68
1,70,77
1,72,71
1,73,84
1,75,74
1,76,89
1,78,81
1,79,80
1,82,83
1,90,95
1,91,92
1,96,118
1,97,133
1,98,121
1,99,115
1,100,101
1,116,102
1,104,103
1,119,105
1,106,114
1,107,181
1,125,108
1,178,109
1,160,110
1,120,111
1,112,158
1,113,124
1,117,169
1,122,157
1,159,123
1,153,126
1,127,151
1,128,146
1,134,129
1,130,131
1,155,132
1,166,135
1,136,156
1,171,137
1,139,138
1,164,140
1,141,163
1,142,143
1,144,175
1,162,145
1,149,147
1,174,148
1,152,150
1,154,179
1,161,165
1,167,177
1,168,170
1,173,172
1,176,180
1,193,182
1,183,189
1,186,184
1,185,191
1,190,187
1,192,188
1,216,194
1,230,195
1,196,197
1,198,207
1,199,201
1,202,200
1,213,203
1,212,204
1,232,205
1,209,206
1,208,211
1,210,214
1,233,215
1,218,217
1,231,219
1,220,226
1,235,221
1,222,236
1,223,237
1,225,224
1,227,238
1,234,228
1,229,239
1,260,240
1,241,293
1,277,242
1,243,276
1,250,244
1,245,249
1,273,246
1,247,253
1,248,258
1,256,251
1,252,257
1,254,272
1,255,261
1,259,271
1,262,286
1,285,263
1,264,288
1,265,270
1,266,282
1,267,280
1,274,268
1,269,295
1,287,275
1,278,289
1,283,279
1,284,281
1,291,290
1,292,294
1,327,296
1,297,306
1,298,304
1,307,299
1,300,322
1,302,301
1,320,303
1,308,305
1,309,311
1,310,317
1,321,312
1,318,313
1,314,326
1,316,315
1,319,325
1,324,323
1,378,328
1,329,379
1,366,330
1,343,331
1,416,332
1,333,349
1,372,334
1,402,335
1,336,340
1,359,337
1,338,375
1,339,401
1,341,369
1,348,342
1,357,344
1,345,347
1,346,358
1,350,361
1,351,354
1,360,352
1,353,356
1,362,355
1,365,363
1,370,364
1,367,368
1,371,373
1,374,376
1,391,377
1,380,419
1,381,400
1,385,382
1,383,399
1,418,384
1,421,386
1,398,387
1,415,388
1,403,389
1,404,390
1,410,392
1,409,393
1,394,395
1,396,397
1,405,411
1,417,406
1,407,408
1,414,412
1,413,420
1,432,422
1,423,445
1,424,425
1,426,433
1,498,427
1,428,494
1,429,441
1,459,430
1,475,431
1,497,434
1,435,462
1,456,436
1,439,437
1,448,438
1,442,440
1,443,452
1,444,455
1,446,454
1,447,477
1,449,476
1,450,451
1,453,468
1,457,490
1,458,472
1,460,469
1,500,461
1,463,470
1,464,491
1,465,499
1,466,483
1,493,467
1,471,484
1,474,473
1,478,486
1,489,479
1,480,496
1,481,482
1,495,485
1,487,501
1,488,492
1,502,520
1,507,503
1,504,524
1,505,525
1,522,506
1,521,508
1,509,513
1,517,510
1,511,514
1,512,516
1,515,527
1,518,526
1,519,523
1,537,528
1,529,583
1,530,563
1,531,536
1,569,532
1,539,533
1,534,540
1,550,535
1,551,538
1,541,547
1,542,548
1,543,570
1,549,544
1,552,545
1,546,553
1,571,554
1,573,555
1,556,565
1,557,558
1,566,559
1,560,579
1,574,561
1,572,562
1,564,576
1,567,575
1,568,582
1,577,578
1,580,581
1,584,585
1,598,586
1,593,587
1,601,588
1,589,594
1,622,590
1,600,591
1,592,609
1,599,595
1,596,607
1,612,597
1,626,602
1,605,603
1,604,619
1,627,606
1,616,608
1,625,610
1,624,611
1,613,623
1,614,615
1,620,617
1,621,618
1,628,637
1,645,629
1,630,647
1,631,649
1,633,632
1,646,634
1,644,635
1,640,636
1,638,639
1,648,641
1,643,642
1,681,650
1,666,651
1,658,652
1,653,667
1,654,672
1,655,657
1,669,656
1,664,659
1,660,662
1,661,665
1,686,663
1,675,668
1,682,670
1,674,671
1,673,683
1,690,676
1,691,677
1,678,684
1,695,679
1,680,685
1,694,687
1,693,688
1,692,689
1,724,696
1,697,707
1,736,698
1,709,699
1,700,708
1,701,726
1,702,730
1,725,703
1,722,704
1,716,705
1,706,735
1,710,729
1,720,711
1,712,728
1,713,714
1,715,718
1,717,732
1,731,719
1,734,721
1,739,723
1,738,727
1,733,737
1,740,753
1,741,745
1,752,742
1,743,754
1,746,744
1,747,750
1,748,755
1,751,749
1,756,762
1,757,766
1,758,778
1,761,759
1,779,760
1,764,763
1,767,765
1,768,770
1,785,769
1,771,780
1,784,772
1,773,776
1,787,774
1,775,783
1,781,777
1,786,782
1,788,802
1,805,789
1,792,790
1,791,815
1,793,798
1,797,794
1,795,814
1,796,806
1,813,799
1,801,800
1,803,804
1,808,807
1,809,816
1,811,810
1,817,812
2,0,13
2,12,1
2,10,2
2,3,6
2,4,22
2,5,7
2,8,9
2,11,21
2,16,14
2,15,23
2,17,19
2,20,18
2,24,78
2,88,25
2,26,32
2,41,27
2,52,28
2,80,29
2,79,30
2,31,51
2,33,49
2,36,34
2,39,35
2,38,37
2,46,40
2,42,59
2,57,43
2,44,58
2,45,61
2,47,87
2,48,50
2,90,53
2,56,54
2,60,55
2,93,62
2,64,63
2,65,94
2,74,66
2,68,67
2,92,69
2,70,72
2,76,71
2,81,73
2,95,75
2,83,77
2,82,84
2,86,85
2,89,91
2,96,128
2,103,97
2,98,99
2,181,100
2,161,101
2,102,107
2,133,104
2,105,134
2,109,106
2,114,108
2,111,110
2,112,120
2,113,153
2,115,116
2,146,117
2,118,129
2,150,119
2,121,176
2,125,122
2,123,126
2,124,127
2,142,130
2,140,131
2,132,138
2,135,136
2,137,167
2,147,139
2,172,141
2,143,162
2,163,144
2,145,173
2,148,149
2,151,152
2,154,164
2,171,155
2,156,166
2,157,159
2,158,160
2,170,165
2,168,169
2,179,174
2,180,175
2,177,178
2,187,182
2,183,186
2,184,193
2,185,192
2,191,188
2,189,190
2,194,199
2,195,209
2,196,233
2,197,232
2,198,230
2,200,215
2,201,202
2,203,205
2,216,204
2,206,213
2,207,208
2,228,210
2,211,212
2,214,229
2,217,239
2,224,218
2,219,237
2,227,220
2,221,225
2,222,226
2,236,223
2,238,231
2,234,235
2,240,254
2,245,241
2,249,242
2,243,250
2,244,255
2,246,252
2,247,260
2,261,248
2,257,251
2,258,253
2,277,256
2,272,259
2,294,262
2,263,292
2,291,264
2,282,265
2,290,266
2,268,267
2,287,269
2,289,270
2,273,271
2,295,274
2,275,284
2,293,276
2,288,278
2,281,279
2,280,283
2,285,286
2,306,296
2,324,297
2,327,298
2,322,299
2,304,300
2,303,301
2,308,302
2,305,307
2,309,321
2,310,311
2,315,312
2,313,316
2,320,314
2,326,317
2,319,318
2,323,325
2,328,366
2,334,329
2,330,372
2,348,331
2,332,333
2,335,401
2,369,336
2,337,351
2,355,338
2,402,339
2,340,343
2,342,341
2,368,344
2,345,367
2,346,349
2,373,347
2,350,360
2,356,352
2,354,353
2,357,359
2,358,370
2,407,361
2,376,362
2,363,371
2,364,365
2,408,374
2,412,375
2,377,379
2,378,413
2,418,380
2,394,381
2,382,410
2,392,383
2,399,384
2,409,385
2,386,415
2,387,416
2,388,396
2,397,389
2,390,403
2,393,391
2,395,419
2,398,404
2,420,400
2,406,405
2,411,414
2,417,421
2,422,429
2,423,444
2,498,424
2,425,435
2,427,426
2,472,428
2,430,448
2,431,460
2,433,432
2,462,434
2,436,447
2,437,482
2,438,446
2,477,439
2,452,440
2,441,474
2,442,443
2,469,445
2,449,451
2,473,450
2,453,459
2,454,475
2,455,495
2,485,456
2,479,457
2,458,471
2,461,501
2,489,463
2,490,464
2,465,466
2,467,488
2,483,468
2,470,478
2,476,481
2,492,480
2,484,493
2,486,491
2,487,500
2,496,494
2,499,497
2,502,521
2,503,505
2,523,504
2,507,506
2,524,508
2,509,511
2,513,510
2,518,512
2,514,515
2,516,517
2,526,519
2,520,522
2,525,527
2,551,528
2,554,529
2,534,530
2,533,531
2,532,571
2,535,569
2,536,539
2,545,537
2,538,546
2,540,555
2,541,543
2,553,542
2,547,544
2,548,550
2,570,549
2,552,563
2,583,556
2,557,580
2,558,560
2,581,559
2,561,582
2,562,567
2,578,564
2,565,577
2,573,566
2,579,568
2,576,572
2,575,574
2,624,584
2,590,585
2,586,609
2,607,587
2,594,588
2,589,593
2,591,596
2,600,592
2,595,601
2,597,598
2,599,621
2,602,612
2,603,626
2,604,613
2,605,620
2,611,606
2,608,614
2,610,622
2,615,616
2,617,619
2,618,625
2,623,627
2,628,646
2,629,644
2,630,645
2,647,631
2,640,632
2,636,633
2,634,638
2,642,635
2,637,639
2,641,643
2,649,648
2,650,669
2,651,693
2,652,695
2,663,653
2,665,654
2,671,655
2,656,666
2,657,686
2,658,687
2,659,670
2,660,664
2,668,661
2,662,694
2,667,675
2,672,674
2,681,673
2,676,691
2,677,690
2,678,680
2,679,688
2,689,682
2,683,692
2,684,685
2,696,697
2,718,698
2,699,724
2,727,700
2,737,701
2,712,702
2,707,703
2,704,717
2,729,705
2,714,706
2,708,709
2,728,710
2,739,711
2,730,713
2,736,715
2,726,716
2,719,734
2,735,720
2,738,721
2,725,722
2,723,733
2,732,731
2,754,740
2,744,741
2,742,747
2,753,743
2,745,746
2,750,748
2,749,752
2,755,751
2,770,756
2,757,761
2,760,758
2,764,759
2,762,767
2,765,763
2,766,768
2,769,783
2,771,775
2,772,786
2,777,773
2,781,774
2,776,778
2,787,779
2,780,785
2,782,784
2,789,788
2,790,803
2,817,791
2,792,808
2,800,793
2,807,794
2,795,796
2,797,811
2,798,816
2,799,801
2,802,813
2,804,809
2,814,805
2,815,806
2,812,810
3,14,0
3,1,9
3,2,22
3,4,3
3,5,10
3,7,6
3,19,8
3,13,11
3,23,12
3,18,15
3,21,16
3,17,20
3,58,24
3,30,25
3,29,26
3,52,27
3,28,41
3,32,31
3,48,33
3,39,34
3,35,45
3,46,36
3,40,37
3,38,47
3,43,42
3,59,44
3,55,49
3,54,50
3,51,86
3,91,53
3,85,56
3,60,57
3,61,90
3,62,80
3,63,95
3,65,64
3,68,66
3,67,74
3,94,69
3,71,70
3,72,89
3,73,82
3,75,92
3,84,76
3,77,81
3,78,83
3,87,79
3,93,88
3,105,96
3,128,97
3,108,98
3,99,114
3,100,107
3,101,109
3,102,115
3,133,103
3,134,104
3,106,116
3,110,113
3,119,111
3,159,112
3,129,117
3,164,118
3,150,120
3,121,142
3,123,122
3,151,124
3,126,125
3,127,152
3,130,140
3,131,146
3,139,132
3,162,135
3,136,163
3,137,149
3,138,148
3,180,141
3,144,143
3,175,145
3,147,170
3,153,157
3,178,154
3,155,168
3,156,176
3,177,158
3,160,161
3,165,179
3,166,173
3,167,174
3,169,171
3,172,181
3,182,189
3,188,183
3,184,187
3,193,185
3,186,191
3,190,192
3,194,212
3,197,195
3,208,196
3,232,198
3,202,199
3,200,203
3,205,201
3,204,214
3,230,206
3,209,207
3,210,221
3,213,211
3,215,219
3,233,216
3,217,227
3,218,220
3,229,222
3,223,224
3,225,228
3,226,235
3,239,231
3,236,234
3,237,238
3,240,291
3,241,292
3,242,243
3,270,244
3,250,245
3,249,246
3,248,247
3,251,277
3,253,252
3,254,259
3,271,255
3,279,256
3,257,261
3,258,272
3,264,260
3,267,262
3,275,263
3,281,265
3,288,266
3,268,294
3,269,285
3,276,273
3,274,293
3,290,278
3,286,280
3,282,289
3,283,295
3,284,287
3,296,305
3,297,298
3,299,309
3,300,306
3,301,308
3,302,323
3,303,322
3,307,304
3,316,310
3,311,319
3,312,320
3,326,313
3,314,315
3,317,324
3,325,318
3,321,327
3,367,328
3,366,329
3,368,330
3,331,421
3,332,348
3,391,333
3,393,334
3,335,369
3,336,417
3,337,338
3,340,339
3,401,341
3,406,342
3,343,364
3,344,346
3,359,345
3,347,357
3,349,363
3,351,350
3,352,354
3,353,408
3,355,370
3,371,356
3,358,373
3,360,376
3,361,362
3,365,407
3,372,411
3,375,374
3,412,377
3,403,378
3,379,413
3,385,380
3,420,381
3,384,382
3,400,383
3,386,397
3,389,387
3,388,416
3,415,390
3,404,392
3,419,394
3,395,399
3,396,398
3,405,402
3,410,409
3,414,418
3,422,428
3,469,423
3,435,424
3,434,425
3,426,432
3,427,497
3,433,429
3,430,431
3,436,477
3,481,437
3,438,476
3,439,446
3,440,441
3,452,442
3,443,450
3,444,460
3,445,453
3,447,448
3,475,449
3,451,473
3,474,454
3,482,455
3,501,456
3,499,457
3,494,458
3,468,459
3,461,487
3,464,462
3,500,463
3,490,465
3,466,489
3,471,467
3,470,498
3,480,472
3,478,495
3,491,479
3,493,483
3,484,492
3,486,485
3,496,488
3,508,502
3,527,503
3,504,507
3,505,516
3,506,523
3,525,509
3,510,518
3,511,520
3,514,512
3,515,513
3,519,517
3,521,522
3,526,524
3,528,583
3,529,538
3,530,564
3,571,531
3,532,550
3,569,533
3,542,534
3,535,539
3,570,536
3,537,552
3,540,548
3,544,541
3,549,543
3,545,546
3,547,551
3,553,554
3,555,574
3,560,556
3,568,557
3,558,581
3,559,580
3,561,573
3,562,575
3,563,572
3,565,566
3,567,577
3,576,578
3,582,579
3,595,584
3,585,597
3,586,589
3,587,594
3,588,599
3,627,590
3,601,591
3,592,602
3,593,607
3,596,604
3,598,612
3,609,600
3,603,610
3,614,605
3,606,616
3,608,624
3,613,611
3,623,615
3,617,625
3,619,618
3,622,620
3,626,621
3,647,628
3,635,629
3,638,630
3,631,648
3,632,646
3,637,633
3,636,634
3,639,645
3,642,640
3,641,644
3,649,643
3,650,656
3,651,658
3,672,652
3,677,653
3,654,657
3,666,655
3,662,659
3,670,660
3,661,669
3,694,663
3,665,664
3,668,667
3,671,686
3,680,673
3,675,674
3,687,676
3,683,678
3,679,691
3,690,681
3,685,682
3,688,684
3,693,689
3,695,692
3,708,696
3,698,697
3,699,733
3,700,724
3,701,713
3,702,737
3,703,735
3,705,704
3,706,725
3,707,736
3,723,709
3,710,726
3,711,712
3,714,729
3,715,722
3,718,716
3,717,739
3,720,719
3,721,727
3,730,728
3,731,734
3,732,738
3,740,742
3,752,741
3,746,743
3,745,744
3,747,755
3,751,748
3,754,749
3,753,750
3,775,756
3,786,757
3,766,758
3,759,770
3,760,764
3,767,761
3,762,779
3,763,769
3,768,765
3,784,771
3,774,772
3,773,787
3,782,776
3,780,777
3,778,781
3,783,785
3,803,788
3,789,799
3,794,790
3,791,796
3,810,792
3,793,807
3,800,795
3,816,797
3,808,798
3,801,814
3,815,802
3,805,804
3,806,817
3,809,813
3,811,812
4,1,0
4,12,2
4,3,11
4,8,4
4,6,5
4,9,7
4,13,10
4,14,17
4,22,15
4,16,23
4,18,21
4,20,19
4,24,60
4,25,29
4,26,87
4,27,42
4,53,28
4,50,30
4,80,31
4,33,32
4,34,46
4,37,35
4,36,38
4,45,39
4,47,40
4,86,41
4,44,43
4,56,48
4,49,85
4,54,51
4,91,52
4,55,58
4,57,59
4,61,62
4,74,63
4,75,64
4,66,65
4,69,67
4,92,68
4,70,73
4,81,71
4,72,78
4,82,76
4,77,89
4,79,93
4,83,84
4,88,90
4,95,94
4,96,119
4,97,134
4,98,102
4,99,121
4,167,100
4,107,101
4,103,105
4,104,110
4,115,106
4,116,108
4,114,109
4,111,113
4,157,112
4,117,130
4,118,133
4,120,151
4,122,159
4,127,123
4,152,124
4,153,125
4,126,150
4,129,128
4,131,142
4,132,137
4,135,169
4,136,170
4,138,155
4,149,139
4,165,140
4,141,145
4,143,180
4,144,146
4,148,147
4,154,177
4,163,156
4,161,158
4,174,160
4,162,166
4,168,164
4,179,171
4,176,172
4,173,175
4,181,178
4,192,182
4,183,187
4,191,184
4,185,190
4,186,193
4,188,189
4,214,194
4,198,195
4,196,209
4,208,197
4,199,216
4,204,200
4,201,232
4,213,202
4,212,203
4,233,205
4,207,206
4,229,210
4,211,230
4,218,215
4,231,217
4,227,219
4,220,234
4,221,236
4,222,239
4,238,223
4,224,237
4,235,225
4,226,228
4,248,240
4,241,249
4,244,242
4,277,243
4,255,245
4,246,253
4,272,247
4,293,250
4,251,276
4,252,258
4,271,254
4,256,283
4,260,257
4,259,273
4,261,290
4,262,269
4,263,268
4,264,289
4,265,288
4,266,280
4,294,267
4,278,270
4,279,274
4,292,275
4,287,281
4,291,282
4,285,284
4,295,286
4,298,296
4,297,300
4,299,302
4,301,304
4,308,303
4,305,321
4,306,323
4,307,322
4,309,312
4,318,310
4,311,326
4,314,313
4,315,320
4,327,316
4,319,317
4,324,325
4,328,344
4,329,330
4,401,331
4,349,332
4,333,345
4,334,412
4,341,335
4,421,336
4,374,337
4,338,367
4,339,343
4,348,340
4,342,405
4,346,366
4,347,368
4,350,353
4,352,351
4,362,354
4,363,355
4,356,360
4,357,358
4,370,359
4,376,361
4,364,371
4,365,408
4,417,369
4,413,372
4,407,373
4,411,375
4,377,393
4,378,379
4,380,400
4,381,385
4,383,382
4,394,384
4,389,386
4,387,388
4,410,390
4,391,396
4,409,392
4,418,395
4,397,398
4,399,419
4,402,406
4,416,403
4,415,404
4,414,420
4,442,422
4,454,423
4,424,433
4,497,425
4,426,435
4,432,427
4,428,441
4,429,482
4,455,430
4,448,431
4,434,498
4,476,436
4,437,447
4,439,438
4,451,440
4,443,449
4,459,444
4,456,445
4,446,474
4,450,475
4,473,452
4,453,469
4,457,461
4,458,496
4,460,468
4,462,470
4,463,464
4,500,465
4,466,486
4,494,467
4,480,471
4,472,493
4,477,481
4,487,478
4,479,499
4,488,483
4,491,484
4,485,501
4,489,492
4,495,490
4,502,514
4,503,504
4,505,506
4,507,520
4,522,508
4,510,509
4,515,511
4,512,526
4,518,513
4,516,519
4,517,525
4,521,527
4,523,524
4,564,528
4,552,529
4,555,530
4,531,532
4,533,570
4,534,547
4,543,535
4,554,536
4,546,537
4,538,553
4,539,569
4,544,540
4,542,541
4,551,545
4,548,549
4,550,571
4,556,559
4,579,557
4,573,558
4,560,568
4,572,561
4,577,562
4,583,563
4,580,565
4,566,576
4,578,567
4,574,581
4,575,582
4,584,598
4,594,585
4,599,586
4,587,609
4,588,596
4,589,595
4,590,617
4,591,603
4,593,592
4,597,601
4,612,600
4,610,602
4,604,614
4,625,605
4,615,606
4,622,607
4,621,608
4,611,623
4,613,624
4,616,627
4,620,618
4,619,626
4,628,638
4,629,641
4,630,637
4,632,631
4,633,647
4,645,634
4,646,635
4,644,636
4,639,649
4,643,640
4,648,642
4,667,650
4,674,651
4,652,671
4,653,665
4,664,654
4,655,672
4,676,656
4,657,666
4,658,695
4,659,663
4,660,677
4,661,662
4,669,668
4,670,694
4,673,693
4,686,675
4,678,690
4,682,679
4,684,680
4,681,685
4,689,683
4,691,687
4,692,688
4,709,696
4,697,702
4,725,698
4,701,699
4,733,700
4,736,703
4,706,704
4,705,714
4,729,707
4,713,708
4,716,710
4,711,719
4,712,730
4,727,715
4,717,731
4,720,718
4,721,739
4,722,735
4,737,723
4,724,738
4,728,726
4,734,732
4,744,740
4,741,751
4,742,746
4,743,747
4,749,745
4,748,752
4,750,754
4,755,753
4,756,766
4,757,775
4,758,762
4,769,759
4,765,760
4,761,768
4,779,763
4,764,778
4,770,767
4,771,783
4,777,772
4,773,782
4,774,776
4,786,780
4,787,781
4,785,784
4,788,801
4,793,789
4,814,790
4,812,791
4,792,794
4,807,795
4,796,811
4,798,797
4,799,816
4,808,800
4,802,809
4,805,803
4,817,804
4,810,806
4,813,815
5,0,12
5,11,1
5,5,2
5,3,22
5,7,4
5,6,9
5,10,8
5,21,13
5,23,14
5,15,19
5,16,20
5,17,18
5,24,54
5,25,79
5,33,26
5,43,27
5,28,57
5,85,29
5,80,30
5,31,88
5,48,32
5,37,34
5,42,35
5,36,86
5,41,38
5,39,47
5,45,40
5,53,44
5,46,87
5,50,49
5,51,55
5,90,52
5,56,59
5,60,58
5,93,61
5,62,65
5,63,91
5,64,66
5,67,94
5,68,95
5,69,75
5,83,70
5,73,71
5,76,72
5,74,92
5,84,77
5,89,78
5,81,82
5,97,96
5,109,98
5,108,99
5,177,100
5,101,167
5,102,121
5,110,103
5,112,104
5,120,105
5,106,153
5,178,107
5,111,161
5,113,126
5,114,115
5,123,116
5,117,134
5,128,118
5,151,119
5,152,122
5,124,150
5,125,127
5,142,129
5,130,162
5,143,131
5,148,132
5,146,133
5,135,168
5,171,136
5,137,139
5,169,138
5,140,144
5,141,176
5,145,180
5,147,179
5,170,149
5,174,154
5,181,155
5,156,173
5,160,157
5,158,159
5,166,163
5,164,165
5,175,172
5,182,188
5,193,183
5,184,190
5,187,185
5,192,186
5,189,191
5,194,213
5,195,208
5,206,196
5,230,197
5,198,233
5,199,204
5,200,201
5,216,202
5,203,211
5,215,205
5,207,212
5,214,209
5,222,210
5,224,217
5,238,218
5,219,220
5,221,229
5,234,223
5,236,225
5,239,226
5,237,227
5,228,235
5,232,231
5,240,261
5,242,241
5,243,283
5,249,244
5,245,253
5,246,250
5,247,271
5,260,248
5,273,251
5,252,272
5,254,255
5,281,256
5,258,257
5,259,276
5,262,285
5,263,284
5,282,264
5,290,265
5,278,266
5,269,267
5,286,268
5,270,291
5,274,292
5,275,294
5,277,293
5,295,279
5,280,287
5,289,288
5,296,300
5,304,297
5,306,298
5,312,299
5,323,301
5,302,305
5,303,307
5,308,309
5,310,314
5,318,311
5,313,319
5,315,321
5,316,326
5,317,325
5,320,327
5,322,324
5,330,328
5,368,329
5,336,331
5,332,363
5,366,333
5,379,334
5,406,335
5,337,356
5,359,338
5,339,342
5,364,340
5,341,348
5,343,365
5,344,358
5,345,357
5,373,346
5,367,347
5,370,349
5,350,355
5,353,351
5,361,352
5,354,407
5,375,360
5,374,362
5,369,421
5,408,371
5,378,372
5,420,376
5,392,377
5,380,383
5,381,399
5,382,394
5,384,395
5,419,385
5,388,386
5,387,415
5,390,389
5,404,391
5,393,410
5,396,416
5,403,397
5,398,409
5,400,418
5,405,401
5,417,402
5,412,411
5,413,414
5,433,422
5,423,443
5,462,424
5,425,426
5,427,429
5,428,442
5,430,453
5,431,459
5,432,434
5,498,435
5,481,436
5,438,437
5,476,439
5,440,450
5,441,451
5,444,456
5,445,460
5,448,446
5,447,487
5,449,473
5,452,454
5,478,455
5,457,463
5,468,458
5,461,466
5,479,464
5,465,495
5,467,496
5,469,485
5,470,497
5,472,471
5,475,474
5,482,477
5,483,480
5,484,488
5,501,486
5,489,491
5,492,490
5,493,494
5,499,500
5,506,502
5,503,525
5,504,515
5,527,505
5,508,507
5,509,512
5,519,510
5,511,522
5,513,526
5,520,514
5,516,518
5,517,523
5,524,521
5,528,529
5,530,551
5,570,531
5,532,535
5,573,533
5,541,534
5,536,569
5,537,555
5,538,550
5,553,539
5,549,540
5,543,542
5,545,544
5,546,552
5,554,547
5,571,548
5,566,556
5,557,561
5,558,574
5,579,559
5,565,560
5,563,562
5,564,583
5,567,572
5,581,568
5,578,575
5,577,576
5,582,580
5,584,594
5,585,593
5,595,586
5,590,587
5,592,588
5,601,589
5,602,591
5,596,626
5,597,609
5,600,598
5,607,599
5,612,603
5,615,604
5,605,621
5,606,608
5,617,610
5,611,619
5,614,613
5,623,616
5,618,622
5,620,625
5,624,627
5,628,632
5,640,629
5,636,630
5,638,631
5,646,633
5,634,639
5,635,648
5,637,647
5,641,649
5,642,644
5,643,645
5,666,650
5,675,651
5,652,657
5,662,653
5,655,654
5,656,672
5,658,682
5,659,665
5,660,661
5,663,664
5,677,667
5,671,668
5,676,669
5,691,670
5,673,692
5,674,686
5,685,678
5,689,679
5,693,680
5,688,681
5,683,684
5,687,690
5,695,694
5,696,701
5,697,708
5,698,722
5,723,699
5,700,737
5,713,702
5,703,706
5,704,728
5,712,705
5,707,716
5,709,724
5,710,717
5,715,711
5,730,714
5,718,725
5,719,721
5,732,720
5,726,729
5,731,727
5,738,733
5,739,734
5,735,736
5,740,745
5,755,741
5,742,744
5,743,750
5,746,754
5,747,752
5,748,749
5,751,753
5,769,756
5,783,757
5,758,777
5,765,759
5,760,766
5,761,770
5,762,768
5,763,767
5,779,764
5,781,771
5,772,782
5,784,773
5,780,774
5,785,775
5,776,786
5,778,787
5,807,788
5,795,789
5,790,796
5,792,791
5,797,793
5,794,808
5,806,798
5,799,805
5,800,810
5,801,802
5,803,809
5,804,816
5,811,813
5,815,812
5,814,817
6,0,6
6,1,10
6,2,11
6,5,3
6,4,9
6,19,7
6,8,20
6,12,13
6,21,14
6,15,17
6,18,16
6,23,22
6,57,24
6,26,25
6,61,27
6,59,28
6,29,31
6,30,33
6,32,79
6,34,42
6,35,41
6,40,36
6,39,37
6,38,86
6,58,43
6,60,44
6,47,45
6,62,46
6,48,54
6,49,56
6,55,50
6,85,51
6,52,53
6,92,63
6,95,64
6,65,75
6,66,67
6,91,68
6,90,69
6,70,89
6,71,83
6,72,73
6,94,74
6,76,81
6,82,77
6,78,84
6,88,80
6,87,93
6,134,96
6,105,97
6,98,116
6,107,99
6,100,109
6,102,101
6,103,111
6,104,120
6,178,106
6,150,108
6,110,157
6,112,161
6,122,113
6,125,114
6,115,127
6,118,117
6,119,152
6,121,141
6,151,123
6,124,126
6,142,128
6,133,129
6,144,130
6,131,175
6,132,167
6,155,135
6,136,162
6,137,147
6,149,138
6,139,148
6,146,140
6,163,143
6,176,145
6,153,160
6,158,154
6,172,156
6,159,177
6,179,164
6,165,174
6,180,166
6,168,171
6,170,169
6,173,181
6,183,182
6,188,184
6,185,189
6,190,186
6,187,192
6,193,191
6,194,200
6,195,232
6,196,207
6,197,206
6,209,198
6,215,199
6,201,203
6,202,233
6,210,204
6,205,216
6,208,230
6,211,214
6,213,212
6,217,236
6,218,227
6,223,219
6,220,238
6,234,221
6,228,222
6,235,224
6,225,239
6,226,229
6,231,237
6,271,240
6,250,241
6,242,246
6,292,243
6,244,254
6,276,245
6,257,247
6,248,272
6,273,249
6,251,252
6,253,277
6,255,259
6,256,260
6,261,258
6,268,262
6,269,263
6,266,264
6,265,289
6,267,295
6,270,282
6,283,274
6,285,275
6,291,278
6,279,287
6,284,280
6,281,286
6,288,290
6,293,294
6,304,296
6,322,297
6,325,298
6,299,301
6,300,302
6,303,312
6,305,316
6,324,306
6,307,308
6,323,309
6,310,327
6,311,315
6,317,313
6,321,314
6,326,318
6,319,320
6,328,345
6,329,367
6,334,330
6,331,369
6,332,364
6,333,421
6,335,339
6,402,336
6,375,337
6,338,374
6,340,341
6,342,363
6,348,343
6,347,344
6,346,368
6,349,365
6,356,350
6,351,362
6,352,353
6,354,361
6,355,359
6,357,373
6,358,366
6,360,408
6,371,370
6,372,379
6,376,412
6,377,409
6,391,378
6,382,380
6,395,381
6,398,383
6,384,417
6,385,414
6,386,396
6,397,387
6,390,388
6,415,389
6,392,393
6,394,418
6,399,420
6,419,400
6,401,406
6,410,403
6,416,404
6,405,407
6,411,413
6,422,427
6,423,460
6,424,497
6,425,432
6,426,498
6,440,428
6,429,442
6,446,430
6,437,431
6,434,433
6,435,470
6,436,482
6,481,438
6,439,447
6,443,441
6,501,444
6,455,445
6,456,448
6,474,449
6,452,450
6,451,454
6,485,453
6,464,457
6,458,469
6,459,478
6,495,461
6,499,462
6,463,465
6,466,479
6,467,472
6,496,468
6,471,494
6,473,475
6,477,476
6,484,480
6,492,483
6,486,487
6,488,493
6,490,489
6,491,500
6,502,523
6,524,503
6,514,504
6,507,505
6,506,520
6,508,515
6,526,509
6,510,512
6,521,511
6,513,519
6,525,516
6,518,517
6,522,527
6,528,530
6,529,553
6,531,539
6,559,532
6,533,583
6,534,545
6,535,570
6,544,536
6,540,537
6,552,538
6,571,541
6,542,549
6,548,543
6,547,546
6,550,554
6,575,551
6,569,555
6,556,579
6,557,573
6,561,558
6,580,560
6,562,564
6,563,578
6,565,581
6,568,566
6,576,567
6,572,577
6,574,582
6,586,584
6,607,585
6,587,612
6,591,588
6,598,589
6,610,590
6,601,592
6,609,593
6,594,595
6,599,596
6,600,597
6,603,602
6,608,604
6,618,605
6,606,623
6,614,611
6,613,615
6,616,624
6,627,617
6,621,619
6,626,620
6,622,625
6,629,628
6,630,635
6,631,637
6,647,632
6,633,638
6,634,643
6,648,636
6,639,646
6,640,644
6,645,641
6,649,642
6,650,676
6,651,657
6,654,652
6,668,653
6,664,655
6,656,671
6,679,658
6,661,659
6,667,660
6,690,662
6,670,663
6,665,686
6,666,673
6,669,674
6,672,675
6,694,677
6,681,678
6,680,688
6,682,691
6,685,683
6,684,689
6,695,687
6,692,693
6,737,696
6,699,697
6,698,704
6,701,700
6,702,726
6,708,703
6,705,718
6,706,707
6,738,709
6,714,710
6,711,717
6,729,712
6,728,713
6,720,715
6,716,725
6,719,723
6,733,721
6,722,736
6,724,730
6,727,732
6,731,739
6,735,734
6,740,741
6,754,742
6,745,743
6,744,748
6,753,746
6,751,747
6,749,750
6,752,755
6,756,758
6,757,769
6,759,779
6,768,760
6,763,761
6,762,770
6,767,764
6,766,765
6,786,771
6,772,781
6,774,773
6,775,784
6,776,780
6,778,777
6,782,785
6,787,783
6,795,788
6,789,800
6,791,790
6,797,792
6,793,799
6,794,806
6,796,817
6,798,813
6,801,805
6,802,803
6,804,814
6,810,807
6,811,808
6,809,812
6,816,815
7,20,0
7,13,1
7,9,2
7,3,12
7,4,5
7,10,6
7,8,7
7,11,16
7,14,15
7,17,23
7,22,18
7,19,21
7,24,59
7,25,87
7,79,26
7,27,53
7,28,42
7,30,29
7,31,33
7,49,32
7,45,34
7,46,35
7,36,37
7,38,85
7,41,39
7,86,40
7,43,60
7,44,56
7,47,62
7,55,48
7,51,50
7,58,52
7,54,57
7,88,61
7,63,94
7,64,68
7,74,65
7,75,66
7,67,90
7,69,95
7,70,81
7,84,71
7,82,72
7,83,73
7,77,76
7,91,78
7,93,80
7,89,92
7,96,140
7,97,131
7,172,98
7,99,102
7,100,158
7,177,101
7,120,103
7,104,119
7,108,105
7,107,106
7,116,109
7,161,110
7,111,159
7,113,112
7,114,160
7,126,115
7,117,164
7,118,179
7,181,121
7,127,122
7,123,152
7,153,124
7,157,125
7,128,133
7,129,165
7,130,163
7,169,132
7,134,146
7,135,143
7,166,136
7,148,137
7,138,168
7,171,139
7,141,175
7,180,142
7,162,144
7,156,145
7,154,147
7,174,149
7,150,151
7,155,170
7,167,178
7,173,176
7,182,190
7,183,184
7,186,185
7,189,187
7,188,193
7,191,192
7,205,194
7,206,195
7,196,198
7,201,197
7,199,200
7,211,202
7,204,203
7,207,214
7,209,208
7,212,210
7,213,230
7,237,215
7,216,232
7,223,217
7,219,218
7,220,235
7,221,226
7,222,234
7,224,238
7,229,225
7,227,239
7,236,228
7,233,231
7,240,244
7,241,277
7,293,242
7,243,251
7,245,273
7,246,254
7,258,247
7,248,271
7,292,249
7,250,255
7,259,252
7,276,253
7,256,261
7,272,257
7,260,283
7,275,262
7,263,267
7,264,270
7,265,278
7,289,266
7,279,268
7,294,269
7,280,274
7,295,281
7,282,290
7,286,284
7,287,285
7,288,291
7,312,296
7,297,325
7,298,323
7,308,299
7,300,307
7,301,322
7,302,304
7,305,303
7,327,306
7,309,324
7,326,310
7,311,321
7,313,315
7,314,319
7,316,320
7,318,317
7,334,328
7,329,372
7,330,377
7,331,340
7,370,332
7,368,333
7,336,335
7,337,357
7,352,338
7,341,339
7,342,364
7,406,343
7,344,373
7,345,358
7,359,346
7,349,347
7,363,348
7,362,350
7,351,361
7,407,353
7,360,354
7,355,356
7,365,371
7,367,366
7,369,405
7,413,374
7,414,375
7,411,376
7,378,392
7,393,379
7,380,395
7,418,381
7,409,382
7,383,394
7,400,384
7,399,385
7,386,398
7,403,387
7,421,388
7,389,410
7,396,390
7,412,391
7,404,397
7,401,402
7,408,417
7,416,415
7,420,419
7,441,422
7,468,423
7,424,426
7,433,425
7,442,427
7,428,432
7,429,476
7,460,430
7,454,431
7,470,434
7,497,435
7,436,439
7,477,437
7,482,438
7,443,440
7,453,444
7,445,459
7,446,473
7,447,481
7,486,448
7,450,449
7,474,451
7,475,452
7,455,485
7,487,456
7,491,457
7,458,484
7,489,461
7,498,462
7,463,490
7,464,499
7,465,479
7,466,492
7,469,467
7,471,488
7,494,472
7,478,501
7,480,493
7,483,496
7,500,495
7,503,502
7,504,506
7,505,524
7,523,507
7,511,508
7,509,516
7,525,510
7,512,513
7,514,522
7,515,521
7,526,517
7,519,518
7,527,520
7,545,528
7,530,529
7,583,531
7,532,533
7,537,534
7,536,535
7,538,547
7,539,550
7,546,540
7,541,549
7,544,542
7,543,554
7,553,548
7,551,552
7,555,575
7,556,558
7,581,557
7,559,568
7,560,566
7,561,577
7,578,562
7,567,563
7,564,572
7,576,565
7,582,569
7,570,571
7,573,574
7,579,580
7,584,627
7,585,586
7,595,587
7,588,600
7,589,623
7,625,590
7,591,599
7,592,598
7,593,601
7,597,594
7,603,596
7,602,607
7,604,616
7,605,622
7,613,606
7,608,611
7,612,609
7,610,626
7,624,614
7,615,621
7,617,618
7,619,620
7,649,628
7,629,648
7,630,634
7,633,631
7,632,637
7,635,641
7,636,642
7,638,646
7,647,639
7,645,640
7,644,643
7,668,650
7,673,651
7,652,666
7,653,660
7,671,654
7,686,655
7,674,656
7,657,675
7,658,694
7,659,669
7,661,677
7,664,662
7,663,672
7,667,665
7,687,670
7,676,681
7,678,691
7,690,679
7,680,683
7,688,682
7,684,692
7,693,685
7,689,695
7,703,696
7,697,701
7,707,698
7,700,699
7,702,708
7,704,715
7,705,722
7,736,706
7,709,737
7,710,712
7,718,711
7,729,713
7,716,714
7,717,728
7,739,719
7,720,731
7,721,732
7,723,727
7,733,724
7,725,735
7,726,730
7,734,738
7,746,740
7,741,743
7,750,742
7,755,744
7,745,751
7,749,747
7,748,753
7,752,754
7,756,786
7,785,757
7,758,768
7,759,763
7,760,762
7,769,761
7,764,787
7,770,765
7,766,767
7,771,782
7,773,772
7,774,778
7,780,775
7,781,776
7,777,784
7,779,783
7,788,799
7,803,789
7,790,795
7,806,791
7,807,792
7,793,801
7,796,794
7,808,797
7,810,798
7,800,811
7,805,802
7,812,804
7,814,809
7,813,816
7,817,815
8,0,8
8,6,1
8,2,3
8,12,4
8,5,11
8,7,10
8,9,13
8,18,14
8,21,15
8,16,19
8,17,22
8,20,23
8,52,24
8,80,25
8,26,30
8,27,40
8,28,44
8,50,29
8,31,79
8,32,51
8,33,93
8,34,38
8,35,47
8,85,36
8,37,41
8,39,86
8,42,54
8,53,43
8,62,45
8,61,46
8,48,49
8,56,55
8,57,58
8,59,60
8,63,75
8,94,64
8,65,95
8,66,69
8,67,92
8,68,90
8,84,70
8,71,77
8,81,72
8,73,78
8,74,91
8,83,76
8,89,82
8,87,88
8,96,150
8,97,104
8,98,107
8,176,99
8,106,100
8,101,181
8,109,102
8,103,128
8,151,105
8,115,108
8,158,110
8,112,111
8,119,113
8,116,114
8,168,117
8,140,118
8,152,120
8,121,173
8,122,124
8,125,123
8,126,127
8,164,129
8,146,130
8,131,144
8,132,135
8,133,134
8,143,136
8,137,155
8,147,138
8,167,139
8,142,141
8,145,163
8,154,148
8,165,149
8,159,153
8,175,156
8,161,157
8,160,177
8,162,180
8,166,172
8,179,169
8,170,171
8,178,174
8,186,182
8,185,183
8,184,189
8,187,188
8,191,190
8,192,193
8,194,204
8,195,196
8,198,197
8,203,199
8,200,210
8,230,201
8,202,205
8,206,208
8,207,211
8,212,209
8,214,213
8,216,215
8,219,217
8,231,218
8,237,220
8,228,221
8,225,222
8,239,223
8,227,224
8,234,226
8,235,229
8,232,233
8,238,236
8,240,289
8,243,241
8,242,250
8,244,288
8,246,245
8,247,261
8,254,248
8,249,293
8,253,251
8,252,273
8,272,255
8,295,256
8,257,271
8,258,260
8,277,259
8,262,292
8,263,286
8,278,264
8,291,265
8,266,279
8,274,267
8,287,268
8,275,269
8,290,270
8,283,276
8,281,280
8,284,282
8,285,294
8,296,297
8,324,298
8,299,303
8,323,300
8,309,301
8,307,302
8,306,304
8,320,305
8,322,308
8,310,319
8,317,311
8,312,316
8,321,313
8,318,314
8,315,326
8,325,327
8,328,329
8,347,330
8,417,331
8,332,415
8,333,378
8,413,334
8,335,405
8,336,341
8,337,355
8,338,356
8,339,348
8,402,340
8,365,342
8,343,363
8,367,344
8,345,346
8,364,349
8,350,352
8,375,351
8,353,362
8,354,408
8,357,371
8,359,358
8,361,360
8,366,368
8,369,401
8,373,370
8,372,377
8,374,412
8,376,414
8,379,391
8,381,380
8,392,382
8,383,409
8,419,384
8,385,411
8,387,386
8,388,403
8,389,404
8,390,416
8,397,393
8,394,399
8,395,400
8,396,421
8,410,398
8,407,406
8,418,420
8,440,422
8,431,423
8,432,424
8,425,470
8,426,497
8,427,433
8,428,443
8,437,429
8,430,439
8,434,435
8,448,436
8,438,477
8,442,441
8,444,466
8,501,445
8,460,446
8,447,456
8,449,452
8,450,474
8,475,451
8,453,487
8,473,454
8,481,455
8,457,489
8,483,458
8,469,459
8,461,490
8,462,463
8,465,464
8,467,484
8,468,471
8,472,488
8,476,482
8,485,478
8,479,500
8,494,480
8,495,486
8,492,491
8,493,496
8,498,499
8,502,522
8,503,523
8,527,504
8,510,505
8,508,506
8,524,507
8,519,509
8,511,513
8,517,512
8,521,514
8,520,515
8,516,526
8,518,525
8,528,538
8,578,529
8,567,530
8,531,569
8,532,536
8,533,574
8,546,534
8,535,544
8,537,551
8,554,539
8,541,540
8,542,571
8,550,543
8,549,545
8,552,547
8,548,555
8,553,570
8,568,556
8,582,557
8,558,580
8,565,559
8,560,561
8,562,583
8,563,576
8,577,564
8,566,572
8,575,573
8,581,579
8,589,584
8,609,585
8,590,586
8,587,597
8,602,588
8,593,591
8,592,612
8,594,599
8,598,595
8,596,610
8,601,600
8,607,603
8,621,604
8,605,617
8,606,614
8,615,608
8,611,616
8,620,613
8,618,626
8,625,619
8,627,622
8,623,624
8,628,648
8,631,629
8,643,630
8,632,638
8,639,633
8,637,634
8,636,635
8,641,640
8,642,645
8,644,649
8,646,647
8,691,650
8,655,651
8,694,652
8,669,653
8,686,654
8,656,667
8,657,658
8,660,659
8,670,661
8,662,663
8,674,664
8,665,668
8,675,666
8,672,671
8,695,673
8,677,676
8,678,688
8,679,687
8,689,680
8,681,684
8,682,690
8,683,693
8,692,685
8,696,702
8,706,697
8,703,698
8,699,737
8,709,700
8,701,710
8,718,704
8,715,705
8,735,707
8,708,726
8,711,722
8,712,717
8,713,716
8,728,714
8,738,719
8,734,720
8,731,721
8,724,723
8,725,736
8,727,733
8,730,729
8,732,739
8,747,740
8,748,741
8,742,745
8,743,744
8,750,746
8,755,749
8,751,752
8,753,754
8,761,756
8,757,771
8,783,758
8,760,759
8,762,766
8,763,781
8,765,764
8,768,767
8,770,769
8,776,772
8,773,780
8,784,774
8,782,775
8,787,777
8,778,779
8,786,785
8,788,793
8,814,789
8,790,817
8,791,794
8,792,796
8,801,795
8,813,797
8,815,798
8,799,803
8,800,807
8,802,804
8,809,805
8,806,811
8,808,810
8,816,812
9,11,0
9,1,5
9,2,4
9,13,3
9,6,8
9,7,20
9,10,9
9,12,17
9,14,19
9,15,16
9,23,18
9,22,21
9,24,67
9,25,31
9,80,26
9,44,27
9,58,28
9,29,32
9,30,51
9,50,33
9,34,47
9,35,36
9,42,37
9,49,38
9,40,39
9,41,85
9,59,43
9,46,45
9,86,48
9,60,52
9,92,53
9,54,55
9,57,56
9,87,61
9,90,62
9,93,63
9,64,74
9,65,68
9,95,66
9,69,91
9,76,70
9,71,89
9,72,84
9,77,73
9,94,75
9,78,82
9,79,88
9,81,83
9,133,96
9,117,97
9,115,98
9,99,116
9,164,100
9,101,178
9,102,114
9,119,103
9,105,104
9,106,161
9,109,107
9,108,151
9,110,112
9,157,111
9,113,120
9,134,118
9,121,172
9,122,126
9,124,123
9,152,125
9,127,150
9,130,128
9,129,146
9,141,131
9,170,132
9,163,135
9,136,168
9,169,137
9,138,167
9,139,155
9,140,143
9,144,142
9,145,166
9,147,174
9,179,148
9,149,154
9,158,153
9,156,162
9,160,159
9,171,165
9,180,173
9,175,176
9,177,181
9,182,191
9,192,183
9,184,185
9,189,186
9,193,187
9,190,188
9,210,194
9,195,207
9,230,196
9,197,209
9,208,198
9,205,199
9,200,216
9,201,233
9,203,202
9,204,213
9,211,206
9,214,212
9,215,232
9,217,237
9,218,223
9,238,219
9,224,220
9,221,222
9,226,225
9,231,227
9,239,228
9,229,234
9,236,235
9,270,240
9,244,241
9,245,242
9,249,243
9,255,246
9,247,252
9,257,248
9,254,250
9,251,258
9,253,259
9,276,256
9,261,260
9,262,263
9,264,265
9,266,291
9,267,287
9,268,295
9,269,274
9,271,272
9,273,277
9,286,275
9,278,285
9,280,279
9,283,281
9,288,282
9,294,284
9,289,290
9,292,293
9,296,307
9,323,297
9,298,300
9,305,299
9,301,324
9,322,302
9,303,309
9,304,308
9,306,318
9,325,310
9,313,311
9,327,312
9,314,317
9,319,315
9,316,321
9,320,326
9,328,368
9,329,414
9,330,333
9,331,335
9,421,332
9,334,411
9,339,336
9,358,337
9,338,357
9,340,401
9,341,402
9,342,343
9,344,345
9,346,367
9,366,347
9,348,365
9,371,349
9,408,350
9,360,351
9,362,352
9,353,355
9,356,354
9,373,359
9,361,374
9,363,364
9,406,369
9,370,407
9,391,372
9,376,375
9,377,378
9,379,392
9,384,380
9,381,419
9,382,393
9,395,383
9,420,385
9,416,386
9,390,387
9,398,388
9,409,389
9,400,394
9,415,396
9,397,410
9,399,418
9,404,403
9,405,417
9,412,413
9,422,425
9,423,453
9,424,434
9,482,426
9,427,477
9,473,428
9,429,481
9,430,475
9,431,446
9,432,442
9,435,433
9,437,436
9,438,447
9,439,448
9,449,440
9,441,450
9,451,443
9,444,469
9,445,485
9,452,474
9,454,476
9,456,455
9,500,457
9,493,458
9,459,460
9,478,461
9,462,465
9,479,463
9,464,489
9,487,466
9,480,467
9,472,468
9,499,470
9,496,471
9,484,483
9,486,492
9,488,494
9,490,491
9,495,501
9,497,498
9,507,502
9,506,503
9,504,521
9,523,505
9,520,508
9,509,518
9,516,510
9,526,511
9,512,519
9,513,517
9,514,527
9,522,515
9,524,525
9,562,528
9,529,537
9,530,552
9,531,575
9,570,532
9,533,535
9,534,544
9,536,550
9,538,554
9,539,542
9,540,543
9,548,541
9,547,545
9,551,546
9,569,549
9,571,553
9,555,582
9,556,581
9,557,566
9,558,568
9,559,560
9,561,576
9,577,563
9,564,567
9,572,565
9,580,573
9,574,579
9,583,578
9,590,584
9,585,587
9,586,594
9,588,603
9,609,589
9,591,592
9,600,593
9,595,597
9,596,612
9,598,601
9,599,602
9,604,606
9,619,605
9,610,607
9,623,608
9,627,611
9,616,613
9,614,618
9,624,615
9,622,617
9,621,620
9,626,625
9,631,628
9,629,642
9,640,630
9,635,632
9,634,633
9,641,636
9,637,646
9,647,638
9,643,639
9,648,644
9,645,649
9,650,678
9,651,692
9,652,655
9,653,664
9,654,658
9,656,675
9,671,657
9,659,668
9,665,660
9,663,661
9,662,670
9,666,674
9,667,669
9,672,686
9,685,673
9,679,676
9,687,677
9,680,695
9,683,681
9,682,694
9,684,693
9,688,689
9,690,691
9,696,699
9,697,709
9,698,735
9,700,702
9,708,701
9,714,703
9,704,716
9,710,705
9,713,706
9,707,725
9,732,711
9,726,712
9,715,731
9,717,730
9,739,718
9,719,733
9,722,720
9,721,723
9,724,727
9,729,728
9,736,734
9,737,738
9,740,750
9,741,746
9,742,743
9,744,752
9,745,755
9,747,748
9,749,753
9,754,751
9,756,757
9,758,779
9,759,768
9,767,760
9,764,761
9,765,762
9,783,763
9,766,770
9,775,769
9,771,785
9,772,778
9,781,773
9,777,774
9,776,787
9,782,780
9,784,786
9,805,788
9,789,801
9,807,790
9,797,791
9,811,792
9,795,793
9,794,810
9,796,808
9,798,800
9,799,814
9,816,802
9,817,803
9,804,813
9,812,806
9,815,809
