396,Heuristic,i06,1
Time,Value 
7230,177662
7200,177691
7170,177694
7140,177698
7110,177702
7080,177702
7050,177704
7020,177713
6990,177713
6960,177730
6930,177756
6900,177779
6870,177780
6840,177794
6810,177802
6780,177804
6750,177809
6720,177811
6690,177828
6660,177832
6630,177834
6600,177844
6570,177850
6540,177854
6510,177860
6480,177869
6450,177875
6420,177883
6390,177895
6360,177895
6330,177900
6300,177905
6270,177907
6240,177942
6210,177942
6180,177946
6150,177961
6120,177978
6090,177994
6060,177995
6030,178001
6000,178010
5970,178020
5940,178020
5910,178023
5880,178024
5850,178024
5820,178048
5790,178060
5760,178060
5730,178071
5700,178073
5670,178074
5640,178076
5610,178076
5580,178082
5550,178099
5520,178123
5490,178141
5460,178143
5430,178146
5400,178160
5370,178169
5340,178170
5310,178170
5280,178179
5250,178179
5220,178185
5190,178190
5160,178202
5130,178211
5100,178242
5070,178244
5040,178244
5010,178274
4980,178274
4950,178280
4920,178289
4890,178293
4860,178302
4830,178311
4800,178318
4770,178324
4740,178333
4710,178334
4680,178350
4650,178365
4620,178382
4590,178388
4560,178406
4530,178406
4500,178409
4470,178414
4440,178417
4410,178422
4380,178424
4350,178432
4320,178440
4290,178440
4260,178443
4230,178469
4200,178507
4170,178509
4140,178510
4110,178518
4080,178519
4050,178524
4020,178532
3990,178541
3960,178554
3930,178576
3900,178590
3870,178591
3840,178592
3810,178596
1740,180531
1710,180545
1680,180583
1650,180626
1620,180680
1590,180784
1560,180849
1530,180939
1500,180961
1470,181066
1440,181115
1410,181152
1380,181238
1350,181252
1320,181343
1290,181354
1260,181413
1230,181469
1200,181511
1170,181637
1140,181735
1110,181820
1080,181945
1050,181985
1020,182023
990,182074
960,182314
930,182459
900,182497
870,182566
360,185034
330,185149
300,185213
270,185331
240,185443
210,185558
180,185715
150,186010
120,186241
90,186543
60,186844
30,187171
0,187209
390,184865
420,184695
450,184476
480,184229
510,184103
540,183790
570,183487
600,183425
630,183289
660,183193
690,183137
720,183070
750,182991
780,182881
810,182788
840,182639
1770,180473
1800,180448
1830,180312
1860,180300
1890,180164
1920,180146
1950,180130
1980,179926
2010,179925
2040,179904
2070,179860
2100,179834
2130,179733
2160,179715
2190,179694
2220,179657
2250,179591
2280,179499
2310,179498
2340,179470
2370,179429
2400,179317
2430,179289
2460,179219
2490,179212
2520,179211
2550,179176
2580,179148
2610,179130
2640,179110
2670,179096
2700,179094
2730,179083
2760,179069
2790,179033
2820,179011
2850,179008
2880,179001
2910,178983
2940,178955
2970,178947
3000,178946
3030,178931
3060,178895
3090,178883
3120,178862
3150,178859
3180,178859
3210,178853
3240,178818
3270,178791
3300,178788
3330,178787
3360,178774
3390,178768
3420,178764
3450,178750
3480,178726
3510,178716
3540,178709
3570,178699
3600,178693
3630,178689
3660,178645
3690,178638
3720,178606
3750,178600
3780,178598
Final, 177662,7231

Round,H_team,A_team 
0,26,0
0,1,16
0,2,27
0,15,3
0,10,4
0,5,11
0,6,24
0,7,12
0,8,9
0,13,32
0,30,14
0,17,31
0,18,22
0,29,19
0,20,21
0,28,23
0,33,25
0,63,34
0,35,46
0,36,50
0,51,37
0,57,38
0,60,39
0,40,41
0,43,42
0,44,54
0,49,45
0,47,53
0,62,48
0,52,55
0,56,65
0,61,58
0,64,59
0,66,77
0,68,67
0,69,79
0,70,137
0,83,71
0,140,72
0,73,119
0,116,74
0,84,75
0,135,76
0,78,151
0,80,81
0,120,82
0,85,101
0,88,86
0,141,87
0,133,89
0,100,90
0,91,130
0,136,92
0,94,93
0,134,95
0,105,96
0,97,127
0,98,132
0,99,139
0,145,102
0,148,103
0,125,104
0,106,124
0,107,123
0,108,121
0,109,110
0,144,111
0,146,112
0,114,113
0,150,115
0,117,142
0,126,118
0,122,128
0,129,131
0,147,138
0,149,143
0,152,182
0,183,153
0,154,193
0,158,155
0,163,156
0,218,157
0,207,159
0,211,160
0,203,161
0,162,215
0,202,164
0,165,212
0,214,166
0,171,167
0,209,168
0,169,205
0,170,192
0,198,172
0,216,173
0,178,174
0,179,175
0,187,176
0,191,177
0,200,180
0,181,195
0,184,213
0,188,185
0,186,196
0,189,221
0,190,210
0,208,194
0,197,217
0,199,219
0,206,201
0,204,220
0,222,226
0,223,236
0,234,224
0,231,225
0,230,227
0,228,240
0,229,239
0,233,232
0,241,235
0,237,238
0,242,253
0,243,251
0,244,246
0,250,245
0,247,249
0,248,252
0,273,254
0,306,255
0,256,272
0,257,269
0,258,290
0,296,259
0,260,261
0,262,266
0,319,263
0,264,275
0,265,317
0,271,267
0,268,299
0,298,270
0,274,313
0,276,295
0,277,282
0,278,307
0,283,279
0,314,280
0,293,281
0,312,284
0,323,285
0,322,286
0,287,320
0,311,288
0,310,289
0,291,309
0,294,292
0,308,297
0,318,300
0,305,301
0,303,302
0,321,304
0,315,325
0,324,316
0,326,359
0,327,337
0,328,370
0,329,355
0,342,330
0,346,331
0,332,341
0,333,364
0,334,367
0,354,335
0,338,336
0,345,339
0,351,340
0,344,343
0,365,347
0,358,348
0,349,363
0,353,350
0,369,352
0,356,360
0,357,368
0,361,371
0,366,362
0,404,372
0,373,382
0,374,378
0,375,401
0,379,376
0,377,389
0,380,381
0,412,383
0,384,393
0,385,406
0,388,386
0,387,407
0,409,390
0,391,396
0,395,392
0,397,394
0,398,408
0,399,410
0,400,402
0,411,403
0,405,413
0,456,414
0,461,415
0,483,416
0,417,468
0,467,418
0,465,419
0,443,420
0,430,421
0,481,422
0,423,463
0,424,441
0,485,425
0,426,428
0,484,427
0,429,479
0,431,466
0,432,480
0,433,434
0,442,435
0,436,478
0,437,482
0,438,455
0,439,450
0,440,448
0,444,487
0,477,445
0,446,472
0,447,488
0,449,464
0,471,451
0,452,469
0,475,453
0,457,454
0,458,476
0,459,460
0,492,462
0,470,473
0,474,493
0,486,490
0,491,489
0,562,494
0,495,520
0,527,496
0,513,497
0,550,498
0,499,548
0,518,500
0,540,501
0,573,502
0,503,567
0,515,504
0,571,505
0,564,506
0,507,511
0,514,508
0,525,509
0,510,532
0,551,512
0,569,516
0,517,522
0,519,577
0,568,521
0,523,536
0,535,524
0,549,526
0,570,528
0,529,557
0,530,558
0,561,531
0,553,533
0,552,534
0,566,537
0,539,538
0,541,555
0,575,542
0,546,543
0,544,554
0,579,545
0,578,547
0,563,556
0,576,559
0,574,560
0,572,565
0,580,596
0,586,581
0,593,582
0,583,595
0,589,584
0,591,585
0,590,587
0,599,588
0,594,592
0,597,598
0,600,646
0,652,601
0,645,602
0,603,627
0,604,651
0,629,605
0,640,606
0,607,650
0,608,611
0,609,610
0,647,612
0,613,615
0,614,648
0,616,626
0,617,623
0,618,656
0,636,619
0,644,620
0,621,655
0,622,654
0,624,642
0,625,639
0,635,628
0,630,632
0,633,631
0,634,657
0,638,637
0,643,641
0,649,653
0,658,667
0,659,692
0,694,660
0,661,711
0,682,662
0,663,689
0,664,671
0,665,678
0,679,666
0,700,668
0,669,687
0,675,670
0,714,672
0,673,707
0,674,706
0,676,681
0,677,685
0,680,683
0,684,715
0,713,686
0,688,704
0,690,712
0,691,717
0,693,695
0,702,696
0,697,710
0,698,699
0,716,701
0,705,703
0,709,708
1,0,3
1,33,1
1,12,2
1,9,4
1,10,5
1,6,23
1,11,7
1,8,15
1,13,20
1,31,14
1,16,28
1,18,17
1,24,19
1,32,21
1,22,25
1,26,27
1,30,29
1,48,34
1,62,35
1,41,36
1,43,37
1,38,60
1,39,51
1,42,40
1,61,44
1,45,63
1,46,64
1,49,47
1,50,57
1,53,52
1,54,56
1,55,58
1,65,59
1,78,66
1,67,109
1,115,68
1,137,69
1,111,70
1,71,120
1,72,141
1,118,73
1,74,140
1,75,134
1,76,133
1,112,77
1,79,80
1,81,114
1,86,82
1,83,88
1,101,84
1,95,85
1,142,87
1,93,89
1,90,136
1,132,91
1,92,150
1,135,94
1,96,99
1,97,148
1,98,129
1,130,100
1,102,139
1,138,103
1,104,147
1,151,105
1,107,106
1,108,122
1,110,126
1,113,116
1,119,117
1,121,125
1,123,124
1,128,127
1,146,131
1,145,143
1,149,144
1,152,199
1,180,153
1,154,178
1,155,203
1,156,205
1,157,184
1,176,158
1,210,159
1,160,208
1,161,162
1,163,164
1,221,165
1,166,209
1,193,167
1,168,192
1,169,218
1,185,170
1,194,171
1,172,200
1,173,181
1,174,186
1,196,175
1,177,198
1,191,179
1,182,217
1,213,183
1,187,189
1,215,188
1,211,190
1,195,220
1,216,197
1,201,212
1,202,206
1,204,219
1,207,214
1,231,222
1,239,223
1,224,229
1,225,233
1,226,228
1,232,227
1,237,230
1,240,234
1,238,235
1,236,241
1,248,242
1,243,247
1,250,244
1,249,245
1,253,246
1,251,252
1,266,254
1,255,322
1,270,256
1,319,257
1,258,317
1,299,259
1,272,260
1,261,269
1,262,293
1,263,318
1,295,264
1,324,265
1,267,309
1,268,298
1,271,276
1,273,313
1,275,274
1,294,277
1,304,278
1,279,314
1,280,311
1,316,281
1,325,282
1,290,283
1,289,284
1,285,286
1,302,287
1,288,315
1,292,291
1,297,296
1,300,308
1,301,303
1,307,305
1,306,321
1,310,323
1,320,312
1,358,326
1,327,370
1,352,328
1,329,367
1,330,333
1,331,340
1,347,332
1,365,334
1,335,345
1,336,343
1,339,337
1,338,349
1,341,351
1,346,342
1,361,344
1,348,359
1,350,357
1,353,368
1,363,354
1,355,366
1,356,362
1,360,369
1,364,371
1,372,379
1,373,404
1,410,374
1,400,375
1,402,376
1,378,377
1,385,380
1,389,381
1,401,382
1,383,384
1,386,390
1,403,387
1,407,388
1,394,391
1,392,398
1,393,396
1,397,395
1,399,411
1,406,405
1,408,409
1,413,412
1,414,433
1,415,483
1,426,416
1,421,417
1,418,466
1,419,467
1,420,465
1,422,440
1,423,430
1,431,424
1,425,429
1,482,427
1,428,436
1,432,437
1,434,456
1,435,444
1,480,438
1,451,439
1,449,441
1,478,442
1,443,479
1,445,471
1,446,473
1,489,447
1,448,492
1,450,455
1,453,452
1,490,454
1,476,457
1,477,458
1,459,485
1,460,468
1,493,461
1,488,462
1,463,464
1,469,475
1,470,474
1,472,491
1,484,481
1,487,486
1,494,511
1,543,495
1,496,506
1,497,527
1,498,549
1,555,499
1,500,535
1,501,558
1,559,502
1,503,521
1,504,568
1,505,565
1,560,507
1,508,513
1,509,579
1,510,569
1,512,517
1,514,515
1,516,578
1,545,518
1,547,519
1,573,520
1,522,544
1,541,523
1,524,563
1,525,536
1,526,567
1,528,529
1,530,570
1,556,531
1,532,564
1,533,542
1,534,553
1,537,572
1,538,566
1,571,539
1,557,540
1,577,546
1,548,550
1,554,551
1,575,552
1,562,561
1,574,576
1,581,580
1,582,583
1,586,584
1,585,592
1,588,587
1,597,589
1,590,594
1,599,591
1,598,593
1,596,595
1,611,600
1,601,609
1,602,621
1,650,603
1,631,604
1,630,605
1,606,652
1,629,607
1,608,625
1,610,632
1,612,616
1,633,613
1,615,614
1,642,617
1,637,618
1,619,623
1,620,643
1,657,622
1,624,644
1,626,645
1,627,628
1,656,634
1,636,635
1,649,638
1,640,639
1,655,641
1,646,647
1,651,648
1,654,653
1,658,700
1,704,659
1,698,660
1,712,661
1,711,662
1,682,663
1,703,664
1,669,665
1,687,666
1,668,667
1,670,673
1,671,705
1,672,691
1,695,674
1,710,675
1,715,676
1,681,677
1,678,679
1,694,680
1,689,683
1,684,714
1,685,713
1,699,686
1,717,688
1,716,690
1,708,692
1,693,696
1,709,697
1,701,702
1,706,707
2,28,0
2,25,1
2,2,8
2,3,10
2,4,33
2,5,7
2,22,6
2,9,15
2,12,11
2,24,13
2,14,17
2,27,16
2,31,18
2,19,20
2,21,30
2,23,26
2,29,32
2,34,42
2,35,49
2,36,40
2,37,50
2,51,38
2,39,41
2,57,43
2,44,53
2,56,45
2,58,46
2,48,47
2,65,52
2,54,63
2,55,62
2,59,61
2,60,64
2,66,80
2,69,67
2,68,70
2,118,71
2,72,117
2,109,73
2,113,74
2,93,75
2,76,84
2,77,111
2,150,78
2,94,79
2,126,81
2,82,136
2,120,83
2,85,110
2,140,86
2,87,119
2,88,142
2,89,135
2,139,90
2,91,102
2,99,92
2,133,95
2,124,96
2,104,97
2,131,98
2,129,100
2,101,134
2,103,149
2,105,108
2,106,123
2,121,107
2,143,112
2,141,114
2,116,115
2,127,122
2,147,125
2,151,128
2,132,130
2,138,137
2,144,146
2,148,145
2,184,152
2,153,182
2,171,154
2,155,211
2,156,177
2,180,157
2,158,203
2,159,190
2,160,214
2,176,161
2,162,210
2,212,163
2,164,187
2,165,169
2,168,166
2,167,209
2,170,191
2,172,216
2,183,173
2,192,174
2,175,200
2,179,178
2,181,213
2,217,185
2,219,186
2,220,188
2,189,206
2,194,193
2,195,196
2,198,197
2,199,218
2,201,202
2,215,204
2,205,221
2,208,207
2,222,229
2,227,223
2,224,239
2,232,225
2,226,231
2,228,233
2,241,230
2,234,237
2,235,236
2,240,238
2,242,243
2,244,248
2,245,253
2,246,249
2,247,251
2,252,250
2,254,265
2,255,258
2,256,257
2,259,263
2,260,268
2,270,261
2,309,262
2,264,276
2,266,267
2,269,300
2,275,271
2,318,272
2,291,273
2,274,277
2,323,278
2,315,279
2,284,280
2,281,319
2,282,295
2,283,287
2,317,285
2,286,307
2,288,302
2,289,301
2,316,290
2,292,308
2,293,324
2,313,294
2,296,298
2,297,299
2,303,310
2,304,306
2,321,305
2,311,312
2,314,325
2,322,320
2,370,326
2,367,327
2,328,358
2,366,329
2,330,341
2,331,332
2,333,365
2,354,334
2,335,336
2,337,363
2,343,338
2,349,339
2,340,342
2,345,344
2,362,346
2,364,347
2,348,350
2,371,351
2,352,361
2,355,353
2,357,356
2,359,369
2,368,360
2,381,372
2,374,373
2,386,375
2,376,406
2,377,404
2,380,378
2,379,400
2,382,389
2,388,383
2,384,408
2,402,385
2,387,411
2,390,407
2,391,412
2,392,397
2,393,413
2,394,395
2,396,399
2,409,398
2,405,401
2,410,403
2,479,414
2,416,415
2,417,424
2,418,440
2,460,419
2,420,421
2,463,422
2,465,423
2,425,461
2,488,426
2,427,432
2,428,435
2,456,429
2,430,467
2,468,431
2,478,433
2,434,443
2,436,442
2,437,480
2,438,449
2,453,439
2,441,448
2,444,457
2,455,445
2,447,446
2,451,450
2,474,452
2,454,477
2,458,486
2,492,459
2,462,493
2,464,484
2,466,485
2,469,471
2,472,470
2,473,475
2,476,490
2,481,482
2,483,489
2,491,487
2,494,574
2,495,569
2,520,496
2,497,532
2,498,557
2,556,499
2,500,549
2,527,501
2,502,508
2,554,503
2,504,505
2,506,516
2,507,513
2,550,509
2,578,510
2,511,560
2,567,512
2,568,514
2,515,572
2,517,525
2,551,518
2,546,519
2,521,544
2,545,522
2,548,523
2,553,524
2,566,526
2,528,533
2,534,529
2,540,530
2,531,562
2,536,535
2,537,571
2,576,538
2,539,579
2,563,541
2,542,552
2,577,543
2,564,547
2,558,555
2,559,573
2,561,570
2,565,575
2,580,586
2,595,581
2,582,591
2,584,583
2,585,588
2,587,594
2,592,589
2,598,590
2,593,597
2,596,599
2,600,612
2,648,601
2,638,602
2,603,604
2,605,631
2,606,651
2,607,640
2,645,608
2,614,609
2,610,630
2,611,626
2,613,650
2,615,652
2,647,616
2,617,635
2,618,649
2,619,622
2,620,624
2,634,621
2,623,643
2,625,646
2,627,657
2,628,656
2,632,629
2,639,633
2,644,636
2,637,655
2,641,654
2,653,642
2,660,658
2,662,659
2,661,682
2,690,663
2,664,669
2,705,665
2,666,703
2,667,699
2,668,671
2,670,693
2,678,672
2,673,674
2,675,702
2,713,676
2,677,698
2,679,687
2,680,681
2,683,704
2,701,684
2,714,685
2,686,694
2,688,689
2,691,716
2,692,697
2,710,695
2,696,715
2,717,700
2,706,708
2,707,709
2,711,712
3,0,22
3,1,26
3,33,2
3,3,4
3,15,5
3,6,28
3,7,9
3,8,12
3,11,10
3,13,27
3,16,14
3,17,29
3,18,30
3,21,19
3,20,24
3,23,25
3,32,31
3,34,46
3,42,35
3,36,51
3,37,60
3,38,59
3,50,39
3,40,57
3,43,41
3,45,44
3,47,54
3,63,48
3,49,62
3,52,56
3,53,55
3,58,65
3,64,61
3,79,66
3,67,110
3,80,68
3,116,69
3,70,104
3,87,71
3,86,72
3,73,81
3,74,118
3,75,135
3,95,76
3,77,89
3,137,78
3,82,126
3,117,83
3,84,85
3,136,88
3,90,91
3,92,98
3,134,93
3,133,94
3,96,107
3,97,103
3,99,129
3,100,139
3,109,101
3,102,144
3,105,128
3,127,106
3,123,108
3,111,132
3,112,130
3,140,113
3,114,150
3,115,151
3,119,120
3,122,121
3,143,124
3,125,138
3,131,145
3,142,141
3,146,149
3,147,148
3,153,152
3,191,154
3,210,155
3,206,156
3,157,169
3,188,158
3,159,160
3,161,215
3,162,211
3,184,163
3,164,201
3,187,165
3,166,194
3,167,207
3,214,168
3,178,170
3,171,208
3,197,172
3,173,217
3,185,174
3,213,175
3,190,176
3,177,212
3,196,179
3,220,180
3,218,181
3,216,182
3,200,183
3,186,199
3,205,189
3,198,192
3,209,193
3,219,195
3,221,202
3,203,204
3,223,222
3,233,224
3,225,228
3,230,226
3,229,227
3,231,240
3,234,232
3,239,235
3,238,236
3,241,237
3,249,242
3,243,248
3,244,253
3,245,252
3,251,246
3,250,247
3,254,255
3,256,325
3,257,270
3,313,258
3,272,259
3,314,260
3,298,261
3,262,318
3,263,297
3,273,264
3,265,286
3,308,266
3,291,267
3,300,268
3,269,296
3,282,271
3,276,274
3,277,275
3,278,324
3,279,302
3,280,283
3,315,281
3,284,316
3,285,322
3,287,289
3,310,288
3,312,290
3,309,292
3,293,323
3,294,295
3,299,319
3,301,304
3,305,303
3,320,306
3,307,317
3,311,321
3,326,337
3,327,356
3,359,328
3,329,340
3,347,330
3,333,331
3,332,346
3,334,362
3,371,335
3,336,354
3,361,338
3,339,343
3,341,365
3,342,366
3,344,349
3,363,345
3,369,348
3,350,355
3,351,364
3,353,352
3,367,357
3,368,358
3,360,370
3,372,374
3,377,373
3,375,376
3,381,378
3,379,389
3,382,380
3,383,387
3,403,384
3,404,385
3,413,386
3,388,410
3,411,390
3,395,391
3,408,392
3,398,393
3,396,394
3,407,397
3,399,409
3,401,400
3,406,402
3,412,405
3,414,416
3,415,488
3,431,417
3,419,418
3,466,420
3,421,468
3,422,465
3,424,423
3,467,425
3,426,462
3,427,464
3,457,428
3,429,478
3,485,430
3,484,432
3,433,479
3,442,434
3,435,436
3,481,437
3,448,438
3,439,445
3,440,480
3,459,441
3,443,456
3,455,444
3,446,483
3,493,447
3,449,454
3,450,453
3,452,451
3,489,458
3,461,460
3,482,463
3,473,469
3,470,491
3,471,474
3,490,472
3,475,492
3,487,476
3,486,477
3,529,494
3,495,578
3,513,496
3,506,497
3,555,498
3,499,540
3,517,500
3,501,556
3,511,502
3,505,503
3,538,504
3,574,507
3,508,520
3,509,536
3,510,564
3,544,512
3,546,514
3,568,515
3,516,577
3,518,567
3,519,543
3,522,521
3,523,563
3,524,541
3,535,525
3,526,548
3,569,527
3,557,528
3,562,530
3,531,558
3,547,532
3,533,534
3,565,537
3,572,539
3,542,553
3,551,545
3,549,550
3,552,561
3,579,554
3,575,559
3,560,576
3,571,566
3,570,573
3,595,580
3,581,599
3,586,582
3,583,596
3,591,584
3,594,585
3,587,598
3,589,588
3,590,597
3,592,593
3,602,600
3,605,601
3,629,603
3,604,615
3,628,606
3,639,607
3,612,608
3,609,630
3,633,610
3,616,611
3,652,613
3,651,614
3,636,617
3,654,618
3,624,619
3,641,620
3,621,638
3,622,627
3,635,623
3,647,625
3,626,640
3,631,648
3,650,632
3,634,637
3,642,644
3,643,653
3,645,646
3,655,649
3,657,656
3,658,714
3,659,682
3,660,666
3,689,661
3,692,662
3,663,711
3,687,664
3,665,703
3,702,667
3,669,668
3,674,670
3,671,678
3,672,717
3,695,673
3,694,675
3,676,701
3,715,677
3,679,705
3,713,680
3,681,696
3,683,691
3,684,698
3,685,699
3,693,686
3,690,688
3,697,706
3,700,716
3,712,704
3,708,707
3,709,710
4,25,0
4,1,23
4,2,7
4,9,3
4,4,5
4,15,6
4,11,8
4,10,12
4,13,21
4,14,32
4,31,16
4,20,17
4,29,18
4,30,19
4,22,28
4,27,24
4,26,33
4,35,34
4,57,36
4,41,37
4,50,38
4,39,43
4,59,40
4,42,51
4,62,44
4,45,47
4,46,54
4,48,52
4,53,49
4,63,55
4,56,64
4,60,58
4,61,65
4,66,84
4,80,67
4,79,68
4,69,115
4,70,138
4,71,140
4,72,113
4,110,73
4,74,114
4,101,75
4,85,76
4,137,77
4,78,116
4,81,109
4,88,82
4,83,87
4,142,86
4,89,112
4,92,90
4,98,91
4,93,133
4,94,134
4,135,95
4,108,96
4,124,97
4,100,99
4,102,143
4,103,125
4,148,104
4,106,105
4,107,122
4,130,111
4,117,118
4,119,126
4,141,120
4,121,123
4,151,127
4,128,150
4,149,129
4,132,131
4,139,136
4,144,147
4,145,146
4,152,213
4,169,153
4,154,168
4,155,190
4,156,191
4,183,157
4,204,158
4,209,159
4,193,160
4,211,161
4,176,162
4,163,197
4,212,164
4,165,189
4,207,166
4,194,167
4,170,179
4,192,171
4,180,172
4,173,177
4,174,216
4,175,220
4,196,178
4,200,181
4,182,184
4,185,219
4,195,186
4,206,187
4,188,199
4,217,198
4,201,221
4,202,205
4,218,203
4,208,214
4,215,210
4,222,230
4,237,223
4,224,232
4,235,225
4,226,229
4,227,233
4,228,231
4,236,234
4,238,241
4,239,240
4,246,242
4,253,243
4,251,244
4,247,245
4,248,250
4,252,249
4,258,254
4,255,307
4,268,256
4,261,257
4,259,262
4,260,315
4,263,309
4,264,277
4,265,274
4,271,266
4,267,308
4,297,269
4,270,296
4,299,272
4,325,273
4,295,275
4,276,313
4,302,278
4,279,284
4,290,280
4,318,281
4,292,282
4,305,283
4,306,285
4,324,286
4,312,287
4,288,303
4,289,311
4,294,291
4,319,293
4,298,300
4,301,323
4,304,310
4,316,314
4,317,322
4,321,320
4,356,326
4,328,327
4,362,329
4,330,331
4,332,351
4,347,333
4,355,334
4,335,361
4,336,371
4,352,337
4,338,345
4,344,339
4,340,341
4,364,342
4,343,363
4,346,366
4,348,368
4,349,354
4,360,350
4,353,359
4,370,357
4,358,369
4,365,367
4,372,377
4,373,381
4,374,406
4,375,413
4,376,412
4,378,379
4,400,380
4,385,382
4,383,405
4,394,384
4,387,386
4,390,388
4,389,404
4,391,399
4,392,396
4,395,393
4,397,398
4,401,402
4,407,403
4,411,408
4,409,410
4,478,414
4,446,415
4,416,488
4,417,422
4,418,425
4,441,419
4,420,456
4,421,443
4,423,466
4,465,424
4,461,426
4,448,427
4,428,429
4,430,431
4,432,449
4,433,442
4,434,435
4,479,436
4,437,438
4,454,439
4,493,440
4,483,444
4,445,453
4,447,472
4,469,450
4,451,473
4,475,452
4,476,455
4,457,486
4,458,487
4,459,462
4,460,485
4,463,484
4,464,482
4,468,467
4,471,470
4,474,492
4,477,489
4,480,481
4,491,490
4,494,570
4,527,495
4,496,577
4,497,510
4,498,501
4,557,499
4,512,500
4,502,507
4,503,566
4,504,554
4,505,568
4,578,506
4,508,574
4,509,526
4,520,511
4,573,513
4,514,571
4,543,515
4,579,516
4,544,517
4,522,518
4,564,519
4,521,545
4,555,523
4,524,558
4,525,549
4,528,562
4,530,529
4,534,531
4,532,569
4,533,563
4,550,535
4,536,548
4,538,537
4,539,565
4,556,540
4,541,552
4,576,542
4,547,546
4,567,551
4,561,553
4,560,559
4,575,572
4,580,582
4,583,581
4,584,596
4,593,585
4,586,591
4,597,587
4,588,594
4,598,589
4,590,592
4,599,595
4,608,600
4,601,631
4,616,602
4,606,603
4,614,604
4,609,605
4,627,607
4,610,615
4,611,639
4,646,612
4,648,613
4,617,619
4,618,636
4,620,637
4,649,621
4,656,622
4,623,634
4,635,624
4,625,645
4,626,647
4,657,628
4,630,629
4,640,632
4,633,650
4,638,654
4,644,641
4,642,643
4,651,652
4,653,655
4,691,658
4,659,661
4,705,660
4,662,663
4,664,665
4,666,669
4,667,714
4,687,668
4,670,694
4,671,679
4,684,672
4,673,675
4,674,693
4,676,685
4,701,677
4,703,678
4,680,696
4,715,681
4,682,712
4,717,683
4,698,686
4,702,688
4,716,689
4,700,690
4,707,692
4,695,709
4,697,708
4,699,713
4,704,711
4,706,710
5,0,6
5,27,1
5,28,2
5,3,8
5,4,11
5,5,9
5,7,10
5,12,15
5,23,13
5,14,29
5,33,16
5,19,17
5,21,18
5,31,20
5,24,22
5,25,26
5,32,30
5,34,36
5,47,35
5,37,61
5,38,40
5,64,39
5,41,50
5,59,42
5,51,43
5,44,63
5,54,45
5,55,46
5,49,48
5,52,58
5,65,53
5,56,62
5,60,57
5,109,66
5,116,67
5,68,77
5,69,70
5,71,136
5,87,72
5,73,101
5,115,74
5,75,95
5,76,94
5,138,78
5,89,79
5,126,80
5,81,110
5,82,117
5,86,83
5,134,84
5,93,85
5,140,88
5,90,131
5,91,100
5,139,92
5,96,98
5,97,123
5,99,132
5,111,102
5,104,103
5,122,105
5,128,106
5,114,107
5,127,108
5,112,145
5,113,141
5,118,119
5,120,142
5,124,121
5,125,137
5,129,130
5,135,133
5,143,146
5,148,144
5,149,147
5,150,151
5,183,152
5,199,153
5,179,154
5,176,155
5,212,156
5,157,165
5,158,162
5,159,211
5,160,210
5,161,190
5,163,201
5,164,206
5,166,193
5,167,214
5,168,194
5,221,169
5,197,170
5,207,171
5,172,173
5,174,217
5,181,175
5,177,184
5,198,178
5,180,182
5,195,185
5,186,220
5,205,187
5,204,188
5,189,202
5,192,191
5,216,196
5,213,200
5,203,215
5,208,209
5,219,218
5,233,222
5,223,235
5,224,238
5,229,225
5,227,226
5,230,228
5,232,231
5,234,241
5,240,236
5,237,239
5,242,251
5,245,243
5,244,252
5,246,248
5,253,247
5,249,250
5,254,267
5,255,265
5,256,260
5,257,268
5,321,258
5,281,259
5,261,314
5,262,298
5,296,263
5,264,325
5,266,292
5,270,269
5,295,271
5,272,319
5,274,273
5,275,276
5,313,277
5,285,278
5,311,279
5,280,312
5,282,294
5,283,284
5,286,301
5,303,287
5,288,289
5,320,290
5,308,291
5,293,318
5,300,297
5,309,299
5,302,304
5,310,305
5,317,306
5,322,307
5,315,316
5,323,324
5,326,327
5,337,328
5,341,329
5,330,332
5,331,364
5,333,346
5,334,340
5,343,335
5,349,336
5,363,338
5,339,371
5,342,365
5,354,344
5,345,361
5,362,347
5,348,360
5,350,356
5,366,351
5,368,352
5,357,353
5,367,355
5,359,358
5,369,370
5,378,372
5,373,379
5,412,374
5,402,375
5,405,376
5,382,377
5,380,404
5,381,400
5,386,383
5,384,409
5,389,385
5,390,387
5,403,388
5,398,391
5,394,392
5,393,411
5,413,395
5,410,396
5,399,397
5,406,401
5,408,407
5,414,434
5,415,426
5,416,446
5,423,417
5,468,418
5,419,459
5,420,431
5,466,421
5,422,430
5,440,424
5,425,460
5,427,437
5,428,479
5,429,433
5,438,432
5,435,458
5,436,457
5,439,455
5,485,441
5,442,443
5,444,454
5,445,448
5,491,447
5,449,451
5,450,475
5,452,471
5,453,474
5,456,478
5,488,461
5,462,473
5,463,480
5,464,481
5,467,465
5,470,469
5,472,483
5,486,476
5,487,477
5,482,484
5,489,490
5,492,493
5,507,494
5,577,495
5,496,547
5,497,516
5,558,498
5,499,550
5,500,579
5,501,569
5,570,502
5,545,503
5,537,504
5,521,505
5,519,506
5,559,508
5,548,509
5,510,527
5,511,574
5,526,512
5,520,513
5,543,514
5,515,538
5,567,517
5,518,544
5,554,522
5,523,533
5,542,524
5,551,525
5,561,528
5,563,529
5,531,530
5,532,578
5,534,562
5,549,535
5,541,536
5,552,539
5,540,555
5,546,564
5,553,575
5,556,557
5,573,560
5,566,565
5,568,571
5,572,576
5,580,583
5,581,591
5,582,589
5,584,599
5,585,598
5,595,586
5,592,587
5,588,597
5,596,590
5,594,593
5,600,616
5,615,601
5,602,649
5,603,614
5,604,606
5,605,633
5,607,652
5,646,608
5,632,609
5,648,610
5,611,645
5,625,612
5,613,651
5,624,617
5,638,618
5,619,644
5,620,636
5,621,657
5,622,634
5,623,628
5,639,626
5,656,627
5,631,629
5,650,630
5,637,635
5,647,640
5,641,653
5,654,642
5,643,655
5,658,685
5,707,659
5,660,699
5,661,697
5,662,690
5,692,663
5,664,666
5,665,671
5,667,700
5,668,672
5,669,705
5,710,670
5,673,693
5,686,674
5,675,683
5,696,676
5,677,684
5,678,687
5,703,679
5,701,680
5,681,702
5,711,682
5,688,716
5,689,704
5,714,691
5,698,694
5,708,695
5,706,709
5,712,717
5,713,715
6,0,33
6,1,24
6,3,2
6,8,4
6,12,5
6,6,25
6,15,7
6,10,9
6,11,27
6,18,13
6,20,14
6,16,32
6,17,30
6,19,31
6,21,29
6,22,23
6,28,26
6,34,62
6,63,35
6,36,60
6,40,37
6,61,38
6,39,59
6,42,41
6,43,50
6,44,49
6,45,48
6,46,65
6,52,47
6,51,57
6,54,53
6,64,55
6,58,56
6,68,66
6,67,81
6,78,69
6,70,115
6,88,71
6,72,114
6,117,73
6,74,126
6,79,75
6,101,76
6,77,138
6,110,80
6,83,82
6,84,109
6,85,135
6,136,86
6,87,140
6,94,89
6,90,99
6,91,92
6,95,93
6,96,132
6,147,97
6,98,139
6,131,100
6,146,102
6,103,137
6,104,149
6,105,107
6,121,106
6,108,145
6,112,111
6,113,142
6,151,116
6,120,118
6,141,119
6,122,124
6,123,128
6,125,148
6,150,127
6,144,129
6,130,143
6,133,134
6,218,152
6,153,157
6,154,166
6,215,155
6,156,198
6,187,158
6,214,159
6,162,160
6,210,161
6,202,163
6,205,164
6,165,206
6,191,167
6,171,168
6,169,204
6,170,186
6,182,172
6,173,200
6,175,174
6,211,176
6,177,192
6,178,197
6,185,179
6,213,180
6,196,181
6,184,183
6,188,195
6,189,201
6,190,207
6,193,208
6,209,194
6,220,199
6,203,219
6,221,212
6,217,216
6,222,232
6,238,223
6,241,224
6,225,226
6,231,227
6,228,229
6,233,230
6,235,234
6,236,239
6,240,237
6,250,242
6,243,246
6,245,244
6,252,247
6,249,248
6,251,253
6,291,254
6,323,255
6,269,256
6,318,257
6,284,258
6,259,319
6,260,300
6,268,261
6,263,262
6,282,264
6,265,293
6,266,309
6,267,275
6,297,270
6,271,294
6,281,272
6,273,276
6,292,274
6,277,295
6,278,306
6,316,279
6,280,305
6,283,320
6,307,285
6,286,317
6,287,310
6,324,288
6,289,303
6,290,311
6,308,296
6,299,298
6,301,302
6,304,322
6,312,321
6,325,313
6,314,315
6,326,328
6,327,339
6,329,334
6,340,330
6,351,331
6,332,342
6,341,333
6,335,349
6,336,344
6,337,359
6,338,354
6,345,343
6,347,346
6,370,348
6,350,362
6,371,352
6,358,353
6,356,355
6,360,357
6,361,363
6,365,364
6,367,366
6,369,368
6,372,373
6,374,386
6,406,375
6,376,389
6,377,385
6,404,378
6,379,401
6,402,380
6,382,381
6,383,413
6,384,387
6,388,394
6,397,390
6,391,393
6,392,412
6,395,398
6,396,411
6,407,399
6,400,405
6,409,403
6,410,408
6,414,429
6,462,415
6,447,416
6,417,485
6,460,418
6,425,419
6,467,420
6,421,442
6,422,468
6,431,423
6,424,430
6,426,446
6,480,427
6,488,428
6,432,482
6,433,456
6,479,434
6,478,435
6,443,436
6,484,437
6,438,464
6,476,439
6,441,440
6,444,486
6,454,445
6,448,449
6,450,452
6,451,493
6,469,453
6,455,477
6,458,457
6,461,459
6,481,463
6,465,466
6,475,470
6,490,471
6,474,472
6,473,492
6,483,491
6,489,487
6,494,508
6,495,496
6,519,497
6,498,556
6,558,499
6,500,550
6,501,563
6,502,520
6,503,568
6,504,521
6,505,515
6,506,510
6,507,573
6,509,518
6,513,511
6,512,522
6,565,514
6,516,546
6,517,551
6,523,542
6,536,524
6,525,526
6,527,532
6,528,534
6,529,531
6,530,561
6,533,552
6,535,541
6,539,537
6,571,538
6,569,540
6,547,543
6,544,567
6,545,554
6,549,548
6,576,553
6,555,557
6,574,559
6,560,575
6,562,570
6,579,564
6,566,572
6,578,577
6,591,580
6,581,584
6,595,582
6,599,583
6,589,585
6,587,586
6,598,588
6,593,590
6,597,592
6,594,596
6,628,600
6,601,633
6,602,656
6,603,613
6,652,604
6,610,605
6,627,606
6,630,607
6,626,608
6,609,631
6,612,611
6,614,650
6,615,651
6,616,646
6,617,620
6,618,621
6,643,619
6,622,623
6,641,624
6,640,625
6,629,648
6,632,639
6,634,635
6,636,642
6,653,637
6,657,638
6,655,644
6,645,647
6,649,654
6,668,658
6,659,706
6,693,660
6,663,661
6,704,662
6,679,664
6,666,665
6,672,667
6,671,669
6,695,670
6,709,673
6,694,674
6,686,675
6,676,684
6,699,677
6,705,678
6,702,680
6,717,681
6,682,688
6,683,716
6,685,698
6,687,703
6,712,689
6,690,691
6,711,692
6,696,713
6,697,707
6,700,714
6,715,701
6,710,708
7,23,0
7,1,6
7,2,11
7,7,3
7,15,4
7,5,33
7,8,10
7,9,12
7,13,17
7,14,28
7,30,16
7,18,20
7,32,19
7,24,21
7,26,22
7,27,25
7,29,31
7,47,34
7,35,45
7,43,36
7,37,38
7,61,39
7,50,40
7,41,51
7,57,42
7,48,44
7,56,46
7,49,52
7,53,64
7,58,54
7,65,55
7,59,60
7,62,63
7,66,110
7,89,67
7,81,68
7,69,103
7,116,70
7,86,71
7,142,72
7,83,73
7,119,74
7,75,133
7,76,93
7,77,79
7,115,78
7,80,113
7,82,118
7,84,95
7,85,94
7,136,87
7,88,141
7,132,90
7,99,91
7,92,105
7,121,96
7,97,150
7,100,98
7,135,101
7,102,112
7,137,104
7,106,122
7,107,128
7,139,108
7,109,134
7,111,143
7,151,114
7,117,140
7,126,120
7,127,123
7,124,147
7,149,125
7,129,146
7,131,130
7,138,148
7,145,144
7,152,169
7,153,181
7,154,192
7,155,188
7,201,156
7,199,157
7,158,210
7,159,208
7,160,207
7,204,161
7,162,203
7,163,177
7,164,189
7,218,165
7,166,167
7,168,193
7,196,170
7,214,171
7,172,184
7,173,213
7,179,174
7,180,175
7,215,176
7,178,185
7,183,182
7,186,217
7,202,187
7,194,190
7,191,197
7,200,195
7,216,198
7,212,205
7,206,221
7,209,211
7,219,220
7,227,222
7,223,234
7,236,224
7,230,225
7,226,233
7,228,232
7,229,231
7,237,235
7,239,238
7,241,240
7,242,245
7,243,249
7,247,244
7,246,250
7,248,251
7,253,252
7,285,254
7,317,255
7,261,256
7,257,260
7,258,274
7,259,318
7,262,308
7,263,293
7,294,264
7,265,323
7,291,266
7,276,267
7,268,270
7,298,269
7,271,277
7,314,272
7,273,275
7,278,286
7,279,290
7,315,280
7,324,281
7,313,282
7,311,283
7,284,304
7,288,287
7,302,289
7,292,295
7,296,309
7,319,297
7,300,299
7,310,301
7,321,303
7,305,320
7,306,307
7,322,312
7,325,316
7,339,326
7,348,327
7,328,356
7,365,329
7,346,330
7,331,341
7,332,333
7,366,334
7,338,335
7,336,361
7,358,337
7,364,340
7,351,342
7,343,349
7,344,363
7,354,345
7,347,367
7,370,350
7,352,360
7,353,369
7,355,357
7,368,359
7,362,371
7,372,380
7,373,402
7,374,399
7,375,412
7,400,376
7,377,379
7,389,378
7,385,381
7,404,382
7,401,383
7,390,384
7,405,386
7,387,388
7,392,391
7,393,397
7,398,394
7,395,396
7,408,403
7,413,406
7,407,410
7,411,409
7,415,414
7,416,444
7,430,417
7,418,441
7,419,485
7,442,420
7,421,431
7,423,422
7,463,424
7,459,425
7,493,426
7,481,427
7,456,428
7,429,443
7,448,432
7,435,433
7,434,436
7,437,454
7,482,438
7,452,439
7,460,440
7,445,450
7,446,491
7,457,447
7,449,484
7,451,469
7,470,453
7,455,458
7,461,462
7,464,480
7,468,465
7,466,467
7,471,475
7,472,492
7,473,474
7,477,476
7,478,479
7,483,488
7,486,489
7,487,490
7,560,494
7,495,510
7,496,543
7,520,497
7,548,498
7,499,549
7,509,500
7,557,501
7,502,574
7,522,503
7,539,504
7,514,505
7,506,569
7,508,507
7,511,559
7,512,545
7,513,527
7,515,566
7,564,516
7,517,526
7,525,518
7,578,519
7,537,521
7,535,523
7,524,533
7,530,528
7,570,529
7,563,531
7,532,546
7,561,534
7,550,536
7,538,572
7,540,558
7,542,541
7,551,544
7,577,547
7,553,552
7,554,567
7,556,555
7,562,576
7,565,571
7,579,568
7,575,573
7,580,597
7,582,581
7,583,594
7,584,595
7,585,587
7,586,599
7,590,588
7,593,589
7,596,591
7,592,598
7,600,649
7,614,601
7,606,602
7,651,603
7,604,657
7,605,632
7,607,628
7,608,647
7,609,629
7,613,610
7,611,625
7,639,612
7,648,615
7,616,645
7,617,643
7,655,618
7,620,619
7,621,656
7,644,622
7,623,627
7,653,624
7,646,626
7,633,630
7,631,640
7,634,636
7,635,638
7,654,637
7,642,641
7,650,652
7,684,658
7,663,659
7,660,703
7,661,704
7,662,697
7,705,664
7,665,668
7,678,666
7,691,667
7,669,679
7,670,706
7,671,687
7,672,700
7,673,694
7,674,708
7,675,695
7,698,676
7,677,713
7,680,715
7,681,686
7,689,682
7,683,702
7,701,685
7,688,712
7,690,711
7,692,709
7,699,693
7,714,696
7,707,710
7,716,717
8,27,0
8,22,1
8,2,9
8,12,3
8,4,7
8,5,8
8,26,6
8,33,10
8,11,15
8,31,13
8,21,14
8,16,29
8,17,32
8,19,18
8,20,30
8,23,24
8,25,28
8,34,49
8,35,48
8,42,36
8,37,59
8,38,39
8,40,43
8,41,57
8,44,47
8,62,45
8,46,52
8,51,50
8,53,58
8,55,54
8,63,56
8,60,61
8,64,65
8,66,81
8,67,79
8,68,69
8,70,78
8,71,82
8,74,72
8,73,126
8,75,85
8,134,76
8,133,77
8,80,109
8,119,83
8,94,84
8,86,87
8,113,88
8,95,89
8,102,90
8,91,139
8,100,92
8,93,135
8,96,106
8,125,97
8,98,99
8,110,101
8,103,151
8,104,138
8,105,136
8,108,107
8,111,145
8,112,131
8,114,115
8,150,116
8,120,117
8,118,142
8,127,121
8,123,122
8,128,124
8,129,132
8,130,146
8,147,137
8,140,141
8,143,144
8,148,149
8,157,152
8,213,153
8,194,154
8,155,162
8,156,202
8,158,215
8,161,159
8,190,160
8,198,163
8,169,164
8,199,165
8,208,166
8,167,168
8,174,170
8,171,191
8,172,183
8,184,173
8,175,219
8,176,189
8,197,177
8,192,178
8,179,216
8,181,180
8,182,200
8,220,185
8,186,204
8,221,187
8,188,203
8,193,214
8,195,218
8,217,196
8,201,205
8,206,212
8,207,209
8,210,211
8,222,228
8,223,241
8,224,237
8,225,227
8,226,236
8,232,229
8,230,231
8,233,238
8,234,239
8,235,240
8,247,242
8,244,243
8,245,248
8,252,246
8,251,249
8,253,250
8,254,292
8,255,285
8,256,319
8,272,257
8,258,273
8,293,259
8,269,260
8,261,315
8,267,262
8,266,263
8,264,271
8,307,265
8,318,268
8,270,300
8,274,325
8,275,294
8,277,276
8,317,278
8,279,280
8,281,323
8,282,291
8,283,312
8,290,284
8,286,306
8,287,314
8,320,288
8,316,289
8,295,313
8,296,299
8,297,298
8,301,324
8,302,310
8,303,311
8,304,305
8,309,308
8,322,321
8,357,326
8,327,358
8,334,328
8,329,346
8,330,364
8,331,347
8,340,332
8,333,351
8,335,344
8,363,336
8,337,348
8,371,338
8,339,354
8,342,341
8,343,361
8,349,345
8,369,350
8,359,352
8,360,353
8,362,355
8,356,367
8,366,365
8,368,370
8,385,372
8,412,373
8,376,374
8,405,375
8,380,377
8,378,382
8,379,402
8,381,404
8,383,395
8,386,384
8,387,410
8,388,409
8,401,389
8,403,390
8,397,391
8,413,392
8,394,393
8,396,398
8,399,408
8,406,400
8,411,407
8,428,414
8,444,415
8,462,416
8,417,463
8,418,459
8,440,419
8,420,430
8,456,421
8,422,431
8,485,423
8,424,467
8,465,425
8,426,483
8,427,438
8,488,429
8,432,481
8,433,443
8,434,478
8,435,457
8,436,458
8,437,464
8,439,477
8,441,460
8,479,442
8,476,445
8,489,446
8,490,447
8,484,448
8,453,449
8,450,473
8,487,451
8,452,470
8,454,455
8,492,461
8,466,468
8,469,474
8,471,472
8,475,493
8,480,482
8,491,486
8,494,502
8,497,495
8,510,496
8,540,498
8,499,501
8,536,500
8,503,544
8,514,504
8,538,505
8,547,506
8,559,507
8,508,560
8,549,509
8,573,511
8,518,512
8,543,513
8,515,565
8,516,519
8,545,517
8,520,574
8,521,554
8,522,551
8,523,553
8,555,524
8,567,525
8,526,550
8,564,527
8,531,528
8,529,561
8,534,530
8,532,577
8,541,533
8,548,535
8,568,537
8,566,539
8,563,542
8,546,578
8,552,562
8,570,556
8,558,557
8,569,579
8,572,571
8,576,575
8,589,580
8,581,596
8,582,584
8,583,586
8,597,585
8,587,593
8,588,592
8,599,590
8,591,595
8,598,594
8,645,600
8,601,613
8,602,608
8,603,615
8,604,650
8,639,605
8,607,606
8,648,609
8,610,629
8,647,611
8,612,626
8,652,614
8,625,616
8,622,617
8,657,618
8,619,641
8,642,620
8,637,621
8,636,623
8,624,643
8,651,627
8,628,649
8,631,630
8,632,633
8,638,634
8,656,635
8,640,646
8,644,653
8,654,655
8,658,672
8,708,659
8,686,660
8,661,662
8,697,663
8,664,678
8,679,665
8,666,671
8,667,684
8,714,668
8,703,669
8,670,709
8,710,673
8,675,674
8,676,699
8,680,677
8,681,701
8,682,683
8,685,715
8,687,705
8,691,688
8,711,689
8,704,690
8,706,692
8,694,693
8,707,695
8,696,717
8,713,698
8,712,700
8,702,716
9,0,1
9,10,2
9,3,5
9,4,12
9,6,33
9,7,8
9,9,11
9,14,13
9,25,15
9,16,22
9,17,21
9,32,18
9,19,23
9,29,20
9,24,26
9,28,27
9,30,31
9,45,34
9,36,35
9,39,37
9,38,43
9,40,51
9,59,41
9,50,42
9,52,44
9,46,63
9,47,62
9,48,53
9,54,49
9,55,56
9,57,61
9,58,64
9,65,60
9,67,66
9,110,68
9,138,69
9,79,70
9,71,117
9,72,120
9,73,80
9,81,74
9,76,75
9,77,102
9,78,104
9,82,119
9,118,83
9,84,93
9,89,85
9,141,86
9,87,88
9,90,98
9,136,91
9,92,151
9,95,94
9,122,96
9,137,97
9,130,99
9,132,100
9,101,133
9,103,147
9,139,105
9,106,108
9,107,150
9,126,109
9,146,111
9,144,112
9,115,113
9,114,116
9,128,121
9,123,125
9,124,127
9,145,129
9,131,149
9,134,135
9,142,140
9,143,148
9,152,180
9,153,218
9,167,154
9,161,155
9,197,156
9,157,213
9,220,158
9,159,204
9,160,209
9,190,162
9,165,163
9,164,221
9,166,171
9,168,208
9,189,169
9,170,198
9,217,172
9,182,173
9,174,196
9,175,195
9,210,176
9,177,216
9,178,191
9,192,179
9,181,183
9,200,184
9,185,186
9,187,201
9,219,188
9,193,207
9,214,194
9,203,199
9,212,202
9,205,206
9,211,215
9,225,222
9,240,223
9,235,224
9,232,226
9,227,228
9,229,230
9,231,233
9,238,234
9,236,237
9,239,241
9,242,244
9,252,243
9,246,245
9,248,247
9,249,253
9,250,251
9,254,317
9,286,255
9,298,256
9,257,315
9,320,258
9,259,297
9,260,270
9,272,261
9,299,262
9,308,263
9,313,264
9,285,265
9,325,266
9,267,292
9,269,268
9,274,271
9,277,273
9,275,282
9,276,294
9,278,310
9,312,279
9,280,316
9,281,314
9,289,283
9,284,311
9,287,324
9,323,288
9,290,321
9,295,291
9,309,293
9,300,296
9,307,301
9,305,302
9,303,304
9,306,322
9,319,318
9,326,348
9,355,327
9,328,339
9,357,329
9,351,330
9,342,331
9,364,332
9,340,333
9,334,356
9,363,335
9,345,336
9,337,369
9,344,338
9,341,347
9,371,343
9,346,365
9,361,349
9,350,368
9,352,358
9,370,353
9,354,366
9,359,360
9,367,362
9,382,372
9,380,373
9,375,374
9,376,401
9,381,377
9,378,385
9,404,379
9,390,383
9,384,388
9,386,395
9,408,387
9,389,400
9,391,413
9,393,392
9,403,394
9,396,397
9,398,399
9,402,405
9,412,406
9,409,407
9,410,411
9,414,488
9,415,428
9,416,461
9,419,417
9,485,418
9,468,420
9,467,421
9,424,422
9,441,423
9,425,426
9,427,463
9,429,434
9,430,466
9,431,465
9,464,432
9,436,433
9,479,435
9,455,437
9,438,481
9,439,469
9,440,459
9,442,456
9,443,478
9,458,444
9,445,470
9,490,446
9,447,483
9,482,448
9,492,449
9,486,450
9,453,451
9,493,452
9,454,476
9,457,487
9,462,460
9,473,471
9,472,489
9,474,475
9,477,491
9,480,484
9,559,494
9,513,495
9,496,497
9,498,499
9,500,548
9,501,555
9,502,561
9,504,503
9,505,539
9,506,546
9,507,520
9,511,508
9,535,509
9,577,510
9,512,525
9,572,514
9,571,515
9,516,547
9,518,517
9,519,532
9,521,566
9,567,522
9,524,523
9,526,551
9,527,579
9,528,563
9,529,562
9,557,530
9,531,570
9,533,560
9,542,534
9,536,549
9,537,575
9,565,538
9,550,540
9,553,541
9,543,578
9,544,545
9,552,576
9,554,568
9,558,556
9,569,564
9,574,573
9,584,580
9,589,581
9,592,582
9,591,583
9,585,590
9,596,586
9,587,599
9,588,593
9,594,597
9,595,598
9,600,647
9,601,610
9,628,602
9,652,603
9,627,604
9,605,640
9,606,639
9,656,607
9,608,616
9,615,609
9,646,611
9,612,645
9,613,614
9,641,617
9,618,634
9,619,642
9,653,620
9,621,654
9,635,622
9,623,624
9,626,625
9,629,633
9,630,648
9,632,631
9,637,636
9,655,638
9,643,644
9,649,657
9,650,651
9,715,658
9,659,697
9,660,713
9,692,661
9,662,712
9,663,707
9,668,664
9,665,687
9,666,705
9,667,681
9,678,669
9,708,670
9,703,671
9,672,679
9,683,673
9,674,710
9,709,675
9,677,676
9,686,680
9,704,682
9,685,684
9,688,711
9,689,690
9,700,691
9,693,698
9,699,694
9,695,706
9,696,701
9,717,702
9,716,714
