42,Heuristic,i04,1
Time,Value 
Final, 181248,7231

Round,H_team,A_team 
0,0,5
0,9,1
0,2,8
0,3,7
0,4,6
0,25,10
0,14,11
0,21,12
0,19,13
0,22,15
0,16,24
0,17,23
0,20,18
0,26,34
0,27,29
0,31,28
0,30,32
0,35,33
0,37,36
0,48,38
0,52,39
0,40,45
0,46,41
0,51,42
0,43,47
0,44,54
0,67,49
0,53,50
0,68,55
0,56,59
0,62,57
0,58,65
0,64,60
0,61,70
0,69,63
0,66,71
0,72,88
0,73,136
0,74,129
0,75,95
0,76,77
0,125,78
0,98,79
0,87,80
0,120,81
0,82,93
0,83,131
0,84,94
0,85,92
0,90,86
0,99,89
0,91,100
0,96,103
0,97,101
0,102,105
0,104,132
0,137,106
0,107,116
0,108,149
0,109,148
0,122,110
0,111,123
0,112,127
0,113,145
0,114,141
0,115,143
0,134,117
0,144,118
0,146,119
0,121,124
0,126,147
0,128,130
0,135,133
0,138,142
0,139,140
0,194,150
0,180,151
0,186,152
0,163,153
0,176,154
0,166,155
0,156,158
0,157,167
0,159,236
0,160,173
0,161,172
0,162,235
0,188,164
0,165,217
0,168,179
0,174,169
0,170,181
0,214,171
0,218,175
0,183,177
0,178,213
0,182,184
0,185,207
0,187,215
0,189,224
0,220,190
0,191,212
0,227,192
0,206,193
0,195,233
0,196,237
0,208,197
0,222,198
0,230,199
0,209,200
0,201,229
0,202,221
0,203,228
0,204,232
0,205,231
0,216,210
0,234,211
0,223,219
0,226,225
0,238,248
0,239,246
0,243,240
0,245,241
0,244,242
0,252,247
0,253,249
0,250,251
0,254,281
0,255,268
0,256,263
0,257,267
0,258,271
0,259,262
0,261,260
0,264,270
0,265,269
0,266,272
0,273,288
0,274,287
0,275,291
0,280,276
0,279,277
0,278,296
0,293,282
0,283,299
0,295,284
0,285,289
0,286,294
0,290,297
0,292,298
0,300,308
0,301,330
0,302,305
0,310,303
0,304,349
0,306,334
0,307,309
0,312,311
0,313,320
0,321,314
0,337,315
0,342,316
0,318,317
0,319,341
0,331,322
0,323,324
0,325,346
0,326,329
0,328,327
0,339,332
0,333,335
0,343,336
0,338,348
0,351,340
0,350,344
0,352,345
0,347,353
0,356,354
0,355,373
0,374,357
0,364,358
0,359,360
0,381,361
0,363,362
0,380,365
0,368,366
0,367,379
0,377,369
0,383,370
0,371,386
0,372,378
0,375,385
0,382,376
0,384,387
0,411,388
0,398,389
0,390,448
0,391,426
0,400,392
0,399,393
0,444,394
0,395,447
0,401,396
0,413,397
0,405,402
0,403,417
0,418,404
0,406,407
0,408,415
0,424,409
0,410,423
0,412,414
0,416,427
0,419,451
0,420,445
0,422,421
0,435,425
0,456,428
0,429,440
0,463,430
0,437,431
0,458,432
0,443,433
0,434,460
0,436,439
0,442,438
0,464,441
0,461,446
0,449,452
0,462,450
0,459,453
0,455,454
0,465,457
0,466,479
0,467,470
0,520,468
0,469,478
0,542,471
0,541,472
0,475,473
0,474,477
0,476,481
0,480,496
0,482,488
0,483,484
0,485,519
0,499,486
0,490,487
0,532,489
0,523,491
0,492,530
0,493,498
0,521,494
0,495,539
0,497,524
0,500,505
0,516,501
0,502,513
0,503,522
0,518,504
0,540,506
0,535,507
0,508,528
0,526,509
0,543,510
0,511,533
0,536,512
0,517,514
0,515,547
0,538,525
0,531,527
0,529,534
0,537,546
0,545,544
0,548,551
0,553,549
0,566,550
0,558,552
0,557,554
0,567,555
0,570,556
0,563,559
0,560,565
0,564,561
0,562,572
0,571,568
0,569,573
0,574,594
0,621,575
0,591,576
0,588,577
0,578,580
0,589,579
0,581,597
0,582,593
0,583,595
0,584,586
0,590,585
0,587,611
0,592,612
0,596,609
0,599,598
0,619,600
0,601,602
0,617,603
0,607,604
0,623,605
0,606,613
0,610,608
0,614,622
0,615,616
0,620,618
0,642,624
0,625,632
0,626,654
0,627,643
0,629,628
0,663,630
0,637,631
0,659,633
0,638,634
0,635,640
0,636,670
0,639,657
0,641,647
0,648,644
0,645,646
0,649,675
0,650,679
0,651,655
0,673,652
0,653,669
0,677,656
0,658,662
0,676,660
0,661,668
0,664,665
0,666,672
0,678,667
0,671,674
1,8,0
1,5,1
1,2,9
1,4,3
1,7,6
1,10,12
1,11,20
1,13,21
1,19,14
1,15,25
1,16,23
1,17,24
1,18,22
1,33,26
1,35,27
1,34,28
1,29,37
1,30,31
1,36,32
1,39,38
1,50,40
1,41,51
1,42,43
1,47,44
1,45,55
1,46,48
1,49,65
1,53,52
1,54,56
1,57,66
1,58,67
1,59,69
1,60,61
1,62,64
1,63,70
1,71,68
1,77,72
1,73,99
1,81,74
1,128,75
1,91,76
1,78,87
1,96,79
1,88,80
1,83,82
1,84,92
1,94,85
1,86,93
1,100,89
1,105,90
1,95,132
1,103,97
1,98,102
1,101,104
1,106,136
1,107,138
1,148,108
1,139,109
1,110,111
1,145,112
1,144,113
1,114,122
1,133,115
1,116,117
1,118,123
1,124,119
1,131,120
1,135,121
1,130,125
1,149,126
1,146,127
1,147,129
1,137,134
1,140,143
1,142,141
1,150,213
1,151,185
1,183,152
1,153,160
1,154,172
1,155,161
1,157,156
1,231,158
1,159,163
1,162,173
1,217,164
1,165,218
1,170,166
1,167,176
1,169,168
1,215,171
1,174,224
1,175,223
1,190,177
1,178,214
1,179,205
1,188,180
1,181,187
1,194,182
1,184,191
1,186,203
1,233,189
1,192,198
1,193,212
1,221,195
1,236,196
1,197,225
1,199,222
1,200,201
1,230,202
1,211,204
1,208,206
1,207,226
1,237,209
1,210,234
1,232,216
1,219,220
1,228,227
1,235,229
1,238,250
1,239,244
1,245,240
1,241,252
1,246,242
1,243,247
1,249,248
1,251,253
1,254,266
1,267,255
1,269,256
1,257,261
1,270,258
1,264,259
1,260,263
1,288,262
1,272,265
1,287,268
1,271,273
1,274,290
1,285,275
1,276,278
1,280,277
1,291,279
1,281,286
1,282,289
1,294,283
1,297,284
1,293,292
1,299,295
1,298,296
1,313,300
1,324,301
1,342,302
1,303,307
1,353,304
1,305,306
1,330,308
1,309,310
1,311,321
1,317,312
1,333,314
1,315,331
1,320,316
1,334,318
1,322,319
1,323,347
1,325,348
1,350,326
1,327,336
1,349,328
1,329,352
1,346,332
1,335,337
1,338,339
1,341,340
1,351,343
1,345,344
1,355,354
1,370,356
1,357,368
1,358,381
1,365,359
1,360,363
1,361,366
1,364,362
1,367,384
1,373,369
1,376,371
1,386,372
1,385,374
1,375,377
1,387,378
1,379,380
1,383,382
1,388,401
1,389,461
1,399,390
1,404,391
1,445,392
1,393,400
1,394,449
1,450,395
1,396,422
1,397,423
1,398,413
1,402,403
1,416,405
1,415,406
1,414,407
1,418,408
1,409,411
1,421,410
1,427,412
1,452,417
1,419,424
1,420,462
1,425,426
1,439,428
1,437,429
1,430,458
1,431,438
1,432,459
1,460,433
1,443,434
1,435,436
1,440,464
1,441,463
1,455,442
1,448,444
1,446,453
1,451,447
1,465,454
1,457,456
1,475,466
1,483,467
1,468,476
1,523,469
1,470,540
1,471,484
1,472,473
1,474,491
1,477,498
1,478,490
1,479,482
1,480,521
1,481,488
1,485,541
1,486,524
1,496,487
1,489,499
1,492,493
1,497,494
1,520,495
1,526,500
1,501,513
1,512,502
1,518,503
1,522,504
1,525,505
1,506,543
1,507,508
1,509,511
1,510,538
1,528,514
1,516,515
1,531,517
1,519,542
1,547,527
1,544,529
1,530,535
1,532,545
1,534,533
1,546,536
1,539,537
1,565,548
1,554,549
1,556,550
1,551,567
1,552,557
1,553,566
1,570,555
1,558,573
1,559,561
1,560,568
1,564,562
1,572,563
1,569,571
1,574,595
1,596,575
1,576,587
1,577,583
1,586,578
1,585,579
1,580,590
1,612,581
1,594,582
1,584,589
1,588,597
1,599,591
1,592,593
1,598,614
1,600,606
1,601,620
1,602,603
1,608,604
1,605,607
1,609,611
1,610,622
1,613,619
1,617,615
1,623,616
1,618,621
1,624,675
1,654,625
1,641,626
1,657,627
1,628,631
1,676,629
1,635,630
1,632,636
1,633,663
1,634,637
1,639,638
1,640,646
1,643,642
1,644,647
1,659,645
1,648,670
1,665,649
1,673,650
1,674,651
1,652,678
1,656,653
1,667,655
1,658,669
1,679,660
1,661,677
1,662,668
1,664,666
1,672,671
2,0,7
2,1,2
2,3,8
2,24,4
2,5,17
2,6,9
2,10,21
2,18,11
2,12,19
2,14,13
2,23,15
2,25,16
2,20,22
2,26,30
2,27,36
2,28,35
2,31,29
2,32,33
2,37,34
2,38,43
2,39,53
2,40,44
2,41,52
2,42,46
2,51,45
2,48,47
2,49,50
2,68,54
2,55,59
2,56,58
2,57,71
2,70,60
2,61,62
2,67,63
2,65,64
2,69,66
2,72,118
2,100,73
2,147,74
2,78,75
2,76,105
2,77,91
2,79,125
2,80,101
2,97,81
2,82,131
2,130,83
2,93,84
2,85,90
2,89,86
2,87,102
2,88,103
2,92,94
2,95,98
2,104,96
2,99,137
2,142,106
2,126,107
2,108,139
2,109,149
2,110,146
2,127,111
2,112,144
2,113,124
2,133,114
2,141,115
2,143,116
2,117,138
2,119,145
2,129,120
2,121,122
2,123,135
2,132,128
2,136,134
2,148,140
2,150,151
2,152,228
2,153,162
2,158,154
2,155,160
2,156,179
2,176,157
2,235,159
2,161,163
2,164,175
2,224,165
2,217,166
2,171,167
2,168,170
2,172,169
2,173,236
2,190,174
2,177,186
2,187,178
2,213,180
2,181,215
2,182,206
2,203,183
2,184,194
2,212,185
2,214,188
2,189,219
2,191,226
2,192,237
2,205,193
2,195,209
2,201,196
2,197,222
2,198,199
2,220,200
2,233,202
2,216,204
2,207,208
2,232,210
2,225,211
2,218,223
2,229,221
2,227,230
2,231,234
2,253,238
2,247,239
2,240,249
2,242,241
2,250,243
2,244,245
2,248,246
2,251,252
2,286,254
2,262,255
2,256,264
2,273,257
2,265,258
2,259,287
2,266,260
2,261,274
2,263,270
2,272,267
2,268,288
2,269,271
2,279,275
2,284,276
2,277,290
2,291,278
2,296,280
2,292,281
2,283,282
2,295,285
2,289,293
2,299,294
2,298,297
2,300,342
2,317,301
2,303,302
2,305,304
2,307,306
2,308,318
2,314,309
2,310,349
2,311,335
2,312,315
2,316,313
2,320,319
2,321,334
2,332,322
2,353,323
2,339,324
2,347,325
2,326,343
2,340,327
2,329,328
2,331,330
2,337,333
2,336,351
2,344,338
2,352,341
2,345,350
2,348,346
2,354,357
2,384,355
2,374,356
2,359,358
2,366,360
2,361,364
2,362,367
2,363,365
2,387,368
2,369,370
2,378,371
2,372,375
2,373,383
2,377,376
2,379,381
2,380,386
2,385,382
2,388,396
2,389,443
2,390,400
2,402,391
2,392,420
2,444,393
2,394,395
2,397,425
2,421,398
2,410,399
2,401,411
2,403,408
2,406,404
2,405,452
2,407,415
2,423,409
2,412,465
2,413,414
2,417,416
2,426,418
2,447,419
2,422,424
2,456,427
2,428,436
2,462,429
2,459,430
2,431,442
2,454,432
2,433,439
2,453,434
2,446,435
2,438,437
2,440,458
2,441,455
2,449,445
2,457,448
2,450,451
2,461,460
2,464,463
2,466,468
2,482,467
2,469,477
2,473,470
2,471,485
2,484,472
2,524,474
2,494,475
2,476,480
2,504,478
2,481,479
2,541,483
2,486,492
2,487,493
2,488,497
2,503,489
2,491,490
2,495,537
2,496,522
2,498,532
2,499,525
2,500,544
2,547,501
2,502,518
2,505,530
2,506,519
2,514,507
2,508,526
2,543,509
2,533,510
2,534,511
2,512,546
2,513,528
2,515,531
2,517,516
2,539,520
2,521,523
2,527,536
2,529,538
2,545,535
2,542,540
2,548,558
2,549,564
2,550,567
2,554,551
2,552,553
2,555,557
2,566,556
2,559,572
2,573,560
2,561,570
2,562,565
2,563,571
2,568,569
2,621,574
2,575,577
2,609,576
2,611,578
2,579,584
2,583,580
2,581,588
2,597,582
2,594,585
2,593,586
2,587,612
2,589,592
2,595,590
2,591,596
2,622,598
2,605,599
2,600,615
2,619,601
2,620,602
2,603,613
2,604,623
2,606,618
2,607,610
2,608,614
2,616,617
2,640,624
2,649,625
2,626,648
2,637,627
2,628,643
2,629,639
2,630,659
2,631,657
2,638,632
2,633,645
2,663,634
2,636,635
2,646,641
2,651,642
2,670,644
2,647,654
2,650,676
2,671,652
2,653,661
2,655,674
2,669,656
2,668,658
2,660,678
2,662,665
2,672,664
2,666,673
2,667,679
2,675,677
3,0,4
3,6,1
3,2,17
3,9,3
3,24,5
3,15,7
3,16,8
3,20,10
3,11,13
3,22,12
3,23,14
3,19,18
3,21,25
3,26,31
3,27,37
3,33,28
3,29,36
3,30,35
3,34,32
3,46,38
3,43,39
3,54,40
3,45,41
3,47,42
3,44,48
3,52,49
3,50,51
3,53,55
3,68,56
3,59,57
3,66,58
3,60,63
3,69,61
3,62,67
3,64,71
3,65,70
3,106,72
3,73,91
3,74,87
3,75,129
3,76,99
3,89,77
3,79,78
3,102,80
3,81,88
3,92,82
3,132,83
3,84,104
3,86,85
3,90,100
3,137,93
3,94,130
3,101,95
3,98,96
3,125,97
3,103,105
3,107,148
3,138,108
3,109,142
3,144,110
3,111,146
3,112,113
3,114,143
3,115,123
3,116,139
3,117,140
3,118,124
3,122,119
3,120,147
3,145,121
3,134,126
3,127,135
3,131,128
3,141,133
3,149,136
3,183,150
3,151,177
3,215,152
3,173,153
3,154,156
3,170,155
3,179,157
3,158,168
3,161,159
3,160,236
3,196,162
3,163,235
3,165,164
3,166,172
3,167,181
3,169,176
3,171,213
3,218,174
3,175,224
3,188,178
3,180,194
3,186,182
3,185,184
3,214,187
3,220,189
3,219,190
3,228,191
3,209,192
3,193,207
3,200,195
3,226,197
3,198,225
3,210,199
3,201,230
3,202,237
3,203,208
3,204,231
3,234,205
3,206,212
3,211,216
3,223,217
3,221,227
3,222,232
3,229,233
3,242,238
3,241,239
3,247,240
3,243,251
3,248,244
3,250,245
3,246,249
3,252,253
3,267,254
3,255,261
3,287,256
3,257,260
3,258,259
3,268,262
3,263,266
3,264,272
3,265,273
3,270,269
3,271,288
3,274,298
3,275,296
3,276,277
3,278,295
3,285,279
3,297,280
3,281,293
3,284,282
3,290,283
3,292,286
3,289,299
3,294,291
3,322,300
3,301,308
3,302,353
3,309,303
3,304,320
3,307,305
3,306,310
3,318,311
3,319,312
3,313,342
3,314,331
3,330,315
3,325,316
3,333,317
3,321,337
3,323,339
3,324,348
3,328,326
3,327,345
3,350,329
3,332,347
3,334,335
3,349,336
3,338,346
3,344,340
3,341,351
3,343,352
3,354,384
3,374,355
3,356,367
3,357,369
3,365,358
3,364,359
3,360,379
3,362,361
3,366,363
3,368,378
3,370,373
3,371,372
3,386,375
3,376,383
3,377,385
3,381,380
3,382,387
3,443,388
3,396,389
3,445,390
3,391,413
3,393,392
3,400,394
3,395,419
3,414,397
3,398,425
3,411,399
3,401,422
3,406,402
3,403,407
3,408,404
3,418,405
3,409,410
3,412,426
3,415,421
3,451,416
3,417,427
3,449,420
3,423,447
3,424,450
3,460,428
3,429,459
3,437,430
3,463,431
3,432,464
3,433,435
3,434,439
3,436,446
3,458,438
3,442,440
3,454,441
3,462,444
3,448,452
3,461,453
3,455,457
3,465,456
3,482,466
3,467,481
3,468,495
3,513,469
3,470,542
3,472,471
3,540,473
3,492,474
3,479,475
3,497,476
3,477,478
3,480,488
3,485,483
3,519,484
3,487,486
3,518,489
3,490,522
3,504,491
3,493,524
3,494,523
3,521,496
3,499,498
3,507,500
3,501,512
3,528,502
3,532,503
3,505,529
3,541,506
3,508,531
3,533,509
3,510,525
3,511,543
3,516,514
3,537,515
3,527,517
3,546,520
3,526,534
3,530,544
3,535,547
3,536,539
3,538,545
3,568,548
3,549,552
3,557,550
3,553,551
3,558,554
3,555,566
3,567,556
3,564,559
3,560,563
3,561,565
3,571,562
3,570,569
3,572,573
3,574,602
3,575,588
3,578,576
3,577,581
3,579,591
3,580,609
3,582,583
3,592,584
3,586,585
3,596,587
3,590,589
3,612,593
3,595,594
3,597,611
3,598,608
3,623,599
3,610,600
3,601,621
3,606,603
3,622,604
3,616,605
3,614,607
3,613,620
3,615,619
3,617,618
3,624,636
3,625,641
3,647,626
3,627,628
3,674,629
3,644,630
3,631,633
3,632,646
3,634,657
3,648,635
3,637,638
3,643,639
3,659,640
3,642,671
3,645,663
3,653,649
3,678,650
3,676,651
3,655,652
3,658,654
3,656,675
3,660,667
3,665,661
3,677,662
3,669,664
3,668,666
3,679,670
3,673,672
4,1,0
4,5,2
4,3,16
4,4,9
4,8,6
4,7,24
4,18,10
4,11,12
4,13,23
4,14,21
4,17,15
4,22,19
4,25,20
4,35,26
4,31,27
4,36,28
4,32,29
4,37,30
4,34,33
4,38,42
4,48,39
4,49,40
4,41,68
4,71,43
4,55,44
4,45,46
4,47,54
4,50,56
4,51,52
4,58,53
4,57,61
4,60,59
4,66,62
4,63,64
4,67,65
4,70,69
4,144,72
4,73,137
4,128,74
4,75,120
4,100,76
4,77,90
4,78,81
4,97,79
4,80,98
4,82,132
4,83,86
4,85,84
4,87,88
4,91,89
4,93,92
4,136,94
4,104,95
4,96,125
4,105,99
4,101,102
4,130,103
4,115,106
4,139,107
4,116,108
4,138,109
4,110,112
4,135,111
4,123,113
4,124,114
4,126,117
4,118,122
4,119,121
4,133,127
4,129,131
4,147,134
4,140,141
4,142,143
4,146,145
4,148,149
4,150,228
4,194,151
4,152,180
4,166,153
4,154,170
4,155,173
4,156,231
4,157,171
4,232,158
4,159,160
4,162,161
4,163,172
4,164,218
4,174,165
4,167,169
4,176,168
4,175,188
4,177,184
4,178,215
4,234,179
4,181,214
4,182,183
4,185,186
4,213,187
4,189,221
4,190,223
4,193,191
4,192,200
4,230,195
4,196,235
4,197,198
4,199,226
4,237,201
4,209,202
4,212,203
4,210,204
4,206,205
4,207,216
4,208,211
4,217,224
4,233,219
4,227,220
4,225,222
4,236,229
4,238,241
4,239,243
4,240,246
4,245,242
4,249,244
4,253,247
4,251,248
4,252,250
4,254,265
4,266,255
4,256,270
4,274,257
4,258,272
4,271,259
4,260,268
4,288,261
4,262,263
4,269,264
4,273,267
4,275,278
4,276,290
4,277,297
4,279,284
4,280,283
4,281,289
4,282,294
4,296,285
4,286,299
4,287,295
4,291,292
4,293,298
4,317,300
4,301,322
4,309,302
4,303,304
4,305,334
4,306,314
4,335,307
4,308,331
4,310,333
4,315,311
4,312,321
4,319,313
4,316,323
4,318,330
4,341,320
4,324,332
4,338,325
4,326,345
4,329,327
4,340,328
4,336,344
4,342,337
4,348,339
4,343,350
4,346,347
4,353,349
4,351,352
4,385,354
4,355,370
4,356,357
4,358,380
4,359,363
4,360,362
4,367,361
4,379,364
4,376,365
4,381,366
4,368,384
4,369,382
4,375,371
4,372,387
4,373,374
4,383,377
4,378,386
4,388,460
4,435,389
4,390,444
4,427,391
4,419,392
4,445,393
4,399,394
4,420,395
4,425,396
4,397,398
4,400,410
4,409,401
4,407,402
4,452,403
4,404,417
4,447,405
4,408,406
4,424,411
4,428,412
4,413,421
4,415,414
4,416,418
4,422,423
4,426,456
4,464,429
4,430,465
4,431,462
4,463,432
4,453,433
4,434,436
4,458,437
4,438,459
4,439,461
4,440,455
4,442,441
4,446,443
4,450,448
4,451,449
4,457,454
4,496,466
4,473,467
4,468,546
4,469,532
4,470,541
4,483,471
4,481,472
4,474,487
4,475,486
4,476,482
4,490,477
4,478,492
4,488,479
4,495,480
4,484,540
4,542,485
4,489,498
4,491,493
4,524,494
4,523,497
4,529,499
4,509,500
4,501,502
4,503,504
4,544,505
4,538,506
4,507,533
4,534,508
4,510,511
4,512,516
4,520,513
4,514,518
4,517,515
4,525,519
4,522,521
4,543,526
4,537,527
4,535,528
4,545,530
4,531,536
4,547,539
4,573,548
4,551,549
4,550,555
4,566,552
4,554,553
4,556,557
4,558,564
4,569,559
4,562,560
4,572,561
4,563,570
4,565,571
4,567,568
4,601,574
4,602,575
4,576,579
4,577,596
4,591,578
4,584,580
4,581,583
4,588,582
4,585,592
4,589,586
4,587,597
4,594,590
4,593,595
4,598,623
4,599,615
4,600,622
4,618,603
4,604,616
4,614,605
4,619,606
4,608,607
4,609,612
4,610,611
4,621,613
4,620,617
4,641,624
4,636,625
4,626,644
4,639,627
4,628,632
4,657,629
4,630,648
4,643,631
4,633,637
4,646,634
4,635,647
4,645,638
4,654,640
4,674,642
4,656,649
4,650,660
4,652,651
4,675,653
4,679,655
4,658,677
4,663,659
4,661,669
4,666,662
4,664,668
4,665,673
4,667,672
4,670,678
4,671,676
5,0,2
5,1,8
5,6,3
5,4,16
5,15,5
5,7,17
5,9,24
5,10,11
5,12,18
5,13,20
5,14,22
5,21,19
5,23,25
5,26,37
5,28,27
5,35,29
5,30,34
5,31,32
5,33,36
5,52,38
5,39,41
5,40,53
5,42,48
5,43,45
5,56,44
5,46,68
5,55,47
5,51,49
5,65,50
5,54,58
5,64,57
5,63,59
5,69,60
5,61,66
5,70,62
5,71,67
5,72,100
5,77,73
5,74,78
5,79,75
5,92,76
5,80,119
5,81,87
5,86,82
5,84,83
5,91,85
5,88,101
5,105,89
5,99,90
5,94,93
5,95,97
5,102,96
5,125,98
5,103,104
5,141,106
5,134,107
5,108,117
5,143,109
5,110,127
5,122,111
5,112,135
5,113,146
5,114,115
5,149,116
5,121,118
5,120,126
5,124,123
5,129,128
5,132,130
5,131,147
5,133,142
5,137,136
5,140,138
5,148,139
5,145,144
5,186,150
5,151,182
5,152,194
5,153,154
5,155,162
5,156,176
5,172,157
5,158,171
5,173,159
5,160,163
5,236,161
5,223,164
5,165,178
5,224,166
5,168,167
5,218,169
5,170,217
5,189,174
5,187,175
5,203,177
5,179,232
5,180,214
5,188,181
5,183,185
5,184,212
5,221,190
5,191,206
5,197,192
5,216,193
5,195,220
5,229,196
5,198,209
5,199,208
5,200,230
5,202,201
5,205,204
5,225,207
5,226,210
5,231,211
5,213,215
5,219,227
5,222,234
5,228,233
5,235,237
5,245,238
5,239,240
5,241,246
5,242,253
5,249,243
5,244,251
5,247,250
5,248,252
5,294,254
5,263,255
5,256,258
5,268,257
5,259,265
5,260,274
5,261,262
5,264,271
5,267,266
5,272,269
5,270,273
5,290,275
5,297,276
5,277,296
5,278,284
5,295,279
5,298,280
5,299,281
5,292,282
5,283,293
5,285,291
5,286,289
5,288,287
5,300,316
5,346,301
5,302,349
5,303,306
5,310,304
5,314,305
5,333,307
5,322,308
5,335,309
5,311,319
5,334,312
5,337,313
5,317,315
5,331,318
5,320,342
5,330,321
5,323,338
5,347,324
5,339,325
5,352,326
5,327,341
5,351,328
5,340,329
5,332,348
5,345,336
5,344,343
5,350,353
5,354,369
5,362,355
5,373,356
5,357,367
5,358,366
5,380,359
5,364,360
5,361,368
5,363,381
5,371,365
5,370,382
5,384,372
5,374,377
5,387,375
5,378,376
5,386,379
5,383,385
5,389,388
5,393,390
5,391,408
5,392,395
5,394,420
5,396,415
5,401,397
5,414,398
5,399,400
5,402,417
5,404,403
5,405,450
5,413,406
5,447,407
5,421,409
5,410,424
5,411,422
5,412,416
5,418,451
5,423,419
5,425,436
5,426,427
5,428,434
5,429,458
5,430,432
5,441,431
5,433,446
5,461,435
5,437,442
5,438,440
5,443,439
5,444,445
5,448,462
5,449,457
5,456,452
5,460,453
5,454,464
5,465,455
5,459,463
5,466,480
5,475,467
5,488,468
5,518,469
5,472,470
5,471,482
5,473,481
5,486,474
5,479,476
5,491,477
5,478,503
5,540,483
5,485,484
5,487,524
5,489,545
5,493,490
5,499,492
5,494,522
5,546,495
5,523,496
5,497,521
5,498,529
5,500,508
5,528,501
5,502,516
5,504,532
5,511,505
5,506,510
5,526,507
5,509,534
5,512,520
5,513,514
5,515,527
5,539,517
5,519,541
5,525,544
5,530,538
5,547,531
5,533,535
5,536,537
5,542,543
5,548,554
5,549,558
5,552,550
5,551,566
5,556,553
5,555,569
5,557,567
5,559,562
5,560,572
5,561,571
5,573,563
5,565,564
5,568,570
5,575,574
5,576,585
5,582,577
5,578,590
5,579,580
5,581,587
5,583,588
5,593,584
5,586,592
5,589,594
5,591,610
5,612,595
5,611,596
5,597,609
5,607,598
5,608,599
5,616,600
5,618,601
5,619,602
5,603,620
5,604,614
5,605,615
5,606,621
5,613,617
5,622,623
5,624,637
5,625,635
5,670,626
5,629,627
5,642,628
5,630,647
5,638,631
5,641,632
5,633,639
5,634,659
5,640,636
5,657,643
5,644,645
5,646,663
5,678,648
5,649,658
5,650,652
5,651,671
5,677,653
5,654,656
5,672,655
5,660,674
5,661,664
5,662,675
5,668,665
5,669,666
5,673,667
5,676,679
6,6,0
6,3,1
6,2,7
6,8,4
6,9,5
6,16,10
6,19,11
6,12,23
6,22,13
6,18,14
6,24,15
6,17,25
6,20,21
6,32,26
6,27,33
6,28,30
6,29,34
6,37,31
6,36,35
6,38,51
6,44,39
6,56,40
6,41,47
6,68,42
6,52,43
6,48,45
6,54,46
6,53,49
6,67,50
6,58,55
6,57,69
6,59,61
6,60,71
6,62,63
6,64,70
6,66,65
6,119,72
6,90,73
6,79,74
6,75,97
6,76,86
6,92,77
6,95,78
6,104,80
6,98,81
6,85,82
6,94,83
6,89,84
6,87,103
6,102,88
6,99,91
6,93,131
6,96,101
6,100,105
6,106,112
6,107,108
6,109,115
6,135,110
6,111,113
6,121,114
6,138,116
6,117,147
6,118,145
6,136,120
6,123,122
6,127,124
6,132,125
6,126,128
6,130,129
6,143,133
6,134,148
6,149,137
6,139,141
6,142,140
6,146,144
6,150,182
6,151,186
6,184,152
6,153,159
6,157,154
6,172,155
6,232,156
6,167,158
6,162,160
6,161,235
6,163,236
6,164,187
6,175,165
6,169,166
6,171,168
6,176,170
6,173,196
6,174,217
6,177,228
6,178,180
6,204,179
6,181,223
6,212,183
6,185,194
6,215,188
6,190,189
6,191,225
6,201,192
6,211,193
6,195,227
6,230,197
6,208,198
6,209,199
6,202,200
6,207,203
6,210,205
6,226,206
6,214,213
6,234,216
6,224,218
6,221,219
6,220,233
6,222,231
6,237,229
6,246,238
6,250,239
6,240,242
6,251,241
6,243,244
6,253,245
6,247,248
6,252,249
6,254,268
6,255,274
6,259,256
6,257,264
6,258,287
6,262,260
6,266,261
6,263,267
6,265,270
6,273,269
6,271,272
6,299,275
6,276,285
6,284,277
6,297,278
6,296,279
6,280,292
6,291,281
6,282,286
6,289,283
6,295,288
6,298,290
6,293,294
6,330,300
6,301,331
6,306,302
6,353,303
6,304,309
6,349,305
6,307,310
6,308,317
6,311,337
6,312,335
6,313,340
6,315,314
6,316,319
6,321,318
6,322,320
6,325,323
6,324,346
6,326,344
6,327,350
6,328,352
6,336,329
6,332,338
6,334,333
6,343,339
6,342,341
6,345,351
6,348,347
6,362,354
6,355,356
6,384,357
6,360,358
6,359,361
6,380,363
6,366,364
6,365,379
6,367,378
6,372,368
6,369,374
6,377,370
6,382,371
6,385,373
6,375,383
6,376,387
6,381,386
6,436,388
6,460,389
6,390,420
6,406,391
6,392,444
6,394,393
6,395,399
6,414,396
6,424,397
6,398,401
6,419,400
6,402,418
6,403,416
6,405,404
6,407,408
6,409,422
6,411,410
6,432,412
6,415,413
6,417,426
6,423,421
6,457,425
6,427,465
6,433,428
6,429,438
6,454,430
6,431,440
6,434,461
6,435,443
6,441,437
6,439,446
6,442,463
6,448,445
6,450,447
6,462,449
6,452,451
6,453,458
6,455,456
6,464,459
6,466,488
6,467,485
6,468,481
6,469,503
6,470,471
6,540,472
6,541,473
6,474,490
6,482,475
6,521,476
6,477,504
6,498,478
6,524,479
6,480,497
6,519,483
6,484,542
6,493,486
6,487,499
6,513,489
6,492,491
6,496,494
6,495,536
6,500,530
6,501,517
6,502,520
6,505,545
6,506,525
6,507,509
6,508,543
6,534,510
6,511,526
6,537,512
6,514,535
6,546,515
6,516,547
6,532,518
6,522,523
6,527,539
6,528,531
6,529,533
6,544,538
6,564,548
6,549,557
6,550,551
6,552,556
6,553,558
6,566,554
6,555,561
6,571,559
6,569,560
6,570,562
6,563,565
6,567,573
6,568,572
6,574,586
6,575,601
6,580,576
6,577,597
6,578,584
6,590,579
6,596,581
6,587,582
6,612,583
6,585,593
6,611,588
6,595,589
6,614,591
6,592,594
6,598,605
6,599,616
6,617,600
6,602,606
6,603,621
6,615,604
6,622,607
6,623,608
6,609,610
6,613,618
6,620,619
6,624,625
6,626,630
6,627,671
6,674,628
6,629,643
6,631,634
6,632,640
6,638,633
6,645,635
6,636,641
6,637,639
6,642,657
6,644,663
6,659,646
6,647,670
6,648,676
6,666,649
6,667,650
6,651,672
6,652,660
6,653,668
6,664,654
6,655,678
6,656,658
6,675,661
6,669,662
6,677,665
6,679,673
7,0,3
7,1,7
7,2,6
7,5,4
7,8,9
7,10,14
7,11,17
7,20,12
7,13,18
7,15,16
7,25,19
7,21,22
7,23,24
7,26,36
7,34,27
7,29,28
7,33,30
7,31,35
7,37,32
7,71,38
7,39,51
7,55,40
7,42,41
7,43,68
7,46,44
7,45,52
7,47,56
7,53,48
7,49,54
7,50,58
7,63,57
7,70,59
7,65,60
7,61,64
7,69,62
7,66,67
7,87,72
7,73,106
7,120,74
7,75,81
7,90,76
7,77,99
7,78,98
7,147,79
7,80,100
7,82,94
7,83,93
7,91,84
7,85,89
7,86,92
7,88,104
7,125,95
7,97,96
7,101,105
7,103,102
7,140,107
7,108,134
7,114,109
7,110,121
7,145,111
7,146,112
7,113,135
7,115,142
7,116,148
7,117,149
7,133,118
7,123,119
7,124,122
7,126,136
7,144,127
7,128,137
7,129,132
7,130,131
7,138,139
7,141,143
7,185,150
7,152,151
7,161,153
7,154,168
7,159,155
7,156,171
7,157,214
7,158,176
7,160,235
7,236,162
7,163,173
7,164,174
7,165,187
7,166,218
7,179,167
7,181,169
7,170,172
7,217,175
7,194,177
7,189,178
7,180,215
7,182,203
7,183,184
7,212,186
7,213,188
7,227,190
7,208,191
7,192,230
7,193,210
7,197,195
7,196,202
7,198,226
7,199,225
7,237,200
7,201,209
7,204,234
7,205,232
7,206,207
7,211,222
7,231,216
7,229,219
7,228,220
7,233,221
7,223,224
7,238,239
7,241,240
7,250,242
7,252,243
7,244,247
7,245,246
7,248,253
7,251,249
7,274,254
7,255,257
7,256,271
7,262,258
7,269,259
7,267,260
7,261,268
7,288,263
7,264,265
7,273,266
7,272,270
7,275,297
7,276,296
7,277,285
7,279,278
7,289,280
7,281,283
7,282,299
7,284,291
7,286,293
7,287,298
7,290,295
7,292,294
7,301,300
7,302,310
7,305,303
7,337,304
7,309,306
7,307,334
7,315,308
7,333,311
7,318,312
7,313,332
7,314,335
7,316,322
7,317,330
7,319,342
7,320,340
7,331,321
7,323,348
7,338,324
7,344,325
7,351,326
7,352,327
7,336,328
7,329,345
7,339,347
7,341,343
7,346,353
7,349,350
7,354,373
7,366,355
7,356,384
7,357,362
7,363,358
7,379,359
7,361,360
7,381,364
7,365,378
7,372,367
7,368,380
7,385,369
7,370,374
7,371,383
7,375,376
7,377,382
7,386,387
7,388,461
7,410,389
7,390,392
7,391,415
7,393,419
7,445,394
7,400,395
7,397,396
7,422,398
7,399,409
7,401,424
7,404,402
7,403,405
7,447,406
7,413,407
7,408,414
7,421,411
7,412,425
7,416,426
7,417,418
7,420,448
7,451,423
7,427,457
7,446,428
7,431,429
7,438,430
7,432,455
7,436,433
7,435,434
7,437,464
7,453,439
7,440,441
7,442,462
7,443,460
7,444,452
7,449,450
7,456,454
7,458,459
7,463,465
7,476,466
7,467,484
7,536,468
7,469,489
7,483,470
7,471,540
7,485,472
7,482,473
7,478,474
7,481,475
7,477,518
7,479,487
7,503,480
7,486,494
7,488,496
7,490,523
7,521,491
7,492,524
7,532,493
7,515,495
7,522,497
7,530,498
7,545,499
7,510,500
7,520,501
7,547,502
7,504,513
7,538,505
7,509,506
7,531,507
7,514,508
7,544,511
7,539,512
7,516,537
7,517,528
7,543,519
7,525,529
7,533,526
7,527,546
7,535,534
7,542,541
7,548,549
7,553,550
7,551,552
7,554,556
7,573,555
7,557,566
7,558,568
7,559,565
7,571,560
7,562,561
7,564,563
7,570,567
7,572,569
7,574,603
7,597,575
7,576,611
7,594,577
7,579,578
7,580,586
7,589,581
7,582,612
7,583,587
7,584,585
7,588,596
7,590,593
7,609,591
7,595,592
7,604,598
7,599,607
7,600,623
7,601,613
7,618,602
7,608,605
7,620,606
7,610,614
7,615,622
7,616,619
7,621,617
7,632,624
7,625,647
7,636,626
7,631,627
7,628,657
7,660,629
7,633,630
7,645,634
7,635,644
7,646,637
7,659,638
7,639,642
7,640,641
7,643,674
7,663,648
7,649,677
7,650,651
7,652,672
7,658,653
7,670,654
7,671,655
7,662,656
7,661,666
7,673,664
7,665,669
7,667,676
7,668,675
7,678,679
8,9,0
8,15,1
8,4,2
8,5,3
8,24,6
8,7,8
8,10,19
8,11,21
8,12,13
8,14,20
8,17,16
8,18,25
8,22,23
8,28,26
8,32,27
8,30,29
8,36,31
8,33,37
8,35,34
8,38,68
8,39,42
8,40,58
8,41,43
8,44,45
8,47,46
8,48,54
8,49,66
8,52,50
8,51,53
8,55,56
8,60,57
8,59,62
8,61,65
8,71,63
8,64,69
8,70,67
8,72,99
8,76,73
8,74,88
8,98,75
8,100,77
8,78,97
8,81,79
8,80,103
8,84,82
8,83,85
8,125,86
8,101,87
8,89,90
8,105,91
8,136,92
8,93,130
8,94,129
8,96,95
8,102,104
8,106,133
8,107,117
8,147,108
8,141,109
8,145,110
8,111,144
8,112,123
8,127,113
8,142,114
8,121,115
8,140,116
8,119,118
8,120,128
8,122,135
8,124,146
8,137,126
8,131,132
8,134,149
8,148,138
8,143,139
8,150,180
8,151,184
8,177,152
8,172,153
8,155,154
8,167,156
8,168,157
8,179,158
8,159,162
8,160,161
8,166,163
8,178,164
8,188,165
8,169,217
8,218,170
8,171,176
8,235,173
8,174,175
8,213,181
8,182,185
8,186,183
8,187,223
8,227,189
8,190,233
8,203,191
8,192,199
8,193,234
8,228,194
8,219,195
8,200,196
8,209,197
8,198,230
8,220,201
8,229,202
8,225,204
8,205,211
8,216,206
8,207,212
8,226,208
8,210,222
8,215,214
8,224,221
8,232,231
8,236,237
8,240,238
8,239,245
8,253,241
8,242,243
8,244,252
8,246,251
8,249,247
8,248,250
8,254,257
8,260,255
8,288,256
8,258,264
8,270,259
8,263,261
8,266,262
8,271,265
8,267,269
8,268,274
8,272,273
8,275,295
8,298,276
8,278,277
8,297,279
8,280,293
8,281,282
8,283,292
8,285,284
8,291,286
8,287,299
8,294,289
8,296,290
8,300,331
8,348,301
8,302,307
8,303,342
8,304,319
8,310,305
8,335,306
8,308,316
8,309,349
8,311,320
8,312,333
8,322,313
8,330,314
8,318,315
8,321,317
8,346,323
8,353,324
8,325,332
8,326,327
8,328,341
8,329,351
8,337,334
8,350,336
8,347,338
8,344,339
8,340,352
8,343,345
8,374,354
8,355,357
8,369,356
8,358,379
8,359,381
8,380,360
8,361,363
8,362,366
8,364,365
8,368,367
8,370,385
8,387,371
8,383,372
8,373,377
8,382,375
8,386,376
8,378,384
8,409,388
8,389,436
8,394,390
8,407,391
8,392,399
8,395,393
8,396,413
8,397,422
8,398,415
8,411,400
8,410,401
8,402,408
8,418,403
8,404,416
8,405,451
8,414,406
8,456,412
8,450,417
8,419,421
8,420,444
8,424,423
8,425,427
8,426,457
8,428,453
8,429,442
8,430,464
8,458,431
8,465,432
8,434,433
8,439,435
8,459,437
8,438,441
8,440,454
8,461,443
8,445,462
8,460,446
8,452,447
8,448,449
8,455,463
8,466,481
8,471,467
8,468,480
8,504,469
8,484,470
8,472,482
8,473,485
8,474,493
8,475,488
8,476,495
8,523,477
8,478,521
8,479,486
8,483,542
8,494,487
8,489,514
8,524,490
8,491,522
8,498,492
8,497,496
8,499,532
8,543,500
8,518,501
8,502,517
8,503,513
8,505,533
8,511,506
8,534,507
8,508,535
8,509,544
8,526,510
8,512,547
8,515,536
8,531,516
8,519,538
8,520,537
8,545,525
8,528,527
8,530,529
8,546,539
8,541,540
8,548,553
8,565,549
8,550,570
8,551,557
8,554,552
8,556,555
8,569,558
8,560,559
8,561,563
8,562,568
8,572,564
8,566,567
8,573,571
8,584,574
8,603,575
8,586,576
8,577,595
8,585,578
8,579,609
8,591,580
8,581,582
8,594,583
8,588,587
8,593,589
8,592,590
8,596,597
8,598,616
8,614,599
8,600,618
8,606,601
8,602,613
8,605,604
8,607,615
8,622,608
8,623,610
8,611,612
8,619,617
8,621,620
8,624,638
8,625,677
8,626,640
8,627,642
8,639,628
8,629,631
8,630,636
8,643,632
8,646,633
8,634,644
8,641,635
8,637,659
8,648,645
8,647,679
8,654,649
8,655,650
8,651,673
8,674,652
8,666,653
8,668,656
8,657,663
8,664,658
8,660,671
8,662,661
8,672,665
8,670,667
8,675,669
8,676,678
9,24,0
9,1,4
9,3,2
9,16,5
9,6,17
9,7,9
9,8,15
9,13,10
9,23,11
9,12,14
9,21,18
9,19,20
9,25,22
9,27,26
9,28,37
9,29,33
9,36,30
9,34,31
9,32,35
9,38,41
9,68,39
9,40,48
9,42,52
9,43,51
9,44,53
9,45,47
9,56,46
9,58,49
9,50,66
9,54,55
9,57,70
9,59,64
9,62,60
9,63,61
9,65,71
9,67,69
9,72,80
9,115,73
9,74,75
9,89,76
9,105,77
9,88,78
9,79,120
9,81,96
9,82,130
9,92,83
9,86,84
9,93,85
9,104,87
9,90,91
9,132,94
9,95,102
9,97,98
9,99,100
9,103,101
9,106,114
9,149,107
9,108,140
9,109,137
9,113,110
9,111,112
9,116,134
9,117,148
9,118,146
9,119,144
9,123,121
9,122,133
9,135,124
9,131,125
9,129,126
9,127,145
9,128,147
9,136,141
9,143,138
9,139,142
9,152,150
9,214,151
9,153,155
9,154,167
9,168,156
9,158,157
9,196,159
9,172,160
9,173,161
9,162,163
9,164,213
9,215,165
9,176,166
9,169,170
9,171,181
9,223,174
9,175,178
9,177,189
9,231,179
9,180,185
9,212,182
9,194,183
9,184,186
9,187,188
9,224,190
9,191,207
9,202,192
9,204,193
9,195,201
9,199,197
9,237,198
9,200,229
9,206,203
9,216,205
9,225,208
9,230,209
9,211,210
9,217,218
9,219,228
9,221,220
9,222,226
9,233,227
9,234,232
9,235,236
9,238,252
9,242,239
9,240,244
9,241,248
9,243,245
9,246,253
9,247,251
9,249,250
9,282,254
9,255,273
9,265,256
9,257,266
9,269,258
9,259,272
9,260,288
9,261,267
9,262,287
9,268,263
9,299,264
9,270,271
9,295,274
9,284,275
9,279,276
9,277,298
9,278,285
9,290,280
9,294,281
9,283,286
9,289,292
9,293,291
9,296,297
9,300,318
9,347,301
9,304,302
9,349,303
9,305,309
9,306,333
9,314,307
9,308,313
9,335,310
9,334,311
9,320,312
9,315,321
9,316,330
9,331,317
9,319,337
9,342,322
9,332,323
9,324,325
9,336,326
9,327,351
9,328,350
9,341,329
9,345,338
9,339,346
9,340,343
9,352,344
9,348,353
9,354,370
9,369,355
9,356,362
9,357,385
9,358,361
9,366,359
9,360,381
9,363,364
9,365,386
9,367,380
9,379,368
9,371,377
9,376,372
9,382,373
9,384,374
9,378,375
9,387,383
9,388,410
9,389,401
9,462,390
9,391,414
9,392,394
9,393,420
9,395,445
9,396,398
9,415,397
9,447,399
9,400,409
9,416,402
9,406,403
9,407,404
9,417,405
9,408,413
9,423,411
9,457,412
9,427,418
9,422,419
9,421,424
9,425,456
9,426,465
9,428,435
9,441,429
9,430,455
9,459,431
9,432,437
9,433,461
9,446,434
9,436,443
9,453,438
9,439,460
9,463,440
9,454,442
9,444,449
9,451,448
9,452,450
9,464,458
9,467,466
9,496,468
9,522,469
9,470,485
9,473,471
9,472,483
9,498,474
9,524,475
9,488,476
9,477,503
9,491,478
9,494,479
9,480,523
9,481,482
9,484,541
9,486,497
9,487,492
9,489,504
9,490,521
9,493,499
9,495,512
9,500,511
9,501,546
9,514,502
9,505,534
9,506,542
9,507,528
9,533,508
9,510,509
9,513,518
9,539,515
9,527,516
9,517,547
9,540,519
9,536,520
9,525,530
9,544,526
9,529,545
9,537,531
9,538,532
9,535,543
9,552,548
9,549,566
9,550,554
9,556,551
9,557,553
9,555,564
9,565,558
9,559,570
9,561,560
9,563,562
9,567,569
9,568,573
9,571,572
9,585,574
9,575,620
9,576,614
9,587,577
9,578,609
9,586,579
9,580,589
9,595,581
9,582,596
9,583,592
9,590,584
9,612,588
9,611,591
9,593,594
9,597,610
9,615,598
9,604,599
9,613,600
9,603,601
9,602,621
9,605,622
9,617,606
9,607,623
9,616,608
9,618,619
9,677,624
9,640,625
9,635,626
9,627,674
9,628,676
9,642,629
9,630,645
9,631,639
9,632,637
9,634,633
9,647,636
9,638,646
9,654,641
9,671,643
9,644,659
9,679,648
9,649,664
9,672,650
9,678,651
9,652,667
9,653,662
9,655,673
9,656,661
9,657,660
9,675,658
9,663,670
9,665,666
9,669,668
