154,Heuristic,i05,1
Time,Value 
Final, 221675,7231

Round,H_team,A_team 
0,1,0
0,9,2
0,3,11
0,4,5
0,6,13
0,7,10
0,8,19
0,12,15
0,14,17
0,16,23
0,20,18
0,22,21
0,24,53
0,29,25
0,79,26
0,38,27
0,28,61
0,32,30
0,80,31
0,33,48
0,35,34
0,87,36
0,41,37
0,45,39
0,46,40
0,42,54
0,43,52
0,58,44
0,88,47
0,85,49
0,50,56
0,51,86
0,55,60
0,57,59
0,62,93
0,94,63
0,65,64
0,66,75
0,95,67
0,69,68
0,72,70
0,71,84
0,81,73
0,74,91
0,76,77
0,78,92
0,82,83
0,89,90
0,103,96
0,118,97
0,108,98
0,114,99
0,107,100
0,106,101
0,116,102
0,111,104
0,105,123
0,109,177
0,120,110
0,159,112
0,153,113
0,125,115
0,117,140
0,119,151
0,121,173
0,150,122
0,124,127
0,152,126
0,134,128
0,129,133
0,146,130
0,142,131
0,132,155
0,135,170
0,144,136
0,148,137
0,138,167
0,139,149
0,175,141
0,145,143
0,147,179
0,178,154
0,156,176
0,161,157
0,158,160
0,162,166
0,180,163
0,174,164
0,165,169
0,168,171
0,172,181
0,182,189
0,183,187
0,184,193
0,186,185
0,188,192
0,190,191
0,194,212
0,207,195
0,196,233
0,197,206
0,208,198
0,202,199
0,205,200
0,201,230
0,203,204
0,209,213
0,210,221
0,214,211
0,215,232
0,238,216
0,219,217
0,218,237
0,220,223
0,222,225
0,228,224
0,226,236
0,227,231
0,229,234
0,239,235
0,240,291
0,241,294
0,250,242
0,243,249
0,289,244
0,245,273
0,253,246
0,258,247
0,248,261
0,276,251
0,272,252
0,255,254
0,279,256
0,257,259
0,260,271
0,287,262
0,263,292
0,264,265
0,266,288
0,267,275
0,268,269
0,270,290
0,274,293
0,283,277
0,278,285
0,281,280
0,286,282
0,295,284
0,296,298
0,297,325
0,307,299
0,324,300
0,301,323
0,308,302
0,305,303
0,322,304
0,327,306
0,312,309
0,317,310
0,311,326
0,314,313
0,315,320
0,316,321
0,319,318
0,328,334
0,329,378
0,330,368
0,421,331
0,332,348
0,379,333
0,335,340
0,336,339
0,359,337
0,338,357
0,341,343
0,342,363
0,344,358
0,373,345
0,347,346
0,370,349
0,361,350
0,351,356
0,355,352
0,407,353
0,354,360
0,362,375
0,364,408
0,365,371
0,366,367
0,369,402
0,414,372
0,374,413
0,411,376
0,393,377
0,380,383
0,395,381
0,382,385
0,384,399
0,386,388
0,404,387
0,410,389
0,390,415
0,392,391
0,394,400
0,396,397
0,398,409
0,401,417
0,416,403
0,405,406
0,412,420
0,419,418
0,422,427
0,423,460
0,424,433
0,435,425
0,497,426
0,432,428
0,429,441
0,446,430
0,431,459
0,470,434
0,436,481
0,437,448
0,438,439
0,451,440
0,442,443
0,444,453
0,445,469
0,455,447
0,449,450
0,475,452
0,454,476
0,456,501
0,457,461
0,468,458
0,499,462
0,463,490
0,489,464
0,491,465
0,485,466
0,483,467
0,471,472
0,473,474
0,482,477
0,498,478
0,479,492
0,480,484
0,486,487
0,496,488
0,494,493
0,495,500
0,502,523
0,506,503
0,504,514
0,507,505
0,522,508
0,526,509
0,519,510
0,521,511
0,513,512
0,520,515
0,516,518
0,517,525
0,524,527
0,564,528
0,529,552
0,530,563
0,550,531
0,560,532
0,583,533
0,540,534
0,535,571
0,539,536
0,547,537
0,538,551
0,541,542
0,548,543
0,544,549
0,546,545
0,553,554
0,555,582
0,556,558
0,565,557
0,566,559
0,574,561
0,577,562
0,567,578
0,579,568
0,570,569
0,576,572
0,573,575
0,580,581
0,624,584
0,586,585
0,595,587
0,592,588
0,599,589
0,590,607
0,591,596
0,593,597
0,594,598
0,600,612
0,609,601
0,602,603
0,614,604
0,621,605
0,615,606
0,623,608
0,626,610
0,616,611
0,619,613
0,617,625
0,618,620
0,627,622
0,628,648
0,629,644
0,639,630
0,638,631
0,635,632
0,637,633
0,646,634
0,647,636
0,640,642
0,641,649
0,643,645
0,650,668
0,674,651
0,672,652
0,686,653
0,658,654
0,655,664
0,676,656
0,671,657
0,659,667
0,660,662
0,663,661
0,669,665
0,675,666
0,687,670
0,695,673
0,691,677
0,678,683
0,689,679
0,680,685
0,690,681
0,682,694
0,684,693
0,692,688
0,699,696
0,700,697
0,705,698
0,702,701
0,703,708
0,704,718
0,706,725
0,714,707
0,709,737
0,726,710
0,712,711
0,716,713
0,735,715
0,717,730
0,719,738
0,720,732
0,739,721
0,736,722
0,723,733
0,727,724
0,729,728
0,734,731
0,740,746
0,741,742
0,754,743
0,755,744
0,749,745
0,752,747
0,753,748
0,751,750
0,756,766
0,769,757
0,778,758
0,759,761
0,764,760
0,762,767
0,781,763
0,765,779
0,770,768
0,775,771
0,774,772
0,782,773
0,776,786
0,780,777
0,783,787
0,784,785
0,788,789
0,790,807
0,817,791
0,792,810
0,793,800
0,794,797
0,795,796
0,798,813
0,803,799
0,801,805
0,802,815
0,816,804
0,812,806
0,811,808
0,809,814
1,0,17
1,8,1
1,3,2
1,7,4
1,5,6
1,13,9
1,11,10
1,23,12
1,19,14
1,15,22
1,18,16
1,20,21
1,90,24
1,25,33
1,31,26
1,27,85
1,28,42
1,32,29
1,30,79
1,34,46
1,35,37
1,36,38
1,39,41
1,40,45
1,57,43
1,60,44
1,47,61
1,48,56
1,49,86
1,54,50
1,51,55
1,52,59
1,53,58
1,62,88
1,93,63
1,64,66
1,94,65
1,67,69
1,91,68
1,84,70
1,89,71
1,72,77
1,73,83
1,74,95
1,92,75
1,76,81
1,78,82
1,80,87
1,96,105
1,97,103
1,98,121
1,99,115
1,165,100
1,101,102
1,104,119
1,106,107
1,108,116
1,109,114
1,110,158
1,111,157
1,112,161
1,124,113
1,179,117
1,129,118
1,151,120
1,122,152
1,123,125
1,126,159
1,127,150
1,128,133
1,130,142
1,176,131
1,137,132
1,134,146
1,143,135
1,136,163
1,177,138
1,148,139
1,164,140
1,141,145
1,144,162
1,149,147
1,160,153
1,154,174
1,181,155
1,156,180
1,166,175
1,167,178
1,169,168
1,171,170
1,173,172
1,192,182
1,193,183
1,191,184
1,189,185
1,187,186
1,190,188
1,201,194
1,195,208
1,197,196
1,198,206
1,216,199
1,204,200
1,211,202
1,203,214
1,232,205
1,207,209
1,212,210
1,213,230
1,218,215
1,217,220
1,238,219
1,221,239
1,235,222
1,237,223
1,224,227
1,225,236
1,226,229
1,234,228
1,233,231
1,240,290
1,244,241
1,242,246
1,276,243
1,249,245
1,252,247
1,257,248
1,293,250
1,277,251
1,273,253
1,254,271
1,255,261
1,256,283
1,258,260
1,272,259
1,269,262
1,285,263
1,288,264
1,280,265
1,282,266
1,294,267
1,275,268
1,270,278
1,292,274
1,279,287
1,295,281
1,286,284
1,291,289
1,296,308
1,306,297
1,298,300
1,299,320
1,304,301
1,302,307
1,322,303
1,315,305
1,309,324
1,310,319
1,313,311
1,312,327
1,314,316
1,317,326
1,321,318
1,323,325
1,328,329
1,378,330
1,331,339
1,415,332
1,333,377
1,334,372
1,406,335
1,341,336
1,337,374
1,338,355
1,340,401
1,343,342
1,344,370
1,345,347
1,346,359
1,348,363
1,366,349
1,350,354
1,353,351
1,361,352
1,356,357
1,358,373
1,362,360
1,364,365
1,367,368
1,417,369
1,371,407
1,375,414
1,376,408
1,379,392
1,400,380
1,385,381
1,409,382
1,383,410
1,395,384
1,396,386
1,387,397
1,388,421
1,389,416
1,404,390
1,391,393
1,394,418
1,403,398
1,399,419
1,402,405
1,420,411
1,412,413
1,460,422
1,431,423
1,434,424
1,425,498
1,426,470
1,427,432
1,428,442
1,433,429
1,430,453
1,497,435
1,438,436
1,486,437
1,439,446
1,440,449
1,441,443
1,445,444
1,481,447
1,448,455
1,451,450
1,474,452
1,477,454
1,487,456
1,491,457
1,458,469
1,459,468
1,495,461
1,462,478
1,464,463
1,465,479
1,466,492
1,467,480
1,493,471
1,472,496
1,473,475
1,476,482
1,488,483
1,494,484
1,501,485
1,490,489
1,500,499
1,508,502
1,503,507
1,504,515
1,505,527
1,521,506
1,518,509
1,510,526
1,511,520
1,519,512
1,513,517
1,514,522
1,523,516
1,525,524
1,528,567
1,578,529
1,530,564
1,535,531
1,532,583
1,575,533
1,537,534
1,536,570
1,538,553
1,569,539
1,546,540
1,541,555
1,542,544
1,543,550
1,545,551
1,547,552
1,549,548
1,571,554
1,559,556
1,557,574
1,558,565
1,560,580
1,561,573
1,563,562
1,576,566
1,568,582
1,572,577
1,581,579
1,598,584
1,585,590
1,599,586
1,594,587
1,588,602
1,597,589
1,603,591
1,592,609
1,600,593
1,601,595
1,596,626
1,604,613
1,619,605
1,606,624
1,612,607
1,608,616
1,610,617
1,611,615
1,614,620
1,618,625
1,622,621
1,627,623
1,632,628
1,636,629
1,630,637
1,631,633
1,634,645
1,642,635
1,646,638
1,639,647
1,644,640
1,648,641
1,649,643
1,650,687
1,651,695
1,652,658
1,667,653
1,671,654
1,655,666
1,681,656
1,657,686
1,659,663
1,669,660
1,664,661
1,662,672
1,665,668
1,670,694
1,673,692
1,675,674
1,677,676
1,684,678
1,679,690
1,688,680
1,691,682
1,685,683
1,693,689
1,696,703
1,708,697
1,707,698
1,737,699
1,700,702
1,713,701
1,704,705
1,714,706
1,733,709
1,710,712
1,720,711
1,722,715
1,730,716
1,728,717
1,718,735
1,727,719
1,721,732
1,724,723
1,736,725
1,726,729
1,739,731
1,738,734
1,744,740
1,748,741
1,742,743
1,745,751
1,749,746
1,747,753
1,750,754
1,752,755
1,758,756
1,757,759
1,760,762
1,761,771
1,763,768
1,769,764
1,767,765
1,770,766
1,772,781
1,773,778
1,774,780
1,775,786
1,785,776
1,777,787
1,779,783
1,784,782
1,788,793
1,814,789
1,791,790
1,795,792
1,810,794
1,796,812
1,808,797
1,806,798
1,799,802
1,800,811
1,807,801
1,809,803
1,805,804
1,813,816
1,815,817
2,0,18
2,1,9
2,2,6
2,12,3
2,22,4
2,5,7
2,10,8
2,13,11
2,14,15
2,21,16
2,17,20
2,19,23
2,55,24
2,88,25
2,26,93
2,27,42
2,44,28
2,29,30
2,33,31
2,86,32
2,38,34
2,36,35
2,37,39
2,41,40
2,43,53
2,45,46
2,47,87
2,48,51
2,56,49
2,50,85
2,52,60
2,59,54
2,58,57
2,61,90
2,64,62
2,63,66
2,69,65
2,68,67
2,70,89
2,71,76
2,82,72
2,77,73
2,92,74
2,75,91
2,81,78
2,79,80
2,83,84
2,95,94
2,96,97
2,98,109
2,172,99
2,100,177
2,178,101
2,102,108
2,120,103
2,105,104
2,115,106
2,107,181
2,159,110
2,161,111
2,160,112
2,113,158
2,114,122
2,116,127
2,117,134
2,118,128
2,119,152
2,121,176
2,123,124
2,125,126
2,146,129
2,131,130
2,132,139
2,133,142
2,163,135
2,143,136
2,137,167
2,155,138
2,140,144
2,180,141
2,145,175
2,147,168
2,174,148
2,149,179
2,150,151
2,157,153
2,164,154
2,162,156
2,170,165
2,166,173
2,169,171
2,182,186
2,183,188
2,187,184
2,185,193
2,189,190
2,191,192
2,194,213
2,198,195
2,206,196
2,232,197
2,199,201
2,200,202
2,205,203
2,212,204
2,230,207
2,214,208
2,211,209
2,210,222
2,215,233
2,219,216
2,227,217
2,231,218
2,236,220
2,225,221
2,223,238
2,237,224
2,234,226
2,228,239
2,229,235
2,288,240
2,245,241
2,242,277
2,243,250
2,244,249
2,246,255
2,247,272
2,248,258
2,251,257
2,252,253
2,261,254
2,281,256
2,259,276
2,283,260
2,262,294
2,263,275
2,264,278
2,265,279
2,266,270
2,267,268
2,274,269
2,271,273
2,284,280
2,282,289
2,285,295
2,287,286
2,290,291
2,293,292
2,307,296
2,297,322
2,298,309
2,321,299
2,300,301
2,324,302
2,303,312
2,308,304
2,320,305
2,306,323
2,311,310
2,318,313
2,319,314
2,327,315
2,326,316
2,325,317
2,330,328
2,329,411
2,369,331
2,332,333
2,413,334
2,335,336
2,375,337
2,358,338
2,339,401
2,340,348
2,363,341
2,405,342
2,365,343
2,357,344
2,368,345
2,346,366
2,367,347
2,349,371
2,352,350
2,351,355
2,356,353
2,354,362
2,373,359
2,360,361
2,407,364
2,408,370
2,372,412
2,374,414
2,406,376
2,377,391
2,378,379
2,384,380
2,381,420
2,382,394
2,383,393
2,385,419
2,386,415
2,390,387
2,388,416
2,389,403
2,392,404
2,399,395
2,421,396
2,397,398
2,418,400
2,402,417
2,410,409
2,422,425
2,475,423
2,424,435
2,433,426
2,427,442
2,472,428
2,429,477
2,430,474
2,446,431
2,434,432
2,436,437
2,447,438
2,439,454
2,443,440
2,450,441
2,469,444
2,459,445
2,448,482
2,449,473
2,452,451
2,453,460
2,455,456
2,463,457
2,458,488
2,461,466
2,462,470
2,499,464
2,465,490
2,496,467
2,471,468
2,481,476
2,478,485
2,479,500
2,492,480
2,483,494
2,484,493
2,501,486
2,487,495
2,489,491
2,498,497
2,502,521
2,525,503
2,527,504
2,506,505
2,507,523
2,524,508
2,509,513
2,510,518
2,515,511
2,512,514
2,517,516
2,526,519
2,520,522
2,552,528
2,529,538
2,562,530
2,531,583
2,569,532
2,533,555
2,534,541
2,542,535
2,550,536
2,545,537
2,570,539
2,540,544
2,543,549
2,551,546
2,554,547
2,573,548
2,553,571
2,556,560
2,582,557
2,581,558
2,568,559
2,561,572
2,564,563
2,565,566
2,567,576
2,575,574
2,578,577
2,580,579
2,584,594
2,585,592
2,595,586
2,587,597
2,588,600
2,589,598
2,590,627
2,609,591
2,593,601
2,596,599
2,602,612
2,607,603
2,620,604
2,605,611
2,606,614
2,613,608
2,610,618
2,624,615
2,623,616
2,617,622
2,625,619
2,621,626
2,628,638
2,629,641
2,636,630
2,632,631
2,633,634
2,635,640
2,637,639
2,645,642
2,643,648
2,644,649
2,647,646
2,676,650
2,666,651
2,652,671
2,653,663
2,654,657
2,672,655
2,656,669
2,658,695
2,661,659
2,660,664
2,694,662
2,665,667
2,668,674
2,677,670
2,683,673
2,686,675
2,690,678
2,687,679
2,680,684
2,681,691
2,689,682
2,692,685
2,693,688
2,696,708
2,697,699
2,698,706
2,709,700
2,701,737
2,702,729
2,703,735
2,725,704
2,705,728
2,707,736
2,710,730
2,711,739
2,732,712
2,713,714
2,715,720
2,716,726
2,717,727
2,722,718
2,731,719
2,721,738
2,734,723
2,724,733
2,742,740
2,741,755
2,743,747
2,744,745
2,746,750
2,748,752
2,754,749
2,753,751
2,786,756
2,785,757
2,766,758
2,763,759
2,760,779
2,761,769
2,762,770
2,764,765
2,768,767
2,771,784
2,772,782
2,773,777
2,776,774
2,780,775
2,783,778
2,787,781
2,802,788
2,789,805
2,790,795
2,791,812
2,792,808
2,793,799
2,807,794
2,797,796
2,816,798
2,810,800
2,801,814
2,804,803
2,811,806
2,817,809
2,813,815
3,7,0
3,1,10
3,2,5
3,6,3
3,4,13
3,9,8
3,11,12
3,20,14
3,15,23
3,16,19
3,21,17
3,22,18
3,24,59
3,31,25
3,30,26
3,43,27
3,57,28
3,86,29
3,32,33
3,34,37
3,35,39
3,40,36
3,85,38
3,42,41
3,44,53
3,61,45
3,46,88
3,62,47
3,54,48
3,49,51
3,50,55
3,58,52
3,56,60
3,63,74
3,68,64
3,65,95
3,66,69
3,90,67
3,70,71
3,78,72
3,84,73
3,94,75
3,76,92
3,91,77
3,87,79
3,80,93
3,83,81
3,89,82
3,134,96
3,97,129
3,173,98
3,99,116
3,100,109
3,101,177
3,102,121
3,103,104
3,152,105
3,106,114
3,178,107
3,108,115
3,110,161
3,111,119
3,112,113
3,117,164
3,165,118
3,150,120
3,122,124
3,151,123
3,158,125
3,126,127
3,128,131
3,130,140
3,132,149
3,146,133
3,135,166
3,136,171
3,139,137
3,138,147
3,141,172
3,142,144
3,163,143
3,145,162
3,154,148
3,153,159
3,155,169
3,175,156
3,157,160
3,181,167
3,168,174
3,170,179
3,176,180
3,183,182
3,184,185
3,186,192
3,190,187
3,188,189
3,193,191
3,194,203
3,195,206
3,196,198
3,209,197
3,200,199
3,201,211
3,202,205
3,204,214
3,207,212
3,208,230
3,213,210
3,216,215
3,231,217
3,238,218
3,224,219
3,220,237
3,226,221
3,222,228
3,223,227
3,229,225
3,233,232
3,239,234
3,235,236
3,240,270
3,241,292
3,243,242
3,250,244
3,255,245
3,246,252
3,261,247
3,254,248
3,249,273
3,256,251
3,253,259
3,257,271
3,272,258
3,260,266
3,262,263
3,290,264
3,265,282
3,269,267
3,268,274
3,275,284
3,277,276
3,278,291
3,295,279
3,280,283
3,287,281
3,286,285
3,289,288
3,294,293
3,304,296
3,324,297
3,325,298
3,309,299
3,300,323
3,301,307
3,302,322
3,308,303
3,305,312
3,317,306
3,310,313
3,314,311
3,319,315
3,316,327
3,326,318
3,320,321
3,328,413
3,334,329
3,349,330
3,331,335
3,416,332
3,333,378
3,336,369
3,350,337
3,338,352
3,339,340
3,348,341
3,342,364
3,405,343
3,344,346
3,345,367
3,347,357
3,361,351
3,353,362
3,354,365
3,355,356
3,359,358
3,360,374
3,363,407
3,368,366
3,370,373
3,371,408
3,372,391
3,420,375
3,414,376
3,377,379
3,380,382
3,381,399
3,395,383
3,400,384
3,418,385
3,386,421
3,387,415
3,396,388
3,409,389
3,397,390
3,393,392
3,419,394
3,398,410
3,401,402
3,403,404
3,417,406
3,411,412
3,432,422
3,423,430
3,426,424
3,425,433
3,429,427
3,441,428
3,460,431
3,498,434
3,435,462
3,436,439
3,437,476
3,482,438
3,440,450
3,442,469
3,443,474
3,444,459
3,453,445
3,454,446
3,456,447
3,477,448
3,475,449
3,451,481
3,452,473
3,495,455
3,457,479
3,467,458
3,461,487
3,499,463
3,464,500
3,489,465
3,466,501
3,468,483
3,470,497
3,480,471
3,494,472
3,478,486
3,488,484
3,485,492
3,490,491
3,496,493
3,514,502
3,523,503
3,504,524
3,505,510
3,506,507
3,508,520
3,517,509
3,511,513
3,526,512
3,527,515
3,516,525
3,519,518
3,522,521
3,528,529
3,530,537
3,531,569
3,532,533
3,549,534
3,535,570
3,536,571
3,538,546
3,539,553
3,548,540
3,544,541
3,550,542
3,554,543
3,547,545
3,552,551
3,555,575
3,556,580
3,557,581
3,558,561
3,559,560
3,562,567
3,572,563
3,577,564
3,576,565
3,566,568
3,574,573
3,583,578
3,579,582
3,584,595
3,594,585
3,586,589
3,609,587
3,593,588
3,590,617
3,591,602
3,612,592
3,607,596
3,600,597
3,598,601
3,604,599
3,603,610
3,605,618
3,611,606
3,608,614
3,616,613
3,615,623
3,626,619
3,620,621
3,622,625
3,624,627
3,628,633
3,648,629
3,640,630
3,631,637
3,638,632
3,634,647
3,635,644
3,641,636
3,646,639
3,642,643
3,649,645
3,678,650
3,651,657
3,695,652
3,653,659
3,654,672
3,655,658
3,656,666
3,668,660
3,661,669
3,662,686
3,663,670
3,664,665
3,674,667
3,675,671
3,673,680
3,682,676
3,690,677
3,691,679
3,685,681
3,688,683
3,684,689
3,694,687
3,692,693
3,737,696
3,697,702
3,698,722
3,699,709
3,700,724
3,708,701
3,706,703
3,712,704
3,705,717
3,718,707
3,716,710
3,711,731
3,728,713
3,729,714
3,725,715
3,719,739
3,720,734
3,733,721
3,723,738
3,730,726
3,732,727
3,735,736
3,740,754
3,751,741
3,747,742
3,743,753
3,752,744
3,745,746
3,750,748
3,755,749
3,756,761
3,775,757
3,779,758
3,759,762
3,765,760
3,767,763
3,770,764
3,768,766
3,769,783
3,771,786
3,784,772
3,781,773
3,787,774
3,782,776
3,778,777
3,780,785
3,803,788
3,800,789
3,814,790
3,796,791
3,811,792
3,793,801
3,794,795
3,798,797
3,799,813
3,802,816
3,815,804
3,805,809
3,806,817
3,808,807
3,812,810
4,6,0
4,11,1
4,12,2
4,3,4
4,10,5
4,9,7
4,8,20
4,13,21
4,14,16
4,18,15
4,17,19
4,23,22
4,24,58
4,25,80
4,26,32
4,27,86
4,28,43
4,29,33
4,30,31
4,41,34
4,38,35
4,39,36
4,37,45
4,47,40
4,42,44
4,46,62
4,48,50
4,54,49
4,51,85
4,52,90
4,53,59
4,55,56
4,60,57
4,87,61
4,64,63
4,65,66
4,67,91
4,92,68
4,95,69
4,81,70
4,71,78
4,72,76
4,73,89
4,74,94
4,93,75
4,77,83
4,79,88
4,82,84
4,129,96
4,97,117
4,98,116
4,109,99
4,159,100
4,101,181
4,107,102
4,105,103
4,104,150
4,153,106
4,114,108
4,110,157
4,160,111
4,158,112
4,119,113
4,115,126
4,133,118
4,152,120
4,141,121
4,122,123
4,124,125
4,127,151
4,130,128
4,131,134
4,171,132
4,135,162
4,169,136
4,137,155
4,148,138
4,167,139
4,140,143
4,175,142
4,144,146
4,180,145
4,154,147
4,174,149
4,156,172
4,164,161
4,166,163
4,179,165
4,168,170
4,173,176
4,177,178
4,191,182
4,186,183
4,184,188
4,185,190
4,187,189
4,192,193
4,214,194
4,197,195
4,196,208
4,198,209
4,199,204
4,203,200
4,201,233
4,215,202
4,216,205
4,206,230
4,207,211
4,225,210
4,213,212
4,217,239
4,218,223
4,219,227
4,224,220
4,221,229
4,236,222
4,228,226
4,232,231
4,234,235
4,237,238
4,244,240
4,250,241
4,242,245
4,277,243
4,273,246
4,247,260
4,271,248
4,293,249
4,251,283
4,258,252
4,253,257
4,259,254
4,255,272
4,256,295
4,279,261
4,292,262
4,263,269
4,282,264
4,266,265
4,267,274
4,268,294
4,270,289
4,275,286
4,276,280
4,278,290
4,281,285
4,284,287
4,291,288
4,296,305
4,297,298
4,299,308
4,304,300
4,301,309
4,303,302
4,306,319
4,322,307
4,318,310
4,311,317
4,312,316
4,313,320
4,321,314
4,315,326
4,323,324
4,327,325
4,391,328
4,367,329
4,330,411
4,331,336
4,332,421
4,333,368
4,412,334
4,335,401
4,337,356
4,373,338
4,348,339
4,402,340
4,341,342
4,343,363
4,366,344
4,357,345
4,346,349
4,358,347
4,362,350
4,351,360
4,352,354
4,355,353
4,371,359
4,375,361
4,364,370
4,365,407
4,406,369
4,378,372
4,376,374
4,392,377
4,379,393
4,380,418
4,384,381
4,383,382
4,413,385
4,404,386
4,416,387
4,388,390
4,389,398
4,394,395
4,415,396
4,409,397
4,399,417
4,400,419
4,410,403
4,408,405
4,414,420
4,422,442
4,459,423
4,424,425
4,435,426
4,476,427
4,428,440
4,432,429
4,473,430
4,431,475
4,433,434
4,447,436
4,482,437
4,438,446
4,448,439
4,441,451
4,449,443
4,456,444
4,445,455
4,450,452
4,468,453
4,474,454
4,500,457
4,458,471
4,469,460
4,491,461
4,462,498
4,463,479
4,464,495
4,465,470
4,490,466
4,493,467
4,472,480
4,477,481
4,501,478
4,483,496
4,484,489
4,486,485
4,492,487
4,488,494
4,497,499
4,502,522
4,503,527
4,504,523
4,518,505
4,524,506
4,507,520
4,511,508
4,509,510
4,512,517
4,513,515
4,521,514
4,516,526
4,525,519
4,575,528
4,553,529
4,551,530
4,560,531
4,570,532
4,533,535
4,534,547
4,569,536
4,537,538
4,539,550
4,543,540
4,541,549
4,571,542
4,545,544
4,546,554
4,555,548
4,578,552
4,579,556
4,580,557
4,574,558
4,565,559
4,561,577
4,583,562
4,563,576
4,567,564
4,566,572
4,568,581
4,582,573
4,627,584
4,597,585
4,623,586
4,587,590
4,599,588
4,601,589
4,591,607
4,592,593
4,595,594
4,596,603
4,598,612
4,600,609
4,602,626
4,618,604
4,610,605
4,606,616
4,608,624
4,613,611
4,614,615
4,617,620
4,619,622
4,625,621
4,629,628
4,630,646
4,647,631
4,637,632
4,633,635
4,634,643
4,642,636
4,639,638
4,645,640
4,644,641
4,648,649
4,650,691
4,658,651
4,655,652
4,670,653
4,666,654
4,667,656
4,657,675
4,659,665
4,660,663
4,677,661
4,671,662
4,664,668
4,669,674
4,686,672
4,673,693
4,676,678
4,679,694
4,680,692
4,683,681
4,688,682
4,685,684
4,687,690
4,695,689
4,696,709
4,707,697
4,736,698
4,699,708
4,701,700
4,702,713
4,703,725
4,704,710
4,718,705
4,706,716
4,715,711
4,712,729
4,714,730
4,731,717
4,719,720
4,734,721
4,722,735
4,727,723
4,724,737
4,726,728
4,739,732
4,738,733
4,750,740
4,741,745
4,744,742
4,746,743
4,751,747
4,754,748
4,749,752
4,755,753
4,756,775
4,757,771
4,758,767
4,760,759
4,761,768
4,766,762
4,763,769
4,764,779
4,765,770
4,772,776
4,783,773
4,774,781
4,777,784
4,778,787
4,786,780
4,785,782
4,788,805
4,789,799
4,792,790
4,791,794
4,797,793
4,795,807
4,796,808
4,798,815
4,801,800
4,813,802
4,814,803
4,804,817
4,816,806
4,809,812
4,810,811
5,0,8
5,12,1
5,2,13
5,22,3
5,4,10
5,5,9
5,7,6
5,16,11
5,23,14
5,21,15
5,17,18
5,19,20
5,52,24
5,25,30
5,88,26
5,61,27
5,41,28
5,29,79
5,31,32
5,33,80
5,45,34
5,40,35
5,36,46
5,85,37
5,39,38
5,86,42
5,44,43
5,90,47
5,55,48
5,49,50
5,56,51
5,57,53
5,60,54
5,59,58
5,62,87
5,63,65
5,75,64
5,66,94
5,67,92
5,68,95
5,69,91
5,70,77
5,83,71
5,73,72
5,74,93
5,76,82
5,84,78
5,89,81
5,96,146
5,133,97
5,98,99
5,181,100
5,167,101
5,102,114
5,103,153
5,113,104
5,120,105
5,106,109
5,177,107
5,121,108
5,111,110
5,112,157
5,116,115
5,117,130
5,118,164
5,150,119
5,151,122
5,123,127
5,126,124
5,125,152
5,128,129
5,131,140
5,170,132
5,142,134
5,155,135
5,162,136
5,147,137
5,178,138
5,139,168
5,176,141
5,143,144
5,145,173
5,171,148
5,149,154
5,163,156
5,161,158
5,159,160
5,165,174
5,172,166
5,179,169
5,180,175
5,182,184
5,183,191
5,185,192
5,190,186
5,188,187
5,189,193
5,205,194
5,230,195
5,202,196
5,197,207
5,233,198
5,199,203
5,200,201
5,204,213
5,211,206
5,209,208
5,210,228
5,212,214
5,231,215
5,232,216
5,217,237
5,218,220
5,223,219
5,222,221
5,236,224
5,234,225
5,235,226
5,227,238
5,239,229
5,261,240
5,242,241
5,243,293
5,254,244
5,245,250
5,249,246
5,247,256
5,248,255
5,251,253
5,252,277
5,260,257
5,259,258
5,267,262
5,263,284
5,264,266
5,265,291
5,286,268
5,269,275
5,288,270
5,272,271
5,276,273
5,274,281
5,289,278
5,280,279
5,290,282
5,283,295
5,285,287
5,292,294
5,312,296
5,297,304
5,298,327
5,299,303
5,300,322
5,302,301
5,305,321
5,324,306
5,307,308
5,309,323
5,325,310
5,311,319
5,313,315
5,326,314
5,320,316
5,318,317
5,377,328
5,329,333
5,334,330
5,341,331
5,332,371
5,417,335
5,336,402
5,337,357
5,359,338
5,369,339
5,340,343
5,342,348
5,368,344
5,345,366
5,358,346
5,347,373
5,349,367
5,360,350
5,351,354
5,356,352
5,353,361
5,362,355
5,364,363
5,370,365
5,372,379
5,374,406
5,376,375
5,378,393
5,395,380
5,381,400
5,382,384
5,383,409
5,385,412
5,397,386
5,398,387
5,403,388
5,389,396
5,390,416
5,404,391
5,392,410
5,399,394
5,401,405
5,407,408
5,411,414
5,418,413
5,421,415
5,420,419
5,440,422
5,469,423
5,470,424
5,425,497
5,426,432
5,427,433
5,443,428
5,476,429
5,430,454
5,453,431
5,434,462
5,498,435
5,448,436
5,437,438
5,439,477
5,442,441
5,444,501
5,445,447
5,446,474
5,452,449
5,450,475
5,473,451
5,455,485
5,478,456
5,457,499
5,496,458
5,460,459
5,500,461
5,463,491
5,465,464
5,487,466
5,467,494
5,484,468
5,471,488
5,472,493
5,479,489
5,480,483
5,481,482
5,495,486
5,492,490
5,515,502
5,520,503
5,508,504
5,505,525
5,523,506
5,507,521
5,512,509
5,510,513
5,514,511
5,519,516
5,518,517
5,527,522
5,526,524
5,562,528
5,529,530
5,531,539
5,535,532
5,569,533
5,534,543
5,536,544
5,537,546
5,538,552
5,540,555
5,541,571
5,542,548
5,545,554
5,551,547
5,549,575
5,550,553
5,556,566
5,573,557
5,558,579
5,559,580
5,581,560
5,582,561
5,563,578
5,564,572
5,565,568
5,567,583
5,570,574
5,577,576
5,584,590
5,585,609
5,586,598
5,587,592
5,588,596
5,589,594
5,593,591
5,597,595
5,599,602
5,601,600
5,612,603
5,626,604
5,620,605
5,623,606
5,607,622
5,615,608
5,625,610
5,611,614
5,624,613
5,616,627
5,618,617
5,621,619
5,628,637
5,629,649
5,630,645
5,646,631
5,632,633
5,639,634
5,641,635
5,636,648
5,638,647
5,643,640
5,644,642
5,681,650
5,692,651
5,652,657
5,653,669
5,675,654
5,686,655
5,674,656
5,658,694
5,659,677
5,670,660
5,665,661
5,663,662
5,667,664
5,666,673
5,668,676
5,672,671
5,678,680
5,679,688
5,690,682
5,684,683
5,689,685
5,691,687
5,693,695
5,696,702
5,697,701
5,698,703
5,700,699
5,715,704
5,730,705
5,735,706
5,713,707
5,708,726
5,709,723
5,710,728
5,729,711
5,717,712
5,716,714
5,736,718
5,732,719
5,720,739
5,721,724
5,731,722
5,725,734
5,738,727
5,737,733
5,743,740
5,752,741
5,742,745
5,748,744
5,746,754
5,747,755
5,749,751
5,753,750
5,762,756
5,770,757
5,787,758
5,759,765
5,766,760
5,767,761
5,763,783
5,768,764
5,769,786
5,782,771
5,772,778
5,773,774
5,775,785
5,776,777
5,781,779
5,784,780
5,795,788
5,789,793
5,790,796
5,806,791
5,794,792
5,797,816
5,810,798
5,799,814
5,808,800
5,803,801
5,804,802
5,805,813
5,807,811
5,815,809
5,817,812
6,19,0
6,1,6
6,2,22
6,10,3
6,9,4
6,11,5
6,8,7
6,13,12
6,18,14
6,15,17
6,20,16
6,21,23
6,24,57
6,26,25
6,53,27
6,28,52
6,80,29
6,87,30
6,50,31
6,32,48
6,79,33
6,34,40
6,35,45
6,37,36
6,38,41
6,42,39
6,43,60
6,59,44
6,47,46
6,49,55
6,51,54
6,58,56
6,61,62
6,63,95
6,64,74
6,75,65
6,66,67
6,94,68
6,69,90
6,70,76
6,77,71
6,72,89
6,82,73
6,78,83
6,81,84
6,85,86
6,93,88
6,91,92
6,104,96
6,105,97
6,114,98
6,99,121
6,100,167
6,157,101
6,115,102
6,119,103
6,108,106
6,107,109
6,112,110
6,113,111
6,116,124
6,128,117
6,140,118
6,127,120
6,122,160
6,123,126
6,125,151
6,129,142
6,130,176
6,146,131
6,132,168
6,134,133
6,135,171
6,136,166
6,137,177
6,138,149
6,155,139
6,163,141
6,143,162
6,144,145
6,148,147
6,152,150
6,161,153
6,154,165
6,156,181
6,158,159
6,164,179
6,169,170
6,175,172
6,173,180
6,174,178
6,187,182
6,192,183
6,184,189
6,191,185
6,186,188
6,193,190
6,194,200
6,195,232
6,196,209
6,198,197
6,212,199
6,202,201
6,213,203
6,210,204
6,215,205
6,206,207
6,208,211
6,230,214
6,216,233
6,224,217
6,219,218
6,220,227
6,221,234
6,229,222
6,223,236
6,228,225
6,226,239
6,238,231
6,235,237
6,240,255
6,241,249
6,244,242
6,274,243
6,252,245
6,246,276
6,271,247
6,260,248
6,250,254
6,273,251
6,258,253
6,256,280
6,257,272
6,277,259
6,283,261
6,262,286
6,293,263
6,264,289
6,278,265
6,290,266
6,295,267
6,268,292
6,287,269
6,291,270
6,294,275
6,281,279
6,282,288
6,284,285
6,296,300
6,323,297
6,298,324
6,322,299
6,308,301
6,302,304
6,303,309
6,307,305
6,306,325
6,310,315
6,316,311
6,320,312
6,317,313
6,314,318
6,319,326
6,327,321
6,328,372
6,329,368
6,412,330
6,331,342
6,370,332
6,391,333
6,334,414
6,335,369
6,340,336
6,355,337
6,338,376
6,339,402
6,401,341
6,343,356
6,344,367
6,359,345
6,373,346
6,366,347
6,348,364
6,365,349
6,350,351
6,352,360
6,354,353
6,357,358
6,361,362
6,363,371
6,375,374
6,377,378
6,379,410
6,421,380
6,418,381
6,393,382
6,394,383
6,384,417
6,411,385
6,386,416
6,387,388
6,415,389
6,390,403
6,409,392
6,419,395
6,396,398
6,397,404
6,400,399
6,405,407
6,408,406
6,413,420
6,441,422
6,423,445
6,424,432
6,425,470
6,434,426
6,427,497
6,428,471
6,429,481
6,431,430
6,433,435
6,436,477
6,437,439
6,438,476
6,452,440
6,442,449
6,451,443
6,444,460
6,475,446
6,447,482
6,456,448
6,474,450
6,453,459
6,454,473
6,455,487
6,490,457
6,458,472
6,461,478
6,462,465
6,489,463
6,464,479
6,466,486
6,467,488
6,468,469
6,493,480
6,483,492
6,491,484
6,485,495
6,494,496
6,499,498
6,501,500
6,506,502
6,503,504
6,505,523
6,524,507
6,521,508
6,509,519
6,517,510
6,522,511
6,516,512
6,513,526
6,515,514
6,525,518
6,527,520
6,528,537
6,529,563
6,530,567
6,533,531
6,532,536
6,546,534
6,539,535
6,547,538
6,571,540
6,548,541
6,543,542
6,544,553
6,552,545
6,549,555
6,554,550
6,575,551
6,581,556
6,557,579
6,580,558
6,561,559
6,560,568
6,578,562
6,576,564
6,572,565
6,577,566
6,583,569
6,573,570
6,574,582
6,584,623
6,585,587
6,594,586
6,588,601
6,589,595
6,590,625
6,592,591
6,603,593
6,596,612
6,609,597
6,598,600
6,608,599
6,607,602
6,604,606
6,605,626
6,622,610
6,627,611
6,613,614
6,620,615
6,616,624
6,617,619
6,621,618
6,631,628
6,642,629
6,635,630
6,632,636
6,633,647
6,638,634
6,637,646
6,649,639
6,640,648
6,643,641
6,645,644
6,650,669
6,651,652
6,661,653
6,654,686
6,665,655
6,656,691
6,657,666
6,687,658
6,660,659
6,662,670
6,663,664
6,668,667
6,671,674
6,672,675
6,673,684
6,676,690
6,694,677
6,681,678
6,682,679
6,680,693
6,683,689
6,688,685
6,695,692
6,697,696
6,735,698
6,701,699
6,708,700
6,737,702
6,703,714
6,722,704
6,705,710
6,706,736
6,725,707
6,724,709
6,711,717
6,712,715
6,726,713
6,729,716
6,718,720
6,733,719
6,723,721
6,727,731
6,728,730
6,732,734
6,739,738
6,740,753
6,744,741
6,742,746
6,745,743
6,748,747
6,750,749
6,751,752
6,755,754
6,785,756
6,757,766
6,758,762
6,759,769
6,760,763
6,764,761
6,765,768
6,767,770
6,771,783
6,780,772
6,773,787
6,777,774
6,782,775
6,776,781
6,779,778
6,786,784
6,788,807
6,801,789
6,790,794
6,791,792
6,793,795
6,796,806
6,811,797
6,800,798
6,805,799
6,802,803
6,813,804
6,808,810
6,809,816
6,812,815
6,817,814
7,0,11
7,1,7
7,10,2
7,3,13
7,4,12
7,8,5
7,6,9
7,14,21
7,20,15
7,16,22
7,17,23
7,18,19
7,56,24
7,25,93
7,26,33
7,27,44
7,28,53
7,29,51
7,30,80
7,79,31
7,32,50
7,34,36
7,47,35
7,38,37
7,40,39
7,86,41
7,42,85
7,58,43
7,45,62
7,46,61
7,48,49
7,52,57
7,54,55
7,60,59
7,92,63
7,64,69
7,65,68
7,95,66
7,67,94
7,83,70
7,71,72
7,73,76
7,74,75
7,84,77
7,78,89
7,81,82
7,88,87
7,90,91
7,133,96
7,97,128
7,98,115
7,102,99
7,101,100
7,103,112
7,120,104
7,119,105
7,124,106
7,153,107
7,108,123
7,109,116
7,110,113
7,159,111
7,114,126
7,117,129
7,118,134
7,172,121
7,122,127
7,150,125
7,130,144
7,141,131
7,147,132
7,168,135
7,170,136
7,171,137
7,139,138
7,146,140
7,142,143
7,166,145
7,149,148
7,151,152
7,160,154
7,167,155
7,156,173
7,157,158
7,178,161
7,162,180
7,169,163
7,164,165
7,179,174
7,175,176
7,177,181
7,193,182
7,183,189
7,186,184
7,185,187
7,188,191
7,192,190
7,199,194
7,233,195
7,207,196
7,197,230
7,232,198
7,200,216
7,201,205
7,203,202
7,215,204
7,206,208
7,209,212
7,214,210
7,211,213
7,217,218
7,219,220
7,221,228
7,234,222
7,226,223
7,224,238
7,225,235
7,239,227
7,236,229
7,237,231
7,240,254
7,241,243
7,242,293
7,248,244
7,245,246
7,247,251
7,249,292
7,255,250
7,273,252
7,253,277
7,261,256
7,258,257
7,259,271
7,272,260
7,262,284
7,263,268
7,270,264
7,265,289
7,266,278
7,285,267
7,269,294
7,280,274
7,275,287
7,276,281
7,279,283
7,291,282
7,286,295
7,288,290
7,306,296
7,327,297
7,323,298
7,299,302
7,300,307
7,301,322
7,304,303
7,305,316
7,309,308
7,326,310
7,311,324
7,315,312
7,321,313
7,314,320
7,319,317
7,325,318
7,333,328
7,330,329
7,348,331
7,367,332
7,378,334
7,402,335
7,336,401
7,337,338
7,339,343
7,341,340
7,356,342
7,344,359
7,346,345
7,368,347
7,349,364
7,355,350
7,352,351
7,353,360
7,354,361
7,357,373
7,358,366
7,362,408
7,363,365
7,369,405
7,371,370
7,372,377
7,374,420
7,375,411
7,376,412
7,391,379
7,380,399
7,419,381
7,410,382
7,383,392
7,394,384
7,385,400
7,398,386
7,387,396
7,388,397
7,389,390
7,409,393
7,395,418
7,403,415
7,416,404
7,406,407
7,414,413
7,417,421
7,422,428
7,423,453
7,424,498
7,426,425
7,440,427
7,439,429
7,436,430
7,476,431
7,432,433
7,497,434
7,435,470
7,447,437
7,477,438
7,449,441
7,450,442
7,443,452
7,458,444
7,485,445
7,473,446
7,448,481
7,474,451
7,454,475
7,482,455
7,495,456
7,457,464
7,459,469
7,460,468
7,486,461
7,463,462
7,499,465
7,466,491
7,472,467
7,496,471
7,478,500
7,479,490
7,494,480
7,484,483
7,487,501
7,488,493
7,492,489
7,502,507
7,503,524
7,504,505
7,522,506
7,508,515
7,511,509
7,510,525
7,518,512
7,516,513
7,514,527
7,526,517
7,523,519
7,521,520
7,530,528
7,551,529
7,531,570
7,539,532
7,536,533
7,534,548
7,569,535
7,537,552
7,545,538
7,541,540
7,542,549
7,571,543
7,554,544
7,553,546
7,550,547
7,555,573
7,565,556
7,558,557
7,559,581
7,566,560
7,561,576
7,572,562
7,583,563
7,564,578
7,567,577
7,568,580
7,579,574
7,582,575
7,586,584
7,595,585
7,587,593
7,591,588
7,600,589
7,622,590
7,601,592
7,599,594
7,602,596
7,598,597
7,626,603
7,604,608
7,617,605
7,606,627
7,610,607
7,612,609
7,611,624
7,623,613
7,614,621
7,615,616
7,619,618
7,625,620
7,628,646
7,629,635
7,630,643
7,631,649
7,647,632
7,633,638
7,634,637
7,636,640
7,645,639
7,641,642
7,648,644
7,667,650
7,651,693
7,652,654
7,660,653
7,655,671
7,656,675
7,657,672
7,679,658
7,664,659
7,670,661
7,662,665
7,686,663
7,666,674
7,669,668
7,673,681
7,676,687
7,677,682
7,685,678
7,683,680
7,692,684
7,689,688
7,690,691
7,694,695
7,700,696
7,709,697
7,698,725
7,699,733
7,710,701
7,702,708
7,713,703
7,704,730
7,705,716
7,707,706
7,711,718
7,728,712
7,714,726
7,715,736
7,717,729
7,719,721
7,720,722
7,723,737
7,724,738
7,727,739
7,731,732
7,734,735
7,747,740
7,741,746
7,750,742
7,743,744
7,745,752
7,755,748
7,753,749
7,754,751
7,756,769
7,786,757
7,768,758
7,770,759
7,760,767
7,761,766
7,779,762
7,765,763
7,778,764
7,771,780
7,772,773
7,774,782
7,775,784
7,787,776
7,777,781
7,783,785
7,788,799
7,789,795
7,803,790
7,815,791
7,792,797
7,810,793
7,806,794
7,796,817
7,798,808
7,800,807
7,802,801
7,804,809
7,814,805
7,811,813
7,816,812
8,12,0
8,13,1
8,2,4
8,5,3
8,6,8
8,7,20
8,9,10
8,21,11
8,22,14
8,15,19
8,16,17
8,23,18
8,54,24
8,87,25
8,80,26
8,41,27
8,62,28
8,31,29
8,33,30
8,49,32
8,39,34
8,46,35
8,36,42
8,37,86
8,40,38
8,59,43
8,44,52
8,45,47
8,48,85
8,50,51
8,53,60
8,55,58
8,57,56
8,61,88
8,75,63
8,95,64
8,67,65
8,66,74
8,68,90
8,69,94
8,70,73
8,71,81
8,72,84
8,76,83
8,77,82
8,91,78
8,93,79
8,89,92
8,96,128
8,104,97
8,181,98
8,99,108
8,100,178
8,107,101
8,109,102
8,113,103
8,105,150
8,106,116
8,110,160
8,111,112
8,115,114
8,118,117
8,120,119
8,121,175
8,126,122
8,152,123
8,124,151
8,127,125
8,134,129
8,143,130
8,131,144
8,138,132
8,140,133
8,135,169
8,136,168
8,137,149
8,147,139
8,141,173
8,142,146
8,145,156
8,148,179
8,153,158
8,154,177
8,155,171
8,165,157
8,161,159
8,163,162
8,170,164
8,180,166
8,167,174
8,176,172
8,182,188
8,185,183
8,190,184
8,191,186
8,187,193
8,189,192
8,194,210
8,195,196
8,233,197
8,230,198
8,205,199
8,200,215
8,216,201
8,202,232
8,212,203
8,204,211
8,209,206
8,208,207
8,213,214
8,217,223
8,218,224
8,231,219
8,220,238
8,235,221
8,222,226
8,239,225
8,227,237
8,229,228
8,236,234
8,264,240
8,246,241
8,292,242
8,243,283
8,270,244
8,245,253
8,247,248
8,250,249
8,251,258
8,252,257
8,254,272
8,259,255
8,260,256
8,271,261
8,268,262
8,267,263
8,265,288
8,266,291
8,284,269
8,277,273
8,279,274
8,275,285
8,293,276
8,278,282
8,295,280
8,281,286
8,294,287
8,289,290
8,297,296
8,298,306
8,312,299
8,302,300
8,303,301
8,307,304
8,305,308
8,326,309
8,310,314
8,318,311
8,313,319
8,315,321
8,316,317
8,320,327
8,322,323
8,324,325
8,368,328
8,329,372
8,330,391
8,340,331
8,332,366
8,333,349
8,411,334
8,335,339
8,417,336
8,373,337
8,338,374
8,402,341
8,342,365
8,343,348
8,347,344
8,345,358
8,367,346
8,350,356
8,351,362
8,353,352
8,407,354
8,370,355
8,359,357
8,360,376
8,361,405
8,408,363
8,364,371
8,421,369
8,413,375
8,410,377
8,392,378
8,379,409
8,380,394
8,381,383
8,382,395
8,384,419
8,393,385
8,386,387
8,388,398
8,404,389
8,396,390
8,403,397
8,399,418
8,420,400
8,401,406
8,412,414
8,415,416
8,433,422
8,444,423
8,427,424
8,425,434
8,498,426
8,428,494
8,429,482
8,430,460
8,431,473
8,435,432
8,446,436
8,481,437
8,438,448
8,439,447
8,441,440
8,442,452
8,443,450
8,445,456
8,449,474
8,475,451
8,453,458
8,459,454
8,486,455
8,489,457
8,461,485
8,462,497
8,465,463
8,490,464
8,500,466
8,471,467
8,468,472
8,469,496
8,470,499
8,477,476
8,487,478
8,491,479
8,480,488
8,493,483
8,484,492
8,501,495
8,502,503
8,507,504
8,505,524
8,508,506
8,509,525
8,510,516
8,512,511
8,519,513
8,520,514
8,515,522
8,523,517
8,518,526
8,527,521
8,528,551
8,537,529
8,575,530
8,531,536
8,532,559
8,533,539
8,534,545
8,535,550
8,538,554
8,540,549
8,547,541
8,542,553
8,544,543
8,552,546
8,548,574
8,555,569
8,556,561
8,557,568
8,558,582
8,579,560
8,562,576
8,563,567
8,564,583
8,577,565
8,581,566
8,570,571
8,578,572
8,580,573
8,584,585
8,586,590
8,607,587
8,588,595
8,589,609
8,612,591
8,602,592
8,593,598
8,594,600
8,610,596
8,597,601
8,603,599
8,615,604
8,605,622
8,613,606
8,608,611
8,616,614
8,621,617
8,618,626
8,620,619
8,624,623
8,625,627
8,647,628
8,640,629
8,634,630
8,648,631
8,646,632
8,639,633
8,635,636
8,638,637
8,641,645
8,649,642
8,644,643
8,650,690
8,675,651
8,652,694
8,653,664
8,654,655
8,668,656
8,658,657
8,659,670
8,665,660
8,661,662
8,663,671
8,672,666
8,669,667
8,685,673
8,674,686
8,691,676
8,677,679
8,678,688
8,695,680
8,684,681
8,682,687
8,693,683
8,689,692
8,696,724
8,706,697
8,698,718
8,702,699
8,737,700
8,701,726
8,703,707
8,716,704
8,715,705
8,708,713
8,738,709
8,729,710
8,722,711
8,730,712
8,714,728
8,732,717
8,719,734
8,736,720
8,721,731
8,739,723
8,735,725
8,733,727
8,740,745
8,741,743
8,754,742
8,744,747
8,746,753
8,749,748
8,752,750
8,751,755
8,757,756
8,758,777
8,759,764
8,768,760
8,761,770
8,762,765
8,763,779
8,766,767
8,769,775
8,785,771
8,787,772
8,784,773
8,778,774
8,776,780
8,781,783
8,782,786
8,801,788
8,807,789
8,790,817
8,791,810
8,792,796
8,793,798
8,794,808
8,795,800
8,797,813
8,799,816
8,809,802
8,803,805
8,804,814
8,815,806
8,812,811
9,0,13
9,5,1
9,11,2
9,3,9
9,4,8
9,10,6
9,19,7
9,14,12
9,15,16
9,17,22
9,18,21
9,23,20
9,24,78
9,25,79
9,26,29
9,27,28
9,30,49
9,31,48
9,51,32
9,33,50
9,34,47
9,35,61
9,36,45
9,37,40
9,86,38
9,39,46
9,85,41
9,43,42
9,44,57
9,53,52
9,56,54
9,59,55
9,60,58
9,90,62
9,63,67
9,94,64
9,65,74
9,68,66
9,92,69
9,82,70
9,73,71
9,83,72
9,75,95
9,84,76
9,77,81
9,88,80
9,93,87
9,91,89
9,96,118
9,97,134
9,102,98
9,99,107
9,100,106
9,101,109
9,103,110
9,104,153
9,151,105
9,126,108
9,158,111
9,112,119
9,113,120
9,116,114
9,115,124
9,133,117
9,121,142
9,125,122
9,123,150
9,127,152
9,128,146
9,129,130
9,131,143
9,132,148
9,136,135
9,138,137
9,139,169
9,140,165
9,162,141
9,144,163
9,176,145
9,174,147
9,149,170
9,179,154
9,168,155
9,166,156
9,157,159
9,160,161
9,171,164
9,177,167
9,172,180
9,173,175
9,181,178
9,182,190
9,184,183
9,188,185
9,193,186
9,192,187
9,189,191
9,204,194
9,195,209
9,196,232
9,208,197
9,198,207
9,199,215
9,214,200
9,203,201
9,230,202
9,205,233
9,206,213
9,210,229
9,211,212
9,231,216
9,238,217
9,227,218
9,237,219
9,220,234
9,221,236
9,222,239
9,223,224
9,225,226
9,228,235
9,289,240
9,241,293
9,249,242
9,292,243
9,244,255
9,254,245
9,246,250
9,257,247
9,248,272
9,251,252
9,253,276
9,256,277
9,271,258
9,273,259
9,261,260
9,262,275
9,294,263
9,291,264
9,290,265
9,280,266
9,287,267
9,285,268
9,269,286
9,282,270
9,274,295
9,288,278
9,284,279
9,283,281
9,296,327
9,300,297
9,304,298
9,299,305
9,301,324
9,323,302
9,303,307
9,318,306
9,308,322
9,309,311
9,310,320
9,321,312
9,313,326
9,317,314
9,316,315
9,325,319
9,328,367
9,414,329
9,372,330
9,331,417
9,349,332
9,366,333
9,334,379
9,405,335
9,336,421
9,337,358
9,356,338
9,339,341
9,342,340
9,343,364
9,345,344
9,346,368
9,347,359
9,365,348
9,350,353
9,407,351
9,352,362
9,408,354
9,357,355
9,360,375
9,376,361
9,363,370
9,369,401
9,371,373
9,374,412
9,377,409
9,391,378
9,419,380
9,381,394
9,382,392
9,385,383
9,418,384
9,390,386
9,387,403
9,415,388
9,397,389
9,393,410
9,400,395
9,416,396
9,398,404
9,420,399
9,406,402
9,413,411
9,422,443
9,423,468
9,497,424
9,432,425
9,426,427
9,428,433
9,446,429
9,430,459
9,454,431
9,434,435
9,482,436
9,437,477
9,481,438
9,476,439
9,440,442
9,452,441
9,455,444
9,460,445
9,447,448
9,451,449
9,450,473
9,469,453
9,456,486
9,457,465
9,493,458
9,461,501
9,464,462
9,500,463
9,466,489
9,467,484
9,470,498
9,471,494
9,488,472
9,474,475
9,478,495
9,479,499
9,480,496
9,483,490
9,485,487
9,492,491
9,520,502
9,503,505
9,506,504
9,522,507
9,514,508
9,509,516
9,512,510
9,511,526
9,513,518
9,515,521
9,517,519
9,524,523
9,525,527
9,528,538
9,529,583
9,552,530
9,532,531
9,533,570
9,544,534
9,536,535
9,551,537
9,554,539
9,540,542
9,543,541
9,553,545
9,546,547
9,548,575
9,549,569
9,571,550
9,574,555
9,568,556
9,557,561
9,573,558
9,559,579
9,560,565
9,562,564
9,563,577
9,566,580
9,572,567
9,576,578
9,582,581
9,589,584
9,585,607
9,597,586
9,587,612
9,603,588
9,590,602
9,591,599
9,592,600
9,609,593
9,601,594
9,595,598
9,596,621
9,604,616
9,605,625
9,606,608
9,619,610
9,611,623
9,613,615
9,614,624
9,627,617
9,622,618
9,626,620
9,649,628
9,631,629
9,630,638
9,632,634
9,633,646
9,645,635
9,636,644
9,637,647
9,643,639
9,640,641
9,642,648
9,656,650
9,651,673
9,666,652
9,653,668
9,654,665
9,657,655
9,682,658
9,662,659
9,661,660
9,694,663
9,664,669
9,667,675
9,670,690
9,671,686
9,674,672
9,681,676
9,687,677
9,678,691
9,679,695
9,680,689
9,683,692
9,688,684
9,693,685
9,701,696
9,697,703
9,704,698
9,699,724
9,733,700
9,726,702
9,712,705
9,713,706
9,707,735
9,709,708
9,710,714
9,711,732
9,718,715
9,728,716
9,717,739
9,723,719
9,731,720
9,721,727
9,725,722
9,730,729
9,734,736
9,738,737
9,740,741
9,742,752
9,743,750
9,746,744
9,745,755
9,747,749
9,748,751
9,753,754
9,756,770
9,757,761
9,758,760
9,767,759
9,762,768
9,764,763
9,766,765
9,771,769
9,777,772
9,773,776
9,774,784
9,783,775
9,781,778
9,779,787
9,780,782
9,786,785
9,800,788
9,789,790
9,808,791
9,806,792
9,807,793
9,794,796
9,814,795
9,797,810
9,798,811
9,799,801
9,805,802
9,817,803
9,812,804
9,813,809
9,816,815
