11,Heuristic,i06,1
Time,Value 
Final, 176588,7231

Round,H_team,A_team 
0,0,28
0,26,1
0,2,7
0,3,4
0,5,10
0,33,6
0,8,12
0,9,11
0,13,17
0,20,14
0,15,25
0,27,16
0,18,24
0,31,19
0,21,30
0,22,23
0,32,29
0,34,35
0,36,50
0,61,37
0,38,39
0,41,40
0,42,59
0,51,43
0,44,54
0,45,63
0,65,46
0,48,47
0,49,62
0,58,52
0,53,55
0,64,56
0,60,57
0,66,67
0,80,68
0,116,69
0,137,70
0,86,71
0,113,72
0,73,81
0,142,74
0,75,84
0,76,134
0,111,77
0,78,138
0,79,94
0,120,82
0,119,83
0,85,109
0,88,87
0,93,89
0,130,90
0,91,136
0,139,92
0,95,135
0,108,96
0,97,149
0,98,100
0,132,99
0,133,101
0,102,146
0,103,125
0,104,150
0,105,106
0,107,123
0,126,110
0,144,112
0,115,114
0,118,117
0,128,121
0,122,124
0,127,151
0,131,129
0,141,140
0,148,143
0,145,147
0,152,182
0,157,153
0,177,154
0,211,155
0,156,192
0,203,158
0,159,162
0,160,209
0,210,161
0,163,172
0,164,165
0,166,194
0,214,167
0,193,168
0,218,169
0,178,170
0,208,171
0,183,173
0,216,174
0,195,175
0,215,176
0,179,191
0,213,180
0,181,220
0,200,184
0,185,196
0,217,186
0,187,189
0,188,219
0,190,207
0,197,198
0,199,204
0,205,201
0,202,212
0,206,221
0,234,222
0,223,236
0,224,239
0,225,233
0,226,227
0,231,228
0,229,230
0,232,238
0,235,237
0,241,240
0,244,242
0,243,248
0,245,247
0,253,246
0,251,249
0,252,250
0,254,267
0,285,255
0,256,298
0,261,257
0,258,279
0,259,263
0,260,315
0,319,262
0,275,264
0,265,324
0,291,266
0,268,296
0,269,300
0,299,270
0,273,271
0,272,314
0,276,274
0,294,277
0,278,317
0,316,280
0,323,281
0,295,282
0,283,311
0,284,288
0,286,307
0,302,287
0,289,310
0,290,312
0,309,292
0,318,293
0,297,308
0,301,305
0,304,303
0,306,322
0,325,313
0,321,320
0,326,357
0,348,327
0,328,358
0,329,366
0,351,330
0,331,341
0,332,347
0,346,333
0,334,340
0,345,335
0,336,344
0,337,352
0,343,338
0,354,339
0,364,342
0,349,363
0,350,360
0,353,367
0,355,356
0,359,369
0,361,371
0,362,365
0,370,368
0,372,374
0,373,379
0,375,406
0,376,401
0,389,377
0,382,378
0,380,381
0,390,383
0,384,387
0,385,404
0,386,393
0,408,388
0,391,399
0,392,413
0,394,396
0,397,395
0,407,398
0,402,400
0,411,403
0,405,412
0,410,409
0,414,428
0,415,416
0,421,417
0,425,418
0,459,419
0,430,420
0,422,463
0,423,468
0,480,424
0,488,426
0,427,482
0,429,456
0,431,465
0,448,432
0,443,433
0,442,434
0,435,478
0,436,479
0,437,454
0,438,481
0,439,445
0,440,449
0,441,485
0,444,455
0,493,446
0,490,447
0,450,453
0,451,452
0,477,457
0,458,486
0,461,460
0,492,462
0,464,484
0,467,466
0,475,469
0,470,473
0,471,474
0,483,472
0,476,487
0,491,489
0,494,507
0,497,495
0,496,519
0,499,498
0,549,500
0,558,501
0,502,573
0,554,503
0,514,504
0,566,505
0,569,506
0,508,560
0,579,509
0,510,516
0,574,511
0,512,551
0,520,513
0,515,571
0,526,517
0,518,525
0,522,521
0,523,550
0,535,524
0,532,527
0,528,534
0,529,531
0,557,530
0,533,541
0,548,536
0,537,572
0,559,538
0,565,539
0,556,540
0,576,542
0,547,543
0,544,568
0,567,545
0,564,546
0,575,552
0,553,563
0,570,555
0,562,561
0,578,577
0,582,580
0,581,589
0,595,583
0,584,591
0,585,598
0,596,586
0,594,587
0,588,597
0,590,599
0,593,592
0,612,600
0,601,633
0,602,616
0,650,603
0,604,615
0,626,605
0,606,628
0,651,607
0,646,608
0,631,609
0,614,610
0,611,645
0,613,652
0,624,617
0,618,621
0,643,619
0,620,641
0,622,635
0,644,623
0,640,625
0,649,627
0,629,630
0,632,648
0,657,634
0,636,656
0,653,637
0,638,654
0,639,647
0,655,642
0,658,660
0,659,697
0,682,661
0,662,704
0,663,711
0,664,679
0,665,703
0,669,666
0,702,667
0,668,671
0,670,695
0,672,678
0,673,683
0,706,674
0,675,710
0,676,701
0,677,681
0,696,680
0,699,684
0,685,714
0,686,698
0,687,705
0,689,688
0,690,717
0,716,691
0,707,692
0,693,694
0,712,700
0,708,709
0,713,715
1,27,0
1,1,22
1,10,2
1,11,3
1,12,4
1,5,9
1,6,15
1,7,8
1,23,13
1,14,17
1,16,33
1,19,18
1,21,20
1,24,28
1,25,26
1,29,31
1,30,32
1,63,34
1,46,35
1,43,36
1,57,37
1,51,38
1,39,50
1,42,40
1,59,41
1,47,44
1,62,45
1,53,48
1,52,49
1,56,54
1,55,64
1,61,58
1,65,60
1,68,66
1,67,80
1,69,137
1,70,78
1,71,88
1,120,72
1,110,73
1,74,119
1,75,85
1,101,76
1,77,79
1,81,109
1,82,87
1,83,118
1,84,133
1,141,86
1,89,95
1,102,90
1,91,131
1,92,99
1,135,93
1,94,134
1,96,123
1,125,97
1,98,139
1,100,130
1,103,138
1,104,148
1,108,105
1,106,128
1,136,107
1,129,111
1,112,145
1,114,113
1,150,115
1,116,151
1,117,126
1,121,124
1,122,127
1,132,144
1,140,142
1,143,146
1,147,149
1,213,152
1,218,153
1,154,192
1,176,155
1,156,197
1,169,157
1,158,187
1,209,159
1,160,211
1,161,190
1,162,210
1,163,201
1,164,221
1,165,212
1,167,166
1,191,168
1,170,185
1,171,207
1,172,173
1,174,195
1,179,175
1,198,177
1,217,178
1,181,180
1,182,216
1,184,183
1,196,186
1,204,188
1,189,202
1,214,193
1,194,208
1,219,199
1,220,200
1,215,203
1,205,206
1,222,233
1,238,223
1,237,224
1,228,225
1,226,231
1,227,229
1,230,232
1,235,234
1,241,236
1,240,239
1,242,246
1,252,243
1,249,244
1,250,245
1,247,253
1,248,251
1,266,254
1,255,306
1,256,318
1,257,319
1,317,258
1,298,259
1,260,268
1,261,269
1,262,308
1,263,300
1,264,273
1,307,265
1,267,309
1,296,270
1,271,276
1,272,315
1,274,313
1,277,275
1,303,278
1,279,290
1,280,283
1,293,281
1,282,325
1,305,284
1,286,285
1,287,289
1,312,288
1,295,291
1,292,294
1,297,299
1,301,310
1,311,302
1,304,320
1,314,316
1,322,321
1,324,323
1,326,370
1,327,356
1,357,328
1,334,329
1,330,332
1,331,351
1,342,333
1,335,343
1,336,338
1,339,337
1,364,340
1,341,366
1,344,349
1,361,345
1,347,346
1,369,348
1,350,355
1,352,358
1,353,360
1,363,354
1,368,359
1,371,362
1,367,365
1,372,381
1,373,404
1,374,378
1,412,375
1,400,376
1,377,385
1,401,379
1,380,382
1,383,393
1,384,410
1,390,386
1,387,411
1,409,388
1,406,389
1,397,391
1,394,392
1,395,398
1,413,396
1,407,399
1,402,405
1,408,403
1,429,414
1,488,415
1,447,416
1,420,417
1,418,468
1,419,465
1,431,421
1,467,422
1,430,423
1,424,485
1,425,466
1,426,472
1,484,427
1,428,442
1,432,437
1,479,433
1,434,435
1,478,436
1,482,438
1,452,439
1,440,459
1,460,441
1,456,443
1,444,476
1,455,445
1,483,446
1,481,448
1,449,464
1,451,450
1,453,475
1,454,458
1,457,487
1,462,461
1,463,480
1,470,469
1,471,490
1,473,493
1,474,492
1,477,491
1,486,489
1,494,573
1,519,495
1,569,496
1,497,527
1,498,556
1,548,499
1,500,579
1,501,540
1,558,502
1,504,503
1,505,568
1,516,506
1,507,559
1,538,508
1,509,549
1,577,510
1,511,520
1,545,512
1,513,574
1,571,514
1,515,565
1,517,518
1,521,554
1,522,544
1,523,542
1,541,524
1,525,567
1,551,526
1,561,528
1,534,529
1,530,570
1,531,563
1,564,532
1,533,535
1,550,536
1,539,537
1,543,578
1,546,547
1,562,552
1,575,553
1,555,557
1,560,576
1,572,566
1,586,580
1,582,581
1,583,591
1,584,596
1,590,585
1,587,597
1,589,588
1,592,594
1,598,593
1,599,595
1,645,600
1,601,629
1,602,638
1,603,607
1,651,604
1,605,640
1,633,606
1,608,612
1,609,613
1,648,610
1,639,611
1,615,614
1,616,649
1,643,617
1,618,655
1,619,636
1,620,644
1,637,621
1,622,653
1,623,657
1,641,624
1,625,647
1,646,626
1,627,650
1,628,656
1,630,631
1,632,652
1,634,635
1,654,642
1,714,658
1,659,707
1,660,693
1,697,661
1,711,662
1,692,663
1,678,664
1,687,665
1,666,672
1,667,684
1,669,668
1,706,670
1,679,671
1,710,673
1,674,694
1,709,675
1,681,676
1,677,685
1,680,701
1,682,688
1,683,702
1,686,699
1,689,691
1,704,690
1,695,708
1,715,696
1,698,713
1,700,716
1,703,705
1,717,712
2,0,3
2,16,1
2,12,2
2,4,7
2,8,5
2,23,6
2,15,9
2,11,10
2,13,24
2,14,30
2,17,29
2,18,32
2,20,19
2,31,21
2,28,22
2,33,25
2,26,27
2,34,62
2,35,42
2,57,36
2,37,39
2,38,43
2,40,51
2,50,41
2,44,52
2,45,47
2,56,46
2,54,48
2,49,53
2,63,55
2,60,58
2,59,65
2,64,61
2,78,66
2,110,67
2,68,79
2,70,69
2,117,71
2,72,140
2,109,73
2,81,74
2,76,75
2,137,77
2,80,126
2,82,119
2,86,83
2,94,84
2,89,85
2,87,142
2,88,141
2,90,100
2,92,91
2,134,93
2,95,133
2,131,96
2,151,97
2,130,98
2,99,129
2,101,135
2,144,102
2,148,103
2,138,104
2,105,122
2,106,108
2,107,121
2,111,132
2,146,112
2,113,115
2,114,116
2,118,120
2,123,125
2,124,128
2,150,127
2,139,136
2,147,143
2,149,145
2,199,152
2,153,213
2,154,179
2,155,158
2,212,156
2,157,181
2,159,203
2,210,160
2,161,176
2,190,162
2,197,163
2,206,164
2,169,165
2,166,209
2,168,167
2,170,196
2,171,214
2,182,172
2,173,184
2,185,174
2,175,219
2,192,177
2,178,191
2,180,195
2,200,183
2,186,216
2,221,187
2,188,218
2,201,189
2,208,193
2,207,194
2,198,217
2,202,205
2,220,204
2,211,215
2,231,222
2,239,223
2,232,224
2,236,225
2,228,226
2,227,230
2,233,229
2,234,241
2,240,235
2,237,238
2,245,242
2,246,243
2,248,244
2,247,249
2,250,253
2,251,252
2,254,317
2,255,307
2,257,256
2,280,258
2,259,272
2,270,260
2,315,261
2,262,266
2,319,263
2,271,264
2,265,323
2,267,293
2,299,268
2,269,296
2,313,273
2,277,274
2,276,275
2,278,304
2,279,312
2,281,318
2,291,282
2,288,283
2,289,284
2,285,322
2,306,286
2,310,287
2,290,321
2,308,292
2,294,295
2,309,297
2,300,298
2,302,301
2,303,305
2,320,311
2,325,314
2,324,316
2,359,326
2,337,327
2,328,339
2,340,329
2,347,330
2,333,331
2,332,364
2,362,334
2,335,361
2,345,336
2,338,349
2,341,342
2,343,354
2,363,344
2,366,346
2,370,348
2,367,350
2,351,371
2,360,352
2,369,353
2,365,355
2,356,357
2,358,368
2,379,372
2,378,373
2,376,374
2,375,413
2,381,377
2,404,380
2,382,401
2,386,383
2,388,384
2,385,406
2,387,408
2,389,402
2,403,390
2,391,394
2,392,412
2,393,397
2,396,395
2,398,411
2,399,410
2,405,400
2,409,407
2,414,434
2,415,483
2,416,458
2,417,424
2,465,418
2,468,419
2,420,467
2,421,430
2,423,422
2,485,425
2,446,426
2,427,463
2,428,479
2,433,429
2,466,431
2,481,432
2,436,435
2,464,437
2,438,484
2,439,451
2,441,440
2,442,456
2,478,443
2,457,444
2,445,471
2,489,447
2,448,449
2,473,450
2,475,452
2,469,453
2,476,454
2,455,477
2,459,462
2,492,460
2,461,488
2,472,470
2,474,493
2,480,482
2,486,491
2,487,490
2,570,494
2,495,520
2,513,496
2,578,497
2,540,498
2,499,558
2,500,548
2,555,501
2,574,502
2,503,522
2,568,504
2,505,515
2,506,564
2,507,508
2,509,550
2,510,532
2,573,511
2,526,512
2,514,565
2,547,516
2,551,517
2,518,567
2,519,577
2,537,521
2,566,523
2,524,553
2,536,525
2,527,569
2,556,528
2,529,561
2,530,562
2,531,557
2,542,533
2,552,534
2,549,535
2,538,572
2,571,539
2,563,541
2,546,543
2,544,545
2,554,579
2,559,560
2,576,575
2,580,596
2,581,599
2,589,582
2,583,584
2,585,586
2,587,598
2,588,592
2,593,590
2,591,595
2,597,594
2,600,628
2,610,601
2,621,602
2,603,633
2,604,614
2,625,605
2,606,650
2,607,627
2,616,608
2,629,609
2,611,646
2,612,639
2,613,648
2,615,651
2,617,620
2,656,618
2,619,637
2,634,622
2,636,623
2,642,624
2,640,626
2,630,632
2,652,631
2,635,657
2,649,638
2,641,655
2,653,643
2,654,644
2,647,645
2,658,700
2,692,659
2,660,703
2,661,662
2,663,682
2,664,669
2,665,679
2,705,666
2,667,717
2,668,687
2,670,707
2,671,678
2,691,672
2,693,673
2,674,675
2,684,676
2,698,677
2,694,680
2,681,715
2,716,683
2,701,685
2,696,686
2,688,711
2,704,689
2,712,690
2,709,695
2,710,697
2,713,699
2,702,714
2,708,706
3,0,23
3,1,25
3,2,11
3,3,5
3,4,8
3,24,6
3,7,15
3,9,12
3,10,33
3,13,31
3,29,14
3,30,16
3,17,20
3,21,18
3,32,19
3,22,26
3,28,27
3,49,34
3,47,35
3,36,40
3,37,50
3,38,59
3,41,39
3,43,42
3,44,53
3,55,45
3,46,64
3,48,52
3,51,57
3,58,54
3,62,56
3,61,60
3,65,63
3,66,116
3,67,81
3,69,68
3,115,70
3,71,82
3,119,72
3,73,101
3,74,114
3,133,75
3,79,76
3,134,77
3,78,137
3,109,80
3,83,120
3,84,95
3,85,110
3,86,87
3,140,88
3,135,89
3,90,91
3,98,92
3,93,94
3,96,130
3,97,148
3,100,99
3,139,102
3,103,151
3,149,104
3,107,105
3,136,106
3,121,108
3,112,111
3,142,113
3,141,117
3,126,118
3,123,122
3,127,124
3,125,138
3,128,150
3,129,132
3,145,131
3,143,144
3,146,147
3,152,157
3,153,169
3,167,154
3,155,215
3,156,205
3,158,188
3,193,159
3,160,208
3,204,161
3,162,176
3,165,163
3,212,164
3,168,166
3,186,170
3,192,171
3,172,184
3,216,173
3,174,217
3,175,180
3,177,191
3,197,178
3,185,179
3,195,181
3,183,182
3,187,201
3,189,221
3,203,190
3,194,214
3,196,200
3,213,198
3,218,199
3,202,206
3,209,207
3,211,210
3,219,220
3,222,227
3,223,241
3,224,233
3,225,226
3,232,228
3,229,237
3,230,231
3,238,234
3,235,239
3,236,240
3,242,248
3,243,251
3,244,247
3,253,245
3,246,252
3,249,250
3,292,254
3,281,255
3,268,256
3,272,257
3,258,320
3,299,259
3,314,260
3,261,270
3,318,262
3,263,267
3,264,294
3,286,265
3,266,309
3,297,269
3,275,271
3,273,277
3,325,274
3,282,276
3,322,278
3,316,279
3,284,280
3,283,287
3,285,317
3,289,288
3,311,290
3,308,291
3,293,324
3,295,313
3,296,300
3,298,319
3,304,301
3,302,310
3,312,303
3,307,305
3,321,306
3,323,315
3,326,339
3,327,328
3,329,342
3,330,341
3,331,347
3,346,332
3,340,333
3,355,334
3,336,335
3,358,337
3,354,338
3,349,343
3,344,345
3,348,350
3,351,365
3,352,359
3,353,370
3,356,367
3,357,369
3,368,360
3,361,363
3,366,362
3,371,364
3,404,372
3,381,373
3,374,405
3,383,375
3,376,402
3,377,378
3,379,389
3,380,385
3,400,382
3,384,396
3,386,388
3,410,387
3,411,390
3,398,391
3,393,392
3,395,394
3,397,399
3,406,401
3,403,409
3,407,408
3,413,412
3,479,414
3,447,415
3,416,428
3,417,430
3,418,485
3,419,441
3,456,420
3,443,421
3,422,465
3,431,423
3,424,466
3,425,460
3,426,462
3,432,427
3,488,429
3,433,436
3,434,478
3,435,442
3,437,438
3,469,439
3,440,448
3,458,444
3,445,477
3,472,446
3,449,454
3,450,455
3,453,451
3,452,473
3,489,457
3,459,461
3,463,464
3,468,467
3,470,471
3,475,474
3,476,486
3,484,480
3,482,481
3,490,483
3,491,487
3,493,492
3,502,494
3,496,495
3,497,569
3,498,555
3,557,499
3,517,500
3,501,564
3,568,503
3,504,571
3,521,505
3,506,547
3,560,507
3,508,573
3,525,509
3,527,510
3,570,511
3,512,522
3,543,513
3,514,566
3,572,515
3,516,519
3,518,544
3,520,574
3,533,523
3,536,524
3,579,526
3,528,562
3,529,556
3,563,530
3,561,531
3,532,577
3,553,534
3,535,548
3,565,537
3,539,538
3,540,558
3,541,542
3,545,551
3,578,546
3,550,549
3,552,576
3,567,554
3,575,559
3,580,591
3,586,581
3,592,582
3,596,583
3,595,584
3,593,585
3,599,587
3,594,588
3,590,589
3,598,597
3,600,616
3,648,601
3,649,602
3,614,603
3,650,604
3,605,610
3,631,606
3,632,607
3,608,640
3,609,630
3,647,611
3,646,612
3,613,615
3,617,642
3,618,636
3,624,619
3,643,620
3,657,621
3,622,656
3,623,634
3,639,625
3,626,645
3,627,628
3,633,629
3,635,637
3,638,653
3,644,641
3,652,651
3,655,654
3,684,658
3,662,659
3,699,660
3,663,661
3,666,664
3,671,665
3,691,667
3,714,668
3,669,678
3,675,670
3,672,700
3,673,674
3,676,677
3,679,705
3,693,680
3,686,681
3,690,682
3,696,683
3,685,713
3,703,687
3,688,704
3,711,689
3,708,692
3,694,698
3,695,706
3,697,709
3,715,701
3,717,702
3,707,710
3,716,712
4,33,0
4,1,24
4,27,2
4,3,15
4,5,4
4,6,28
4,10,7
4,8,9
4,11,12
4,19,13
4,31,14
4,16,32
4,21,17
4,30,18
4,20,29
4,25,22
4,26,23
4,34,47
4,35,62
4,42,36
4,43,37
4,40,38
4,39,61
4,41,51
4,63,44
4,48,45
4,55,46
4,54,49
4,50,57
4,52,56
4,53,64
4,58,65
4,59,60
4,80,66
4,68,67
4,115,69
4,104,70
4,118,71
4,114,72
4,83,73
4,113,74
4,75,134
4,85,76
4,77,112
4,116,78
4,89,79
4,110,81
4,82,117
4,84,135
4,142,86
4,87,140
4,88,136
4,92,90
4,91,100
4,95,93
4,133,94
4,106,96
4,97,103
4,132,98
4,99,139
4,101,109
4,102,138
4,105,123
4,108,107
4,111,145
4,119,126
4,120,141
4,121,127
4,122,128
4,125,124
4,143,129
4,130,131
4,137,149
4,144,146
4,147,148
4,151,150
4,152,153
4,194,154
4,210,155
4,156,198
4,157,218
4,215,158
4,159,190
4,207,160
4,161,211
4,162,203
4,163,202
4,164,187
4,206,165
4,166,193
4,171,167
4,208,168
4,169,189
4,174,170
4,217,172
4,173,197
4,181,175
4,176,188
4,177,216
4,178,186
4,179,196
4,180,200
4,184,182
4,183,213
4,220,185
4,191,192
4,195,199
4,201,221
4,204,219
4,205,212
4,214,209
4,222,225
4,234,223
4,240,224
4,226,229
4,227,232
4,228,230
4,233,231
4,241,235
4,237,236
4,239,238
4,251,242
4,245,243
4,253,244
4,250,246
4,252,247
4,248,249
4,277,254
4,255,286
4,256,296
4,257,268
4,258,290
4,259,319
4,260,261
4,262,293
4,266,263
4,264,325
4,265,285
4,291,267
4,269,299
4,270,300
4,294,271
4,318,272
4,274,273
4,275,295
4,313,276
4,305,278
4,279,283
4,280,314
4,324,281
4,292,282
4,284,311
4,287,303
4,288,320
4,301,289
4,297,298
4,323,302
4,310,304
4,306,307
4,309,308
4,321,312
4,315,316
4,317,322
4,326,348
4,359,327
4,370,328
4,362,329
4,364,330
4,346,331
4,333,332
4,334,356
4,335,338
4,343,336
4,360,337
4,339,349
4,341,340
4,342,351
4,344,361
4,345,354
4,347,365
4,350,353
4,368,352
4,355,357
4,369,358
4,363,371
4,367,366
4,372,380
4,373,377
4,402,374
4,375,376
4,378,381
4,400,379
4,382,404
4,388,383
4,390,384
4,385,405
4,387,386
4,401,389
4,413,391
4,392,395
4,396,393
4,394,403
4,397,409
4,399,398
4,412,406
4,411,407
4,408,410
4,456,414
4,415,426
4,483,416
4,423,417
4,418,419
4,465,420
4,467,421
4,480,422
4,424,463
4,429,425
4,427,438
4,428,433
4,430,431
4,432,464
4,434,479
4,435,458
4,457,436
4,481,437
4,455,439
4,485,440
4,441,459
4,442,443
4,444,478
4,454,445
4,446,447
4,482,448
4,449,484
4,450,469
4,451,475
4,486,452
4,473,453
4,460,493
4,492,461
4,462,488
4,466,468
4,474,470
4,471,472
4,477,476
4,487,489
4,491,490
4,494,560
4,495,547
4,496,527
4,513,497
4,557,498
4,499,549
4,500,512
4,556,501
4,502,508
4,503,521
4,554,504
4,505,514
4,546,506
4,507,520
4,526,509
4,510,578
4,511,552
4,515,568
4,569,516
4,517,544
4,545,518
4,519,532
4,522,567
4,523,535
4,524,550
4,551,525
4,528,530
4,562,529
4,531,570
4,533,563
4,534,561
4,541,536
4,566,537
4,571,538
4,539,575
4,548,540
4,542,553
4,577,543
4,558,555
4,559,572
4,564,579
4,576,565
4,573,574
4,584,580
4,581,596
4,582,583
4,585,587
4,586,595
4,588,598
4,589,597
4,592,590
4,591,599
4,594,593
4,646,600
4,601,614
4,602,627
4,603,606
4,604,652
4,605,633
4,607,639
4,625,608
4,648,609
4,610,631
4,626,611
4,645,612
4,651,613
4,615,650
4,616,647
4,641,617
4,654,618
4,642,619
4,620,623
4,621,655
4,636,622
4,624,653
4,628,649
4,632,629
4,640,630
4,637,634
4,656,635
4,638,657
4,644,643
4,658,672
4,659,663
4,705,660
4,661,688
4,689,662
4,668,664
4,665,669
4,679,666
4,714,667
4,670,693
4,687,671
4,695,673
4,674,708
4,675,694
4,680,676
4,677,715
4,678,703
4,681,716
4,682,704
4,683,686
4,685,684
4,690,691
4,692,697
4,713,696
4,698,699
4,700,717
4,701,702
4,706,710
4,709,707
4,712,711
5,0,25
5,6,1
5,2,33
5,9,3
5,4,11
5,7,5
5,15,8
5,12,10
5,16,13
5,14,19
5,17,30
5,18,31
5,20,32
5,29,21
5,27,22
5,23,28
5,24,26
5,45,34
5,35,48
5,36,41
5,37,38
5,60,39
5,40,59
5,42,51
5,50,43
5,49,44
5,46,63
5,47,54
5,52,53
5,62,55
5,56,65
5,57,61
5,64,58
5,66,79
5,67,115
5,78,68
5,69,111
5,70,116
5,71,119
5,72,142
5,126,73
5,74,118
5,94,75
5,76,89
5,138,77
5,81,80
5,86,82
5,117,83
5,109,84
5,95,85
5,87,141
5,120,88
5,90,98
5,91,139
5,136,92
5,93,133
5,96,105
5,123,97
5,99,130
5,100,129
5,101,110
5,112,102
5,104,103
5,106,107
5,127,108
5,140,113
5,150,114
5,122,121
5,124,143
5,148,125
5,128,151
5,131,132
5,135,134
5,147,137
5,145,144
5,149,146
5,169,152
5,184,153
5,154,168
5,155,162
5,201,156
5,199,157
5,158,204
5,208,159
5,160,214
5,161,203
5,198,163
5,164,202
5,221,165
5,166,192
5,167,207
5,170,191
5,171,209
5,200,172
5,173,217
5,175,174
5,176,210
5,212,177
5,178,185
5,186,179
5,180,183
5,196,181
5,182,213
5,187,206
5,188,215
5,189,205
5,190,211
5,193,194
5,219,195
5,216,197
5,220,218
5,229,222
5,223,240
5,224,234
5,225,227
5,230,226
5,233,228
5,231,232
5,235,238
5,239,236
5,237,241
5,243,242
5,251,244
5,252,245
5,246,248
5,247,250
5,249,253
5,254,265
5,317,255
5,260,256
5,270,257
5,274,258
5,259,262
5,261,272
5,308,263
5,313,264
5,267,266
5,268,269
5,271,295
5,273,275
5,276,294
5,282,277
5,278,286
5,314,279
5,290,280
5,315,281
5,283,284
5,306,285
5,288,287
5,289,302
5,291,292
5,293,323
5,298,296
5,319,297
5,299,318
5,300,309
5,303,301
5,305,304
5,322,307
5,324,310
5,311,321
5,320,312
5,316,325
5,328,326
5,327,370
5,329,346
5,342,330
5,331,340
5,332,351
5,333,347
5,354,334
5,349,335
5,336,371
5,337,361
5,338,345
5,339,344
5,341,364
5,343,363
5,348,368
5,357,350
5,352,369
5,359,353
5,367,355
5,356,362
5,360,358
5,365,366
5,377,372
5,373,376
5,374,413
5,405,375
5,404,378
5,379,380
5,401,381
5,385,382
5,383,395
5,384,403
5,412,386
5,387,407
5,388,390
5,389,400
5,391,393
5,398,392
5,409,394
5,396,397
5,408,399
5,406,402
5,410,411
5,414,435
5,446,415
5,462,416
5,417,463
5,460,418
5,440,419
5,420,431
5,421,466
5,422,424
5,485,423
5,425,488
5,461,426
5,481,427
5,428,429
5,468,430
5,484,432
5,433,456
5,436,434
5,437,482
5,438,449
5,439,453
5,441,492
5,478,442
5,479,443
5,444,454
5,445,451
5,447,483
5,448,450
5,452,474
5,458,455
5,476,457
5,493,459
5,464,480
5,465,467
5,469,473
5,489,470
5,475,471
5,472,491
5,487,477
5,490,486
5,494,531
5,495,543
5,497,496
5,498,558
5,550,499
5,500,518
5,501,527
5,511,502
5,503,545
5,504,539
5,538,505
5,506,519
5,507,513
5,574,508
5,509,517
5,564,510
5,512,525
5,514,515
5,516,546
5,573,520
5,568,521
5,522,551
5,553,523
5,563,524
5,567,526
5,555,528
5,530,529
5,578,532
5,534,533
5,535,536
5,537,559
5,540,557
5,556,541
5,552,542
5,544,554
5,547,577
5,549,548
5,572,560
5,561,576
5,570,562
5,565,571
5,566,575
5,579,569
5,580,581
5,595,582
5,583,599
5,584,589
5,597,585
5,591,586
5,587,590
5,593,588
5,598,592
5,596,594
5,649,600
5,613,601
5,602,628
5,652,603
5,627,604
5,631,605
5,606,640
5,607,650
5,608,645
5,609,615
5,610,632
5,611,625
5,612,616
5,614,651
5,623,617
5,634,618
5,619,641
5,637,620
5,621,638
5,622,624
5,647,626
5,629,648
5,630,633
5,635,636
5,639,646
5,642,644
5,655,643
5,653,654
5,657,656
5,658,699
5,704,659
5,660,698
5,711,661
5,692,662
5,663,712
5,664,687
5,705,665
5,678,666
5,667,685
5,691,668
5,671,669
5,670,674
5,672,688
5,673,709
5,693,675
5,676,713
5,701,677
5,703,679
5,680,681
5,689,682
5,683,717
5,715,684
5,694,686
5,716,690
5,710,695
5,702,696
5,697,708
5,700,714
5,707,706
6,22,0
6,1,23
6,3,2
6,33,4
6,12,5
6,26,6
6,9,7
6,11,8
6,10,15
6,13,20
6,14,27
6,28,16
6,19,17
6,29,18
6,32,21
6,25,24
6,31,30
6,34,36
6,63,35
6,37,64
6,38,60
6,39,40
6,41,42
6,57,43
6,44,45
6,58,46
6,47,62
6,48,49
6,51,50
6,54,52
6,53,56
6,65,55
6,61,59
6,66,81
6,79,67
6,68,110
6,69,78
6,77,70
6,83,71
6,72,87
6,73,82
6,80,74
6,75,95
6,84,76
6,93,85
6,88,86
6,89,94
6,136,90
6,98,91
6,92,108
6,129,96
6,97,128
6,131,99
6,139,100
6,134,101
6,111,102
6,103,137
6,125,104
6,105,144
6,121,106
6,107,122
6,126,109
6,130,112
6,151,113
6,114,140
6,127,115
6,116,150
6,117,120
6,118,119
6,124,123
6,146,132
6,133,135
6,138,147
6,141,142
6,145,143
6,148,149
6,152,184
6,153,183
6,154,166
6,188,155
6,202,156
6,157,180
6,211,158
6,207,159
6,194,160
6,162,161
6,177,163
6,205,164
6,165,187
6,167,208
6,168,214
6,221,169
6,198,170
6,191,171
6,172,216
6,213,173
6,174,179
6,218,175
6,190,176
6,192,178
6,181,219
6,200,182
6,185,186
6,206,189
6,209,193
6,195,196
6,197,217
6,199,220
6,212,201
6,203,204
6,215,210
6,222,230
6,223,235
6,236,224
6,232,225
6,226,233
6,227,231
6,229,228
6,234,237
6,238,240
6,241,239
6,242,249
6,244,243
6,246,245
6,247,248
6,250,251
6,253,252
6,254,255
6,256,270
6,257,269
6,258,313
6,281,259
6,272,260
6,316,261
6,309,262
6,263,293
6,264,282
6,265,306
6,271,266
6,308,267
6,298,268
6,325,273
6,275,274
6,276,277
6,285,278
6,279,280
6,283,305
6,284,290
6,286,322
6,287,324
6,302,288
6,320,289
6,294,291
6,295,292
6,296,297
6,319,299
6,300,318
6,301,323
6,310,303
6,304,321
6,307,317
6,312,311
6,314,315
6,327,326
6,355,328
6,365,329
6,330,333
6,332,331
6,334,367
6,371,335
6,363,336
6,337,359
6,338,339
6,340,342
6,351,341
6,361,343
6,344,354
6,345,349
6,346,364
6,362,347
6,358,348
6,368,350
6,353,352
6,366,356
6,357,370
6,369,360
6,376,372
6,380,373
6,374,412
6,375,402
6,382,377
6,378,385
6,379,404
6,381,389
6,383,413
6,386,384
6,403,387
6,407,388
6,390,410
6,395,391
6,392,396
6,393,394
6,398,397
6,399,409
6,400,401
6,405,406
6,411,408
6,426,414
6,415,461
6,416,446
6,418,417
6,419,485
6,443,420
6,456,421
6,430,422
6,424,423
6,468,425
6,480,427
6,488,428
6,429,478
6,431,467
6,432,482
6,433,434
6,479,435
6,442,436
6,484,437
6,464,438
6,454,439
6,492,440
6,449,441
6,483,444
6,445,452
6,491,447
6,453,448
6,450,474
6,469,451
6,455,476
6,486,457
6,458,487
6,459,460
6,493,462
6,463,481
6,466,465
6,470,475
6,473,471
6,472,489
6,477,490
6,574,494
6,513,495
6,520,496
6,546,497
6,548,498
6,499,501
6,550,500
6,502,507
6,551,503
6,505,504
6,577,506
6,508,511
6,535,509
6,510,569
6,512,544
6,543,514
6,515,539
6,516,579
6,545,517
6,518,522
6,519,578
6,521,567
6,524,523
6,525,526
6,527,564
6,563,528
6,529,570
6,531,530
6,532,547
6,553,533
6,542,534
6,536,549
6,571,537
6,538,566
6,540,555
6,558,541
6,561,552
6,554,568
6,557,556
6,576,559
6,560,573
6,575,562
6,572,565
6,589,580
6,581,583
6,582,593
6,586,584
6,585,592
6,587,588
6,590,598
6,597,591
6,594,595
6,599,596
6,600,647
6,609,601
6,655,602
6,651,603
6,604,613
6,605,632
6,606,607
6,608,611
6,629,610
6,625,612
6,650,614
6,615,652
6,616,646
6,617,644
6,618,649
6,623,619
6,620,622
6,654,621
6,635,624
6,626,639
6,656,627
6,628,634
6,630,648
6,633,631
6,657,636
6,638,637
6,645,640
6,643,641
6,653,642
6,685,658
6,659,706
6,660,694
6,661,700
6,662,697
6,687,663
6,703,664
6,665,668
6,666,671
6,672,667
6,669,705
6,709,670
6,673,675
6,674,710
6,696,676
6,713,677
6,679,678
6,686,680
6,681,701
6,682,711
6,704,683
6,684,698
6,688,712
6,690,689
6,691,714
6,695,692
6,699,693
6,702,715
6,708,707
6,717,716
7,0,26
7,33,1
7,28,2
7,7,3
7,4,9
7,5,11
7,6,22
7,8,10
7,15,12
7,18,13
7,21,14
7,16,29
7,17,32
7,30,19
7,31,20
7,23,25
7,24,27
7,42,34
7,35,49
7,36,61
7,51,37
7,50,38
7,59,39
7,43,40
7,41,57
7,60,44
7,45,54
7,46,53
7,52,47
7,62,48
7,55,58
7,56,63
7,64,65
7,110,66
7,67,78
7,68,109
7,112,69
7,70,138
7,71,87
7,141,72
7,120,73
7,74,126
7,101,75
7,95,76
7,77,89
7,79,93
7,113,80
7,81,114
7,82,83
7,85,84
7,86,136
7,142,88
7,90,99
7,91,129
7,92,100
7,135,94
7,96,107
7,97,124
7,98,131
7,102,145
7,150,103
7,147,104
7,105,121
7,122,106
7,108,128
7,143,111
7,115,151
7,139,116
7,119,117
7,118,140
7,123,127
7,137,125
7,132,130
7,134,133
7,144,149
7,146,148
7,180,152
7,153,199
7,191,154
7,189,155
7,156,206
7,157,182
7,210,158
7,159,211
7,162,160
7,161,215
7,163,212
7,164,169
7,218,165
7,171,166
7,193,167
7,194,168
7,170,192
7,172,175
7,173,200
7,196,174
7,176,187
7,197,177
7,179,178
7,183,181
7,184,213
7,217,185
7,186,195
7,220,188
7,204,190
7,216,198
7,202,201
7,219,203
7,205,221
7,214,207
7,209,208
7,228,222
7,230,223
7,224,235
7,231,225
7,232,226
7,233,227
7,240,229
7,236,234
7,237,239
7,241,238
7,242,250
7,243,247
7,245,244
7,249,246
7,248,252
7,251,253
7,275,254
7,255,265
7,269,256
7,315,257
7,321,258
7,293,259
7,260,296
7,261,314
7,262,263
7,264,295
7,266,308
7,292,267
7,268,300
7,297,270
7,274,271
7,281,272
7,273,276
7,277,313
7,301,278
7,311,279
7,280,325
7,282,294
7,312,283
7,284,287
7,285,324
7,323,286
7,288,310
7,303,289
7,290,316
7,309,291
7,299,298
7,305,302
7,307,304
7,306,317
7,318,319
7,322,320
7,326,337
7,352,327
7,328,356
7,347,329
7,330,340
7,364,331
7,341,332
7,351,333
7,342,334
7,335,344
7,354,336
7,363,338
7,339,371
7,343,345
7,346,365
7,348,359
7,349,361
7,350,369
7,358,353
7,366,355
7,368,357
7,370,360
7,367,362
7,372,373
7,399,374
7,375,401
7,376,405
7,377,379
7,378,380
7,381,382
7,387,383
7,384,408
7,402,385
7,413,386
7,388,410
7,404,389
7,409,390
7,412,391
7,397,392
7,395,393
7,394,411
7,396,398
7,406,400
7,403,407
7,488,414
7,462,415
7,461,416
7,417,422
7,418,441
7,419,425
7,420,466
7,421,442
7,423,463
7,431,424
7,426,493
7,427,437
7,436,428
7,429,479
7,467,430
7,432,480
7,435,433
7,434,443
7,448,438
7,439,450
7,460,440
7,487,444
7,476,445
7,446,490
7,447,472
7,451,449
7,452,453
7,455,454
7,478,456
7,457,458
7,485,459
7,481,464
7,465,468
7,471,469
7,470,491
7,474,473
7,475,492
7,486,477
7,482,484
7,489,483
7,494,529
7,495,532
7,496,510
7,543,497
7,549,498
7,499,555
7,500,525
7,501,557
7,513,502
7,567,503
7,504,537
7,565,505
7,506,578
7,511,507
7,508,520
7,536,509
7,517,512
7,568,514
7,515,538
7,577,516
7,526,518
7,546,519
7,521,545
7,522,554
7,523,563
7,533,524
7,579,527
7,528,531
7,530,534
7,541,535
7,539,572
7,569,540
7,542,575
7,544,551
7,564,547
7,548,550
7,552,553
7,558,556
7,559,573
7,560,574
7,570,561
7,562,576
7,566,571
7,583,580
7,595,581
7,584,582
7,588,585
7,599,586
7,593,587
7,598,589
7,594,590
7,596,591
7,592,597
7,600,602
7,601,630
7,603,615
7,607,604
7,605,639
7,627,606
7,647,608
7,610,609
7,611,616
7,640,612
7,613,650
7,652,614
7,619,617
7,618,635
7,624,620
7,621,634
7,622,623
7,626,625
7,628,657
7,631,629
7,632,633
7,636,637
7,656,638
7,641,654
7,642,643
7,644,653
7,646,645
7,648,651
7,649,655
7,668,658
7,659,661
7,677,660
7,662,663
7,664,665
7,666,703
7,667,700
7,669,679
7,670,708
7,671,705
7,714,672
7,694,673
7,695,674
7,675,686
7,715,676
7,678,687
7,680,713
7,681,702
7,683,682
7,684,701
7,699,685
7,688,691
7,689,716
7,711,690
7,706,692
7,698,693
7,717,696
7,697,707
7,712,704
7,709,710
8,6,0
8,27,1
8,2,9
8,8,3
8,10,4
8,15,5
8,12,7
8,11,33
8,22,13
8,32,14
8,26,16
8,17,31
8,20,18
8,19,21
8,24,23
8,25,28
8,29,30
8,34,46
8,35,36
8,37,60
8,61,38
8,39,51
8,40,57
8,43,41
8,50,42
8,44,48
8,49,45
8,53,47
8,52,65
8,54,55
8,56,58
8,64,59
8,63,62
8,69,66
8,67,77
8,70,68
8,71,120
8,72,74
8,73,119
8,135,75
8,76,133
8,78,115
8,80,79
8,126,81
8,82,118
8,83,88
8,93,84
8,85,101
8,140,86
8,87,136
8,89,134
8,131,90
8,102,91
8,151,92
8,94,95
8,124,96
8,104,97
8,99,98
8,100,132
8,103,147
8,127,105
8,106,139
8,145,107
8,108,122
8,109,110
8,111,146
8,143,112
8,116,113
8,114,141
8,117,142
8,121,150
8,128,123
8,149,125
8,129,130
8,138,137
8,148,144
8,183,152
8,182,153
8,154,171
8,155,204
8,177,156
8,213,157
8,158,161
8,210,159
8,160,190
8,215,162
8,173,163
8,201,164
8,165,189
8,166,191
8,167,194
8,168,209
8,169,205
8,179,170
8,198,172
8,178,174
8,175,196
8,176,211
8,180,184
8,200,181
8,185,195
8,186,219
8,187,202
8,188,199
8,192,197
8,207,193
8,203,220
8,206,212
8,208,214
8,216,217
8,221,218
8,222,232
8,231,223
8,224,241
8,225,229
8,235,226
8,227,228
8,230,233
8,239,234
8,238,236
8,240,237
8,253,242
8,250,243
8,244,246
8,245,248
8,247,251
8,252,249
8,291,254
8,322,255
8,256,261
8,314,257
8,273,258
8,259,297
8,269,260
8,267,262
8,263,318
8,274,264
8,265,293
8,266,292
8,270,268
8,271,277
8,319,272
8,294,275
8,295,276
8,278,307
8,279,284
8,280,312
8,316,281
8,313,282
8,290,283
8,323,285
8,317,286
8,287,321
8,303,288
8,289,311
8,296,308
8,298,309
8,300,299
8,324,301
8,304,302
8,310,305
8,320,306
8,325,315
8,356,326
8,327,339
8,337,328
8,329,355
8,331,330
8,332,342
8,333,364
8,334,366
8,354,335
8,336,349
8,338,361
8,340,351
8,365,341
8,344,343
8,345,363
8,362,346
8,347,367
8,360,348
8,350,370
8,371,352
8,357,353
8,359,358
8,369,368
8,372,382
8,373,374
8,386,375
8,406,376
8,404,377
8,389,378
8,402,379
8,380,400
8,385,381
8,412,383
8,393,384
8,388,387
8,408,390
8,391,396
8,392,399
8,398,394
8,413,395
8,407,397
8,401,405
8,410,403
8,411,409
8,414,415
8,416,426
8,485,417
8,440,418
8,466,419
8,468,420
8,421,465
8,422,431
8,423,467
8,430,424
8,425,459
8,464,427
8,428,456
8,434,429
8,449,432
8,433,442
8,457,435
8,443,436
8,437,480
8,438,455
8,477,439
8,441,448
8,444,486
8,445,450
8,446,491
8,471,447
8,474,451
8,452,469
8,453,470
8,454,487
8,458,476
8,460,462
8,461,493
8,463,482
8,472,492
8,473,475
8,479,478
8,484,481
8,483,488
8,490,489
8,511,494
8,527,495
8,496,543
8,497,577
8,498,501
8,556,499
8,509,500
8,520,502
8,503,505
8,504,515
8,510,506
8,507,574
8,559,508
8,512,567
8,573,513
8,514,539
8,578,516
8,517,522
8,551,518
8,547,519
8,544,521
8,523,536
8,524,542
8,525,549
8,526,548
8,528,570
8,563,529
8,561,530
8,531,540
8,532,546
8,552,533
8,534,562
8,550,535
8,537,538
8,555,541
8,554,545
8,576,553
8,557,558
8,575,560
8,569,564
8,565,566
8,579,568
8,571,572
8,580,595
8,581,584
8,591,582
8,586,583
8,596,585
8,587,592
8,588,599
8,589,593
8,597,590
8,598,594
8,611,600
8,601,631
8,602,654
8,604,603
8,629,605
8,639,606
8,607,640
8,608,626
8,609,632
8,633,610
8,612,647
8,614,613
8,648,615
8,645,616
8,617,622
8,637,618
8,644,619
8,620,642
8,621,649
8,635,623
8,643,624
8,625,646
8,627,657
8,636,628
8,652,630
8,634,656
8,655,638
8,641,653
8,650,651
8,658,667
8,708,659
8,660,686
8,661,704
8,690,662
8,663,697
8,664,671
8,665,666
8,668,672
8,703,669
8,710,670
8,707,673
8,693,674
8,675,695
8,676,698
8,677,699
8,705,678
8,687,679
8,680,702
8,696,681
8,682,712
8,694,683
8,714,684
8,685,715
8,716,688
8,700,689
8,691,717
8,692,711
8,701,713
8,706,709
9,1,0
9,2,8
9,3,12
9,4,15
9,5,33
9,25,6
9,7,11
9,9,10
9,13,21
9,14,16
9,18,17
9,19,29
9,30,20
9,22,24
9,23,27
9,28,26
9,32,31
9,48,34
9,45,35
9,36,51
9,59,37
9,38,41
9,39,43
9,40,50
9,57,42
9,62,44
9,46,52
9,47,49
9,58,53
9,54,63
9,55,56
9,60,64
9,65,61
9,66,126
9,109,67
9,81,68
9,138,69
9,112,70
9,140,71
9,72,86
9,73,118
9,74,117
9,75,93
9,76,135
9,77,102
9,79,78
9,110,80
9,88,82
9,87,83
9,84,101
9,94,85
9,133,89
9,90,139
9,99,91
9,107,92
9,134,95
9,96,122
9,150,97
9,129,98
9,100,131
9,149,103
9,137,104
9,124,105
9,151,106
9,136,108
9,144,111
9,113,141
9,142,114
9,115,116
9,119,120
9,123,121
9,125,147
9,128,127
9,130,148
9,132,143
9,146,145
9,152,218
9,153,180
9,193,154
9,155,161
9,163,156
9,165,157
9,158,176
9,159,160
9,211,162
9,189,164
9,214,166
9,191,167
9,168,171
9,199,169
9,170,197
9,172,183
9,182,173
9,174,186
9,175,200
9,217,177
9,196,178
9,192,179
9,181,213
9,184,216
9,219,185
9,187,205
9,203,188
9,190,210
9,209,194
9,195,220
9,212,198
9,201,206
9,221,202
9,204,215
9,207,208
9,226,222
9,223,237
9,238,224
9,225,230
9,239,227
9,228,241
9,229,231
9,233,232
9,234,240
9,236,235
9,242,247
9,243,253
9,244,252
9,249,245
9,246,251
9,248,250
9,254,273
9,255,266
9,272,256
9,257,260
9,258,325
9,318,259
9,268,261
9,262,291
9,263,309
9,276,264
9,317,265
9,267,275
9,270,269
9,282,271
9,292,274
9,277,295
9,278,306
9,315,279
9,311,280
9,281,314
9,283,304
9,312,284
9,307,285
9,286,324
9,287,301
9,288,316
9,321,289
9,320,290
9,293,319
9,313,294
9,296,299
9,300,297
9,308,298
9,302,303
9,305,322
9,310,323
9,352,326
9,358,327
9,328,359
9,329,367
9,330,346
9,342,331
9,340,332
9,333,341
9,365,334
9,335,363
9,361,336
9,348,337
9,338,344
9,339,345
9,371,343
9,366,347
9,349,354
9,356,350
9,364,351
9,353,368
9,355,362
9,360,357
9,370,369
9,378,372
9,382,373
9,374,406
9,400,375
9,379,376
9,377,380
9,381,404
9,383,384
9,389,385
9,395,386
9,390,387
9,403,388
9,391,392
9,393,398
9,394,397
9,396,412
9,399,411
9,401,402
9,405,413
9,410,407
9,409,408
9,414,461
9,415,444
9,416,488
9,417,431
9,459,418
9,419,460
9,420,421
9,422,485
9,466,423
9,424,468
9,467,425
9,426,483
9,427,449
9,435,428
9,443,429
9,465,430
9,438,432
9,478,433
9,456,434
9,436,458
9,437,455
9,439,476
9,463,440
9,462,441
9,442,479
9,453,445
9,489,446
9,447,470
9,448,484
9,450,452
9,451,471
9,454,477
9,491,457
9,482,464
9,469,474
9,490,472
9,492,473
9,493,475
9,480,481
9,487,486
9,508,494
9,495,510
9,532,496
9,519,497
9,498,550
9,540,499
9,535,500
9,501,569
9,502,570
9,503,544
9,521,504
9,505,554
9,506,579
9,573,507
9,509,548
9,560,511
9,518,512
9,527,513
9,572,514
9,543,515
9,516,564
9,525,517
9,520,559
9,545,522
9,541,523
9,524,557
9,549,526
9,529,528
9,530,558
9,562,531
9,536,533
9,534,575
9,537,576
9,538,565
9,539,566
9,542,563
9,577,546
9,547,578
9,567,551
9,574,552
9,553,561
9,555,556
9,568,571
9,580,598
9,591,581
9,582,586
9,583,587
9,599,584
9,585,594
9,590,588
9,592,589
9,597,593
9,595,596
9,600,608
9,615,601
9,657,602
9,603,627
9,606,604
9,630,605
9,628,607
9,633,609
9,610,613
9,612,611
9,614,648
9,616,626
9,617,635
9,638,618
9,619,620
9,656,621
9,637,622
9,623,643
9,624,644
9,645,625
9,651,629
9,631,632
9,634,636
9,640,639
9,642,641
9,647,646
9,654,649
9,650,652
9,653,655
9,698,658
9,711,659
9,713,660
9,661,692
9,662,682
9,704,663
9,705,664
9,678,665
9,666,687
9,667,681
9,679,668
9,672,669
9,673,670
9,671,703
9,674,709
9,683,675
9,676,685
9,684,677
9,715,680
9,686,693
9,688,690
9,712,689
9,700,691
9,699,694
9,707,695
9,701,696
9,697,706
9,702,716
9,710,708
9,717,714
